-127.5
-119.5
-99.5
-103.5
-83.5
-165.5
-143.5
-63.5
132.5
159.5
164.5
-91.5
-139.5
-114.5
-84.5
-24.5
-150.5
-139.5
-126.5
-126.5
63.5
-114.5
44.5
-164.5
124.5
-75.5
-157.5
-114.5
84.5
-111.5
48.5
50.5
-217.5
96.5
-134.5
-123.5
115.5
-82.5
-82.5
101.5
87.5
122.5
96.5
-3.5
-126.5
-74.5
-60.5
-92.5
-108.5
14.5
-87.5
-71.5
110.5
79.5
-158.5
-168.5
-131.5
-7.5
-143.5
-116.5
-80.5
-26.5
35.5
-102.5
101.5
121.5
-162.5
-137.5
186.5
-137.5
-108.5
208.5
105.5
-127.5
-61.5
-123.5
-94.5
-105.5
-120.5
-119.5
119.5
101.5
-96.5
-60.5
-121.5
140.5
-56.5
-52.5
78.5
-79.5
-71.5
-114.5
-59.5
0.5
29.5
22.5
-205.5
-57.5
-23.5
87.5
-122.5
80.5
34.5
-101.5
-154.5
-127.5
-98.5
124.5
-157.5
75.5
-105.5
22.5
-108.5
170.5
49.5
-11.5
-38.5
-147.5
-15.5
78.5
-62.5
61.5
-113.5
-141.5
79.5
-116.5
-90.5
18.5
-75.5
140.5
52.5
-134.5
-131.5
1.5
-114.5
-128.5
-18.5
75.5
111.5
-203.5
-116.5
78.5
-159.5
75.5
59.5
-69.5
-35.5
-95.5
63.5
34.5
-76.5
44.5
-50.5
-106.5
147.5
47.5
78.5
-117.5
-120.5
-83.5
93.5
-90.5
39.5
-115.5
-98.5
-87.5
145.5
78.5
-143.5
-10.5
45.5
-91.5
-132.5
-105.5
-61.5
-138.5
-94.5
131.5
-139.5
139.5
-58.5
-114.5
-120.5
-153.5
44.5
-183.5
-108.5
-78.5
-133.5
82.5
-2.5
56.5
-118.5
-77.5
-160.5
-90.5
16.5
61.5
-62.5
-85.5
-53.5
35.5
-73.5
-154.5
-59.5
-97.5
-110.5
-153.5
-176.5
-105.5
-47.5
41.5
-33.5
-178.5
107.5
-137.5
158.5
102.5
-106.5
27.5
-73.5
65.5
35.5
-82.5
-119.5
-83.5
-10.5
100.5
-168.5
211.5
8.5
-91.5
6.5
85.5
46.5
-97.5
-10.5
28.5
-141.5
48.5
-101.5
-147.5
-110.5
-163.5
-23.5
-171.5
-116.5
-62.5
39.5
10.5
-164.5
-14.5
-120.5
-29.5
-140.5
126.5
-77.5
117.5
-110.5
-18.5
-125.5
-69.5
58.5
-85.5
-68.5
116.5
160.5
-150.5
-140.5
-117.5
-112.5
87.5
-110.5
-23.5
-37.5
-243.5
-80.5
64.5
-163.5
-94.5
-88.5
3.5
-63.5
113.5
91.5
-48.5
-142.5
-98.5
-139.5
-169.5
-105.5
-91.5
68.5
48.5
-129.5
49.5
-11.5
-140.5
-123.5
-150.5
-129.5
-127.5
-135.5
81.5
-145.5
-121.5
63.5
109.5
74.5
-93.5
116.5
122.5
-63.5
-133.5
85.5
-119.5
60.5
-95.5
-114.5
-156.5
-37.5
92.5
-56.5
-98.5
166.5
-74.5
-133.5
7.5
-146.5
-82.5
61.5
96.5
-144.5
-126.5
101.5
-185.5
-152.5
111.5
-111.5
-86.5
-108.5
-137.5
-62.5
121.5
-116.5
-125.5
91.5
-115.5
-147.5
-25.5
-77.5
97.5
-120.5
-43.5
-114.5
-202.5
-66.5
-64.5
-97.5
-195.5
-99.5
-85.5
-95.5
89.5
97.5
77.5
69.5
-66.5
-4.5
103.5
-125.5
-76.5
-78.5
80.5
-189.5
-146.5
-89.5
-39.5
7.5
-102.5
-104.5
106.5
-64.5
65.5
3.5
-176.5
87.5
-96.5
-133.5
-77.5
-176.5
-134.5
-91.5
-7.5
-124.5
-146.5
-99.5
94.5
-97.5
-130.5
-122.5
-149.5
-135.5
-110.5
18.5
-120.5
-105.5
72.5
11.5
-65.5
-46.5
-135.5
-72.5
-134.5
-88.5
-184.5
33.5
198.5
-153.5
-19.5
-168.5
-115.5
131.5
-119.5
-97.5
-162.5
128.5
13.5
-30.5
-117.5
-133.5
-142.5
-91.5
-26.5
99.5
-143.5
194.5
-95.5
-241.5
-110.5
-92.5
-67.5
-84.5
-96.5
-83.5
-114.5
-45.5
-130.5
-152.5
-53.5
-177.5
-120.5
-140.5
-55.5
3.5
-110.5
-79.5
-222.5
-57.5
12.5
-67.5
-128.5
164.5
126.5
108.5
13.5
-26.5
-165.5
-189.5
-110.5
-118.5
-114.5
-157.5
-146.5
123.5
-162.5
48.5
-89.5
73.5
61.5
54.5
-71.5
-67.5
-104.5
-91.5
-101.5
2.5
187.5
-138.5
140.5
-55.5
-206.5
-87.5
-44.5
-207.5
-100.5
120.5
-166.5
-8.5
174.5
-232.5
-85.5
65.5
-121.5
-135.5
46.5
-102.5
-169.5
232.5
6.5
-120.5
-94.5
118.5
76.5
-110.5
45.5
129.5
-117.5
-168.5
-86.5
-97.5
-67.5
40.5
-92.5
85.5
61.5
-131.5
-154.5
-65.5
-23.5
31.5
111.5
-100.5
-56.5
-138.5
-92.5
139.5
-177.5
50.5
-91.5
89.5
-106.5
-124.5
-97.5
-83.5
6.5
-25.5
-198.5
-114.5
-90.5
168.5
80.5
-33.5
41.5
119.5
-154.5
-105.5
-138.5
-73.5
-132.5
-109.5
-159.5
-168.5
201.5
59.5
126.5
-82.5
109.5
54.5
44.5
65.5
120.5
-71.5
-111.5
-64.5
-63.5
-221.5
-38.5
-173.5
-111.5
-149.5
136.5
-159.5
57.5
103.5
-14.5
-30.5
-61.5
-154.5
-93.5
-115.5
-151.5
-94.5
98.5
-175.5
-161.5
-40.5
-159.5
-142.5
79.5
136.5
92.5
111.5
69.5
-118.5
-109.5
-22.5
-55.5
47.5
-25.5
-43.5
-120.5
102.5
-72.5
82.5
-150.5
-39.5
-2.5
-56.5
-172.5
-73.5
-200.5
-101.5
-130.5
-73.5
-53.5
-178.5
91.5
120.5
-155.5
129.5
-73.5
-82.5
-145.5
-57.5
-50.5
89.5
-104.5
73.5
105.5
-126.5
-53.5
-135.5
-135.5
-103.5
-66.5
-174.5
-77.5
18.5
-200.5
-3.5
-114.5
131.5
-71.5
108.5
-100.5
-217.5
-122.5
83.5
-107.5
88.5
-122.5
210.5
-102.5
-96.5
-120.5
-97.5
147.5
86.5
-77.5
-101.5
-132.5
-50.5
-51.5
-157.5
-0.5
-58.5
160.5
29.5
-122.5
200.5
19.5
-36.5
67.5
-158.5
-54.5
-152.5
-168.5
-158.5
-201.5
-196.5
-203.5
-124.5
-119.5
154.5
-84.5
-115.5
-160.5
-187.5
-108.5
106.5
114.5
-119.5
31.5
54.5
153.5
-154.5
18.5
-48.5
-146.5
-164.5
-49.5
-143.5
-68.5
-161.5
-81.5
-77.5
-87.5
27.5
-92.5
-138.5
-84.5
-61.5
-118.5
-43.5
-100.5
-120.5
-108.5
-172.5
-92.5
-131.5
-133.5
-124.5
-122.5
-102.5
111.5
-118.5
-106.5
120.5
44.5
-157.5
83.5
-100.5
-103.5
-136.5
-172.5
62.5
-132.5
-176.5
151.5
-108.5
-126.5
-112.5
-2.5
-98.5
97.5
-123.5
-193.5
-118.5
-133.5
-152.5
-75.5
-24.5
-90.5
138.5
-28.5
86.5
-20.5
-78.5
-88.5
30.5
87.5
-9.5
-39.5
84.5
-93.5
-175.5
28.5
-30.5
-101.5
-207.5
-124.5
-137.5
-167.5
-100.5
-18.5
33.5
-103.5
-59.5
-74.5
-92.5
-83.5
119.5
-167.5
-71.5
-138.5
157.5
-162.5
-77.5
-128.5
-157.5
50.5
-77.5
83.5
-43.5
-110.5
-14.5
54.5
-34.5
-23.5
-167.5
28.5
-6.5
75.5
-62.5
16.5
-65.5
-133.5
-141.5
-131.5
94.5
82.5
63.5
23.5
-140.5
-91.5
-129.5
-91.5
172.5
24.5
-186.5
74.5
22.5
-149.5
42.5
-83.5
-73.5
-102.5
105.5
16.5
-251.5
124.5
-55.5
143.5
-67.5
-80.5
-127.5
-87.5
-118.5
-180.5
-122.5
-7.5
-140.5
-104.5
-114.5
-118.5
-119.5
-94.5
-128.5
7.5
75.5
71.5
-88.5
-156.5
-176.5
-97.5
-69.5
55.5
78.5
-15.5
-95.5
113.5
147.5
-264.5
-206.5
-165.5
-81.5
-165.5
-18.5
-107.5
-174.5
-103.5
-90.5
-119.5
-16.5
-75.5
67.5
-38.5
-129.5
-105.5
-97.5
12.5
122.5
-91.5
-86.5
-172.5
-85.5
85.5
-138.5
-124.5
-125.5
-168.5
89.5
20.5
-171.5
-142.5
-128.5
-190.5
60.5
-52.5
-108.5
-98.5
138.5
13.5
-79.5
39.5
-73.5
-146.5
58.5
79.5
-30.5
-89.5
18.5
91.5
-188.5
-50.5
-92.5
-95.5
130.5
100.5
-109.5
-117.5
-119.5
-107.5
-66.5
-5.5
-142.5
-169.5
-147.5
52.5
75.5
-79.5
-163.5
-117.5
-69.5
-38.5
-156.5
-104.5
-123.5
36.5
107.5
-83.5
-156.5
-118.5
-173.5
-95.5
-17.5
-63.5
-155.5
-130.5
55.5
-131.5
-78.5
-100.5
-113.5
-139.5
-47.5
-102.5
90.5
-111.5
-158.5
-66.5
-145.5
-109.5
-24.5
-152.5
-102.5
-44.5
-115.5
24.5
21.5
-118.5
-147.5
-112.5
-135.5
-30.5
-80.5
-108.5
-90.5
-75.5
-136.5
137.5
-90.5
-31.5
-137.5
-158.5
119.5
-122.5
81.5
130.5
-90.5
-158.5
-43.5
-60.5
26.5
-181.5
-89.5
137.5
-95.5
112.5
-2.5
114.5
-95.5
-158.5
-101.5
156.5
-147.5
118.5
67.5
64.5
-120.5
138.5
72.5
-162.5
-113.5
-56.5
-17.5
58.5
15.5
54.5
-124.5
-109.5
-163.5
74.5
157.5
80.5
-146.5
-194.5
-78.5
-106.5
-121.5
-172.5
129.5
-206.5
-127.5
114.5
-79.5
45.5
-48.5
-0.5
-6.5
-225.5
9.5
-79.5
-156.5
126.5
118.5
-115.5
42.5
-58.5
-90.5
-116.5
-141.5
-170.5
-71.5
-141.5
-142.5
-202.5
133.5
85.5
-2.5
-146.5
-127.5
-110.5
69.5
-131.5
136.5
-79.5
88.5
-5.5
-99.5
86.5
34.5
-82.5
-68.5
75.5
-109.5
129.5
-110.5
-101.5
-124.5
-156.5
-103.5
78.5
-118.5
-214.5
-74.5
-103.5
-168.5
-122.5
-111.5
117.5
-57.5
-37.5
131.5
-35.5
-100.5
-158.5
-103.5
22.5
-82.5
116.5
-64.5
-60.5
-68.5
18.5
-143.5
116.5
-55.5
-84.5
78.5
-9.5
-117.5
65.5
-152.5
-40.5
68.5
-122.5
7.5
-0.5
-170.5
88.5
-84.5
80.5
-78.5
-141.5
-106.5
-100.5
-113.5
136.5
58.5
180.5
-150.5
-91.5
146.5
17.5
-166.5
30.5
76.5
-97.5
-98.5
108.5
-104.5
-172.5
-182.5
-182.5
-132.5
-153.5
-71.5
-177.5
54.5
-168.5
67.5
-145.5
72.5
79.5
75.5
-83.5
70.5
-167.5
-110.5
-111.5
-54.5
-103.5
50.5
-19.5
-163.5
31.5
117.5
-143.5
-201.5
-12.5
-122.5
-93.5
85.5
-131.5
-71.5
-158.5
-103.5
-97.5
-104.5
-89.5
101.5
51.5
-77.5
-153.5
-100.5
97.5
-109.5
-82.5
36.5
-166.5
154.5
-155.5
-94.5
141.5
82.5
-201.5
-80.5
34.5
-101.5
63.5
-197.5
-142.5
-87.5
215.5
-99.5
168.5
-124.5
48.5
68.5
-147.5
56.5
-73.5
-135.5
-184.5
-66.5
-35.5
-120.5
-94.5
89.5
-68.5
-181.5
-163.5
-40.5
-162.5
59.5
-125.5
-132.5
-98.5
-122.5
-49.5
-34.5
-68.5
-128.5
34.5
-12.5
-122.5
-106.5
-165.5
-205.5
-51.5
9.5
-156.5
-140.5
-87.5
-116.5
-85.5
-82.5
-177.5
-154.5
-165.5
109.5
99.5
-4.5
-105.5
92.5
111.5
-141.5
151.5
86.5
-56.5
162.5
142.5
-85.5
-89.5
-164.5
-159.5
-5.5
65.5
-123.5
83.5
-72.5
-13.5
-82.5
86.5
37.5
-101.5
-57.5
-129.5
-80.5
-118.5
-144.5
-50.5
-124.5
52.5
-58.5
92.5
60.5
-154.5
99.5
-138.5
-63.5
-43.5
-80.5
-22.5
-114.5
-19.5
-109.5
-110.5
-17.5
-154.5
249.5
-128.5
-86.5
79.5
-13.5
43.5
71.5
-138.5
-102.5
-68.5
-139.5
-130.5
-180.5
-144.5
47.5
-142.5
-83.5
-108.5
70.5
-158.5
-130.5
67.5
-112.5
-127.5
-44.5
116.5
-89.5
60.5
-105.5
-85.5
-266.5
-138.5
-125.5
-3.5
87.5
71.5
-61.5
-62.5
-115.5
-115.5
-62.5
116.5
-48.5
53.5
-134.5
-147.5
134.5
81.5
-129.5
9.5
-193.5
-79.5
-121.5
91.5
-16.5
56.5
-76.5
-8.5
-140.5
37.5
104.5
-71.5
88.5
-10.5
-138.5
55.5
-123.5
104.5
-177.5
-22.5
-71.5
-142.5
-63.5
36.5
46.5
-81.5
-155.5
123.5
-78.5
48.5
-182.5
-122.5
-75.5
-187.5
-98.5
-118.5
79.5
110.5
-72.5
-140.5
-90.5
128.5
58.5
-96.5
-150.5
-139.5
83.5
-145.5
96.5
-87.5
-93.5
86.5
-78.5
-159.5
-93.5
-96.5
-101.5
125.5
-183.5
100.5
80.5
-87.5
-177.5
-132.5
153.5
-132.5
-220.5
-150.5
100.5
-171.5
-93.5
-4.5
-182.5
-79.5
-57.5
-117.5
87.5
-79.5
-130.5
-116.5
66.5
-103.5
-21.5
-116.5
-147.5
-99.5
65.5
-117.5
39.5
-52.5
170.5
84.5
100.5
-71.5
111.5
9.5
-179.5
-38.5
-207.5
-136.5
74.5
75.5
92.5
-87.5
-77.5
-157.5
43.5
-86.5
-159.5
-104.5
-89.5
-153.5
-88.5
-110.5
66.5
-90.5
-91.5
11.5
-133.5
-156.5
-113.5
-132.5
-19.5
115.5
-220.5
-142.5
-148.5
122.5
-133.5
-176.5
-43.5
-125.5
-113.5
-45.5
-142.5
-120.5
-69.5
47.5
105.5
-96.5
-173.5
-166.5
-119.5
-137.5
88.5
122.5
-123.5
-116.5
102.5
-152.5
-182.5
-125.5
-105.5
-144.5
-182.5
-115.5
-67.5
27.5
-78.5
-59.5
-121.5
-136.5
-88.5
69.5
-74.5
-115.5
57.5
174.5
-94.5
98.5
54.5
77.5
-153.5
-87.5
-82.5
142.5
-79.5
-85.5
-89.5
-123.5
-34.5
94.5
14.5
-41.5
41.5
-57.5
-200.5
-84.5
-53.5
-65.5
-102.5
-170.5
-31.5
95.5
-125.5
-57.5
-142.5
-39.5
-91.5
-15.5
-139.5
-148.5
-91.5
53.5
-249.5
-173.5
57.5
24.5
-88.5
-151.5
-119.5
73.5
106.5
-119.5
-120.5
-163.5
-118.5
-116.5
102.5
-120.5
85.5
-122.5
64.5
174.5
-86.5
-78.5
-163.5
-65.5
7.5
-90.5
-141.5
0.5
-119.5
-118.5
-120.5
-146.5
-158.5
-107.5
-99.5
-94.5
-41.5
-198.5
4.5
-147.5
176.5
-116.5
70.5
-98.5
68.5
-114.5
127.5
-127.5
-71.5
-118.5
-119.5
-108.5
-174.5
107.5
-90.5
-140.5
-189.5
203.5
-98.5
-5.5
98.5
107.5
-101.5
52.5
-64.5
-94.5
-153.5
138.5
-87.5
89.5
-62.5
-43.5
-22.5
94.5
-122.5
-178.5
90.5
-120.5
93.5
-16.5
-203.5
-57.5
77.5
-145.5
52.5
-88.5
-89.5
-71.5
146.5
-156.5
4.5
-70.5
-136.5
-149.5
73.5
202.5
63.5
98.5
75.5
-140.5
-92.5
66.5
-36.5
-120.5
-111.5
-117.5
-164.5
82.5
-146.5
-76.5
-120.5
-43.5
-43.5
-214.5
75.5
108.5
-184.5
-141.5
-176.5
-115.5
145.5
138.5
-20.5
-76.5
72.5
-152.5
-83.5
-187.5
-197.5
113.5
101.5
-115.5
69.5
155.5
-110.5
-88.5
-75.5
-181.5
-110.5
-132.5
156.5
-105.5
92.5
61.5
-122.5
58.5
-108.5
45.5
-135.5
-34.5
111.5
147.5
-68.5
108.5
-148.5
113.5
-114.5
94.5
-130.5
-104.5
-87.5
-126.5
-99.5
-75.5
-57.5
-194.5
-108.5
-173.5
81.5
27.5
-60.5
-78.5
102.5
127.5
-124.5
-102.5
-136.5
61.5
85.5
78.5
23.5
-171.5
85.5
-94.5
-109.5
-119.5
-169.5
-87.5
-21.5
-76.5
31.5
130.5
124.5
-37.5
48.5
-51.5
74.5
55.5
-177.5
116.5
-65.5
121.5
-133.5
-88.5
-203.5
-83.5
-83.5
-151.5
-74.5
48.5
-77.5
-82.5
76.5
-98.5
-81.5
113.5
-118.5
-113.5
-201.5
137.5
-136.5
144.5
101.5
-121.5
-9.5
-201.5
-120.5
-26.5
-136.5
-111.5
-66.5
-124.5
-146.5
-89.5
-67.5
47.5
-39.5
-113.5
-95.5
-100.5
20.5
-83.5
-154.5
94.5
-0.5
-107.5
-151.5
-93.5
-207.5
-74.5
-83.5
83.5
-130.5
-137.5
-87.5
-112.5
-152.5
38.5
46.5
-48.5
-189.5
31.5
-151.5
52.5
160.5
-55.5
-47.5
137.5
-144.5
-54.5
-113.5
-122.5
52.5
-152.5
-147.5
-92.5
-47.5
107.5
-46.5
-149.5
-133.5
-114.5
-75.5
-111.5
-76.5
-94.5
174.5
79.5
-134.5
-59.5
-38.5
-129.5
-24.5
38.5
52.5
-195.5
-74.5
-52.5
-257.5
-133.5
-116.5
-11.5
-152.5
-100.5
-105.5
-74.5
84.5
-145.5
103.5
-59.5
-127.5
99.5
106.5
-60.5
-175.5
-109.5
-135.5
-115.5
23.5
88.5
-132.5
-21.5
41.5
-151.5
-132.5
-83.5
-159.5
-154.5
-106.5
-3.5
-17.5
22.5
-85.5
41.5
-164.5
-120.5
-90.5
51.5
175.5
-167.5
-52.5
130.5
-89.5
-93.5
-115.5
-160.5
-115.5
-178.5
-145.5
87.5
-10.5
-217.5
13.5
-89.5
-4.5
-92.5
-100.5
-153.5
-201.5
-93.5
-86.5
-38.5
91.5
-116.5
-158.5
-113.5
118.5
33.5
-125.5
-106.5
-60.5
-124.5
-118.5
-50.5
-57.5
147.5
-128.5
-39.5
-88.5
-8.5
140.5
-14.5
-123.5
-227.5
12.5
1.5
-117.5
-128.5
77.5
-9.5
59.5
-87.5
-134.5
-66.5
-28.5
-112.5
-144.5
-41.5
-10.5
-159.5
-158.5
35.5
-138.5
71.5
-90.5
-54.5
-134.5
128.5
-109.5
119.5
-54.5
-148.5
-146.5
-165.5
-145.5
-182.5
-76.5
54.5
-79.5
38.5
-150.5
-73.5
156.5
-109.5
93.5
119.5
-71.5
84.5
-47.5
51.5
-87.5
-136.5
-112.5
-111.5
83.5
-9.5
144.5
-108.5
-64.5
-69.5
-90.5
104.5
84.5
94.5
-32.5
-13.5
102.5
-70.5
-123.5
-141.5
-112.5
82.5
125.5
-107.5
-162.5
-125.5
-155.5
32.5
97.5
-159.5
-79.5
-99.5
-194.5
118.5
-114.5
-123.5
107.5
-65.5
-149.5
-107.5
-90.5
-84.5
59.5
-34.5
-71.5
35.5
-35.5
96.5
-131.5
-97.5
77.5
43.5
-118.5
-163.5
-86.5
-179.5
64.5
-74.5
-121.5
-110.5
-123.5
-147.5
53.5
-100.5
-113.5
-100.5
202.5
-138.5
-175.5
215.5
-122.5
-20.5
-98.5
84.5
-116.5
-150.5
-34.5
-158.5
53.5
80.5
-81.5
95.5
-124.5
-64.5
-57.5
107.5
-18.5
-86.5
-103.5
-46.5
-62.5
109.5
-195.5
-76.5
-26.5
-97.5
67.5
-101.5
-118.5
-32.5
30.5
-132.5
-174.5
-125.5
90.5
131.5
-106.5
47.5
-105.5
-125.5
-193.5
-179.5
88.5
-127.5
-132.5
162.5
31.5
-146.5
-112.5
108.5
-104.5
79.5
-106.5
-69.5
-245.5
-112.5
93.5
41.5
-158.5
-57.5
93.5
-105.5
84.5
-110.5
-129.5
110.5
