6.11941 0.348121 0 -1103.61 0.736269 10 8.07143 0.457366 10 0
288.79 2.36154 0 -854.7 0.770281 10 10.6667 0.849837 10 0
2002.54 6.58372 0 -720 0.626783 10 11.8571 0.349927 10 0
11795.5 16.2422 0 -567.607 0.506337 10 13.0357 0.693446 10 0
42136.2 33.9082 0 -419.25 0.674802 10 14.25 0.674802 10 0
101047 61.875 0 -258.893 0.63185 10 16 0.779194 10 0
156557 83.2387 0 -106.143 0.717848 10 17.3214 0.746591 10 0
177091 93.0738 0 63.0357 1.07677 10 20.8929 1.07202 10 0
141900 79.2019 0 227.107 0.848919 10 21.3571 0.854161 10 0
77646.6 50.4822 0 391.464 0.351745 10 24.8214 0.99296 10 0
28948.1 26.4777 0 542.267 0.749815 10 28.1 0.8 10 0
7013.42 9.80897 0 689.364 0.456813 10 30.3636 0.955627 10 0
220.757 2.09696 0 940.393 0.602927 10 34.0357 0.789762 10 0
9.83375 0.43934 0 -93.9643 0.351745 10 -1017.07 0.775913 10 -1000
504.527 3.25375 0 -94.75 0.61962 10 -767.286 0.524891 10 -750
3667.47 8.70835 0 -95.25 0.49099 10 -620.357 0.952976 10 -600
17582.3 20.1523 0 -97.2143 0.61859 10 -470.179 0.898553 10 -450
54040 39.4266 0 -98.0714 0.84213 10 -317.893 0.94828 10 -300
111027 63.9688 0 -98 0.57735 10 -158.643 0.93405 10 -150
156237 83.7455 0 -98.6 0.583095 10 14.2667 1.06249 10 0
151471 84.082 0 -98.5 0.944911 10 176.643 0.989743 10 150
101385 60.9224 0 -97.3571 0.742307 10 343.179 0.857887 10 300
43231.3 34.5486 0 -94.2143 0.589015 10 508.786 0.673856 10 450
12299.5 16.4157 0 -92.6667 0.829993 10 658.7 0.653197 10 600
2327.59 5.55178 0 -90.9545 0.83814 10 803.25 0.835981 10 750
47.0478 1.379 0 -88.5714 0.494872 10 1063.5 0.654654 10 1000
