175.555 1.5256 0 -1002.45 0.554307 10 64.8333 0.541896 10 0
4072.94 8.85523 0 -758.344 1.23388 10 64.375 0.544862 10 0
16455.8 18.8803 0 -617.167 0.649786 10 64.8333 0.596285 10 0
51757.3 37.994 0 -462.767 0.654896 10 63.9 0.711805 10 0
111213 65.2759 0 -310.667 0.537484 10 65.7 0.6 10 0
178671 91.2189 0 -150.767 0.54365 10 64.4333 0.727247 10 0
215124 107.545 0 14.6333 0.644636 10 63.3667 0.74087 10 0
193701 104.245 0 187.846 0.631988 10 63.5385 0.498519 10 0
131248 72.5569 0 349.9 0.734847 10 63.4667 0.718022 10 0
65289.7 45.7415 0 505.679 0.485767 10 63.0357 0.549814 10 0
23926.6 23.4388 0 654.333 0.394405 10 64.4667 0.46428 10 0
5907.76 10.7214 0 804.531 0.779999 10 63.9688 0.483113 10 0
270.167 1.93657 0 1049 0.570088 10 64.925 0.884237 10 0
172.451 1.50123 0 28.7143 0.795395 10 -970.714 0.646813 10 1000
3792.73 8.62214 0 28 0.57735 10 -729.567 0.512076 10 750
17819.2 19.9587 0 28.6333 0.763035 10 -573.667 0.906765 10 600
50373.2 37.3785 0 29.4333 0.512076 10 -433.071 0.775913 10 450
111020 62.1833 0 28.1562 0.80465 10 -277.5 0.467707 10 300
181950 93.3497 0 27.4 0.522813 10 -105.5 0.730297 10 150
212788 104.852 0 25.2333 0.478423 10 62.7333 0.628932 10 0
187950 95.7012 0 24.3667 0.531246 10 221.733 0.873053 10 -150
117658 69.9659 0 25.0769 0.851382 10 394.885 0.788227 10 -300
53342.4 39.8714 0 24.9643 0.812058 10 553.107 0.572544 10 -450
17344.7 20.5761 0 23.7143 0.589015 10 701.893 0.572544 10 -600
3740.97 8.73999 0 25.25 0.526104 10 852.714 0.646813 10 -750
142.947 1.38582 0 23.275 0.732718 10 1105 0.866025 10 -1000
