423.728 2.47795 0 39.3158 0.672985 10 1134.03 0.67811 10 1000
6958.18 11.825 0 38.6 0.583095 10 884 0.408248 10 750
24491 23.687 0 37.7667 0.703957 10 735.7 0.476095 10 600
63630.9 41.8043 0 36.3667 0.644636 10 587.3 0.627163 10 450
131447 71.9353 0 36.6 0.553775 10 422.333 0.699206 10 300
195249 95.1944 0 36.0333 0.669992 10 264.1 0.8 10 150
224107 109.926 0 35.3571 0.515079 10 98.25 0.860855 10 0
194668 97.3774 0 35.5357 0.581386 10 -79.5357 0.743166 10 -150
129140 74.2269 0 34.7857 0.48969 10 -245 0.707107 10 -300
67570.6 44.9144 0 33.8214 0.615489 10 -399 0.681385 10 -450
25660.2 24.7199 0 33.8333 0.567646 10 -555.933 0.573488 10 -600
7690.23 12.7094 0 32.5 0.566947 10 -705.929 0.677631 10 -750
525.896 2.58658 0 32.25 0.559017 10 -958.375 0.906573 10 -1000
557.292 2.68371 0 1074.84 0.61026 10 104.795 0.848248 10 0
7677.19 12.2693 0 832.5 1.89572 10 102.562 0.634306 10 0
26117.5 24.5392 0 680.967 0.694422 10 100.267 0.442217 10 0
66849.5 45.3287 0 528.893 0.63185 10 97.6786 0.918211 10 0
132207 73.4362 0 367.286 0.646813 10 95.75 0.674802 10 0
191085 92.8677 0 215.438 0.807678 10 92.9375 0.747391 10 0
221008 107.091 0 43.0667 0.963789 10 90.2333 0.442217 10 0
196185 98.9046 0 -123.214 0.524891 10 89.3214 1.0283 10 0
132318 71.6885 0 -293.2 0.509902 10 88 0.60553 10 0
72772.5 46.4382 0 -440.633 0.618241 10 85.1 0.734847 10 0
28776.2 25.5752 0 -597.933 0.601849 10 83.5 0.707107 10 0
8967.9 13.7176 0 -744.607 0.602927 10 82.7143 0.673856 10 0
668.315 2.87876 0 -990.636 0.828221 10 79.3478 0.839705 10 0
