381909 1087.79 0 -183.6 0.583095 10 22.5 0.547723 10 0
22658.6 94.1669 0 -382.5 0.316228 10 23.5 1.04083 10 0
428.855 8.00393 0 -581.25 0.629153 10 23.3333 0.849837 10 0
17.1263 1.62555 0 -777.7 0.244949 10 23.8 0.748331 10 0
827372 2268.84 0 41.3 0.6 10 25.4 0.8 10 0
412656 1080.6 0 267.833 0.372678 10 23.1667 0.62361 10 0
22198.9 101.643 0 467.833 0.552771 10 23 0.763763 10 0
358.47 7.48453 0 667.833 0.235702 10 23.4167 0.671855 10 0
38.672 2.23647 0 863.167 1.49071 10 24 0.57735 10 0
462924 1296.55 0 46.7 0.509902 10 -201.5 0.447214 10 200
42931.4 146.941 0 47.9167 0.533594 10 -399.75 2.61008 10 400
1084.49 12.1515 0 48.5833 0.671855 10 -600.5 0.57735 10 600
21.777 1.92483 0 49.6 0.583095 10 -797.2 0.4 10 800
570968 1552.68 0 47.1 0.2 10 26 1.18322 10 0
477455 1194.76 0 46.4167 0.975392 10 248.583 1.88009 10 -200
37555.8 117.701 0 45.6667 0.235702 10 455.333 0.552771 10 -400
752.644 10.5937 0 45.3333 0.471405 10 652.75 1.10868 10 -600
37.1229 2.22649 0 44.9167 0.448764 10 851.083 0.343592 10 -800
