262.231 1.74239 0 -577.905 0.86766 10 -6.72727 0.686349 10 0
21388.1 31.7214 0 -385.417 0.786165 10 -3.75 0.381881 10 0
94448.5 104.605 0 -305.667 0.881917 10 -2.67647 0.616946 10 0
291778 273.085 0 -226.528 0.588601 10 -1.52778 1.29606 10 0
643075 602.247 0 -140.531 0.759703 10 -0.53125 0.892131 10 0
992638 934.285 0 -50.8333 0.699206 10 1.1 0.734847 10 0
1.13743e+06 1067.47 0 38.3333 0.62361 10 3.86667 0.845905 10 0
996484 953.583 0 134.7 0.509902 10 4.23333 0.749815 10 0
647195 595.843 0 224.25 1.03078 10 5.25 0.770552 10 0
306635 274.57 0 308.868 1.37498 10 6 0.538028 10 0
99210.2 100.946 0 391.421 0.633768 10 7.13158 0.792101 10 0
24491.2 32.528 0 469.583 0.381881 10 8.22222 0.730719 10 0
348.215 1.94143 0 665.708 0.593659 10 10.4375 0.971602 10 0
1194.24 3.61909 0 39.8542 0.62047 10 -629.283 0.906811 10 -600
40768.4 45.3013 0 39.7778 0.506135 10 -431.412 0.958481 10 -400
133872 122.156 0 40.075 0.59739 10 -354.025 2.91751 10 -320
357663 312.135 0 40.5526 0.626072 10 -269.694 0.729134 10 -240
686409 655.245 0 41.5667 0.573488 10 -184.767 0.54365 10 -160
991154 921.698 0 41.75 0.637377 10 -93.5 1.86246 10 -80
1.12693e+06 1032.51 0 41.875 0.695971 10 1.6875 0.807678 10 0
1.04213e+06 947.743 0 43 0.559017 10 90.9062 0.905172 10 80
720038 655.304 0 42.5667 0.81377 10 184.733 0.81377 10 160
393440 330.402 0 41.2105 0.731181 10 271.816 0.989558 10 240
154337 137.663 0 41.1053 0.6194 10 356.316 0.989558 10 320
44343.5 47.9936 0 41.6944 0.648479 10 437.194 0.7842 10 400
719.483 2.84745 0 42.3261 0.618706 10 636.478 0.938063 10 600
