361.607 2.24705 0 677.167 0.76116 10 5.78571 0.894047 10 0
19256 24.7849 0 481.889 1.09994 10 6.55556 0.926296 10 0
72865.8 80.8349 0 408.562 0.704339 10 7.9375 1.30952 10 0
233663 217.453 0 330.5 18.155 10 7.44737 1.0117 10 0
530955 553.794 0 243.179 0.792986 10 6.07143 0.752547 10 0
858709 859.591 0 150.767 2.0155 10 4.46667 0.991071 10 0
1.00117e+06 941.956 0 56.4118 0.647059 10 4.85294 0.870509 10 0
839758 828.006 0 -38.1 0.454606 10 4.96667 0.865384 10 0
520122 526.138 0 -129.577 0.873678 10 4.67857 1.11174 10 0
218063 200.02 0 -213.158 0.72643 10 5.05 1.15 10 0
62622 68.6415 0 -292.25 1.20474 10 7.75 0.671855 10 0
15068.5 21.4523 0 -373.5 0.641689 10 5.88235 1.09181 10 0
224.194 1.78282 0 -571.65 0.988686 10 6.92857 1.01519 10 0
877.85 3.3882 0 48.5217 0.758693 10 631.826 1.01734 10 -600
33986.6 39.4103 0 51.125 0.695971 10 437.188 0.807678 10 -400
112623 110.663 0 51.7222 0.767793 10 360.194 0.852103 10 -320
298555 281.56 0 52.2059 0.687254 10 278.794 1.22545 10 -240
580666 573.214 0 51.4 0.553775 10 195.133 1.27105 10 -160
869380 861.727 0 50.9333 0.54365 10 104.2 1.1225 10 -80
982182 994.687 0 50.8929 0.506337 10 10.4643 0.516315 10 0
851381 844.628 0 50.9667 0.74087 10 -84.6333 0.974109 10 80
579708 612.942 0 51.1538 0.661717 10 -173.538 0.745797 10 160
295174 273.808 0 52.1471 0.887241 10 -258.912 0.826675 10 240
110602 106.164 0 52.5556 1.05263 10 -341.556 0.926296 10 320
33023.4 36.5873 0 53.4444 0.704921 10 -416.778 17.0727 10 400
892.132 3.57147 0 54.7143 0.568445 10 -616.5 0.816497 10 600
