-1574.67 0
-1573.17 0
-1571.67 0
-1570.17 0
-1568.67 0
-1567.17 0
-1565.67 0
-1564.16 0
-1562.66 0
-1561.16 0
-1559.66 0
-1558.16 0
-1556.66 0
-1555.16 0
-1553.66 0
-1552.15 0
-1550.65 0
-1549.15 0
-1547.65 0
-1546.15 0
-1544.65 0
-1543.15 0
-1541.65 0
-1540.15 0
-1538.64 0
-1537.14 0
-1535.64 0
-1534.14 0
-1532.64 0
-1531.14 0
-1529.64 0
-1528.14 0
-1526.64 0
-1525.13 0
-1523.63 0
-1522.13 0
-1520.63 0
-1519.13 0
-1517.63 0
-1516.13 0
-1514.63 0
-1513.13 0
-1511.62 0
-1510.12 0
-1508.62 0
-1507.12 0
-1505.62 0
-1504.12 0
-1502.62 0
-1501.12 0
-1499.62 0
-1498.11 0
-1496.61 0
-1495.11 0
-1493.61 0
-1492.11 0
-1490.61 0
-1489.11 0
-1487.61 0
-1486.11 0
-1484.6 0
-1483.1 0
-1481.6 0
-1480.1 0
-1478.6 0
-1477.1 0
-1475.6 0
-1474.1 0
-1472.6 0
-1471.09 0
-1469.59 0
-1468.09 0
-1466.59 0
-1465.09 0
-1463.59 0
-1462.09 0
-1460.59 0
-1459.09 0
-1457.58 0
-1456.08 0
-1454.58 0
-1453.08 0
-1451.58 0
-1450.08 0
-1448.58 0
-1447.08 0
-1445.58 0
-1444.07 0
-1442.57 0
-1441.07 0
-1439.57 0
-1438.07 0
-1436.57 0
-1435.07 0
-1433.57 0
-1432.07 0
-1430.56 0
-1429.06 0
-1427.56 0
-1426.06 0
-1424.56 0
-1423.06 0
-1421.56 0
-1420.06 0
-1418.56 0
-1417.05 0
-1415.55 0
-1414.05 0
-1412.55 0
-1411.05 0
-1409.55 0
-1408.05 0
-1406.55 0
-1405.05 0
-1403.54 0
-1402.04 0
-1400.54 0
-1399.04 0
-1397.54 0
-1396.04 0
-1394.54 0
-1393.04 0
-1391.54 0
-1390.03 0
-1388.53 0
-1387.03 0
-1385.53 0
-1384.03 0
-1382.53 0
-1381.03 0
-1379.53 0
-1378.03 0
-1376.52 0
-1375.02 0
-1373.52 0
-1372.02 0
-1370.52 0
-1369.02 0
-1367.52 0
-1366.02 0
-1364.52 0
-1363.01 0
-1361.51 0
-1360.01 0
-1358.51 0
-1357.01 0
-1355.51 0
-1354.01 0
-1352.51 0
-1351.01 0
-1349.5 0
-1348 0
-1346.5 0
-1345 0
-1343.5 0
-1342 0
-1340.5 0
-1339 0
-1337.5 0
-1335.99 0
-1334.49 0
-1332.99 0
-1331.49 0
-1329.99 0
-1328.49 0
-1326.99 0
-1325.49 0
-1323.99 0
-1322.48 0
-1320.98 0
-1319.48 0
-1317.98 0
-1316.48 0
-1314.98 0
-1313.48 0
-1311.98 0
-1310.48 0
-1308.97 0
-1307.47 0
-1305.97 0
-1304.47 0
-1302.97 0
-1301.47 0
-1299.97 0
-1298.47 0
-1296.97 0
-1295.46 0
-1293.96 0
-1292.46 0
-1290.96 0
-1289.46 0
-1287.96 0
-1286.46 0
-1284.96 0
-1283.46 0
-1281.95 0
-1280.45 0
-1278.95 0
-1277.45 0
-1275.95 0
-1274.45 0
-1272.95 0
-1271.45 0
-1269.94 0
-1268.44 0
-1266.94 0
-1265.44 0
-1263.94 0
-1262.44 0
-1260.94 0
-1259.44 0
-1257.94 0
-1256.43 0
-1254.93 0
-1253.43 0
-1251.93 0
-1250.43 0
-1248.93 0
-1247.43 0
-1245.93 0
-1244.43 0
-1242.92 0
-1241.42 0
-1239.92 0
-1238.42 0
-1236.92 0
-1235.42 0
-1233.92 0
-1232.42 0
-1230.92 0
-1229.41 0
-1227.91 0
-1226.41 0
-1224.91 0
-1223.41 0
-1221.91 0
-1220.41 0
-1218.91 0
-1217.41 0
-1215.9 0
-1214.4 0
-1212.9 0
-1211.4 0
-1209.9 0
-1208.4 0
-1206.9 0
-1205.4 0
-1203.9 0
-1202.39 0
-1200.89 0
-1199.39 0
-1197.89 0
-1196.39 0
-1194.89 0
-1193.39 0
-1191.89 0
-1190.39 0
-1188.88 0
-1187.38 0
-1185.88 0
-1184.38 0
-1182.88 0
-1181.38 0
-1179.88 0
-1178.38 0
-1176.88 0
-1175.37 0
-1173.87 0
-1172.37 0
-1170.87 0
-1169.37 0
-1167.87 0
-1166.37 0
-1164.87 0
-1163.37 0
-1161.86 0
-1160.36 0
-1158.86 0
-1157.36 0
-1155.86 0
-1154.36 0
-1152.86 0
-1151.36 0
-1149.86 0
-1148.35 0
-1146.85 0
-1145.35 0
-1143.85 0
-1142.35 0
-1140.85 0
-1139.35 0
-1137.85 0
-1136.35 0
-1134.84 0
-1133.34 0
-1131.84 0
-1130.34 0
-1128.84 0
-1127.34 0
-1125.84 0
-1124.34 0
-1122.84 0
-1121.33 0
-1119.83 0
-1118.33 0
-1116.83 0
-1115.33 0
-1113.83 0
-1112.33 0
-1110.83 0
-1109.33 0
-1107.82 0
-1106.32 0
-1104.82 0
-1103.32 0
-1101.82 0
-1100.32 0
-1098.82 0
-1097.32 0
-1095.82 0
-1094.31 0
-1092.81 0
-1091.31 0
-1089.81 0
-1088.31 0
-1086.81 0
-1085.31 0
-1083.81 0
-1082.31 0
-1080.8 0
-1079.3 0
-1077.8 0
-1076.3 0
-1074.8 0
-1073.3 0
-1071.8 0
-1070.3 0
-1068.8 0
-1067.29 0
-1065.79 0
-1064.29 0
-1062.79 0
-1061.29 0
-1059.79 0
-1058.29 0
-1056.79 0
-1055.29 0
-1053.78 0
-1052.28 0
-1050.78 0
-1049.28 0
-1047.78 0
-1046.28 0
-1044.78 0
-1043.28 0
-1041.78 0
-1040.27 0
-1038.77 0
-1037.27 0
-1035.77 0
-1034.27 0
-1032.77 0
-1031.27 0
-1029.77 0
-1028.27 0
-1026.76 0
-1025.26 0
-1023.76 0
-1022.26 0
-1020.76 0
-1019.26 0
-1017.76 0
-1016.26 0
-1014.76 0
-1013.25 0
-1011.75 0
-1010.25 0
-1008.75 0
-1007.25 0
-1005.75 0
-1004.25 0
-1002.75 0
-1001.25 0
-999.744 0
-998.243 0
-996.742 0
-995.241 0
-993.739 0
-992.238 0
-990.737 0
-989.236 0
-987.735 0
-986.234 0
-984.733 0
-983.232 0
-981.731 0
-980.229 0
-978.728 0
-977.227 0
-975.726 0
-974.225 0
-972.724 0
-971.223 0
-969.722 0
-968.22 0
-966.719 0
-965.218 0
-963.717 0
-962.216 0
-960.715 0
-959.214 0
-957.713 0
-956.212 0
-954.71 0
-953.209 0
-951.708 0
-950.207 0
-948.706 0
-947.205 0
-945.704 0
-944.203 0
-942.701 0
-941.2 0
-939.699 0
-938.198 0
-936.697 0
-935.196 0
-933.695 0
-932.194 0
-930.693 0
-929.191 0
-927.69 0
-926.189 0
-924.688 0
-923.187 0
-921.686 0
-920.185 0
-918.684 0
-917.182 0
-915.681 0
-914.18 0
-912.679 0
-911.178 0
-909.677 0
-908.176 0
-906.675 0
-905.174 0
-903.672 0
-902.171 0
-900.67 0
-899.169 0
-897.668 0
-896.167 0
-894.666 0
-893.165 0
-891.663 0
-890.162 0
-888.661 0
-887.16 0
-885.659 0
-884.158 0
-882.657 0
-881.156 0
-879.655 0
-878.153 0
-876.652 0
-875.151 0
-873.65 0
-872.149 0
-870.648 0
-869.147 0
-867.646 0
-866.145 0
-864.643 0
-863.142 0
-861.641 0
-860.14 0
-858.639 0
-857.138 0
-855.637 0
-854.136 0
-852.634 0
-851.133 0
-849.632 0
-848.131 0
-846.63 0
-845.129 0
-843.628 0
-842.127 0
-840.626 0
-839.124 0
-837.623 0
-836.122 0
-834.621 0
-833.12 0
-831.619 0
-830.118 0
-828.617 0
-827.115 0
-825.614 0
-824.113 0
-822.612 0
-821.111 0
-819.61 0
-818.109 0
-816.608 0
-815.107 0
-813.605 0
-812.104 0
-810.603 0
-809.102 0
-807.601 0
-806.1 0
-804.599 0
-803.098 0
-801.596 0
-800.095 0
-798.594 0
-797.093 0
-795.592 0
-794.091 0
-792.59 0
-791.089 0
-789.588 0
-788.086 0
-786.585 0
-785.084 0
-783.583 0
-782.082 0
-780.581 0
-779.08 0
-777.579 0
-776.077 0
-774.576 0
-773.075 0
-771.574 0
-770.073 0
-768.572 0
-767.071 0
-765.57 0
-764.069 0
-762.567 0
-761.066 0
-759.565 0
-758.064 0
-756.563 0
-755.062 0
-753.561 0
-752.06 0
-750.558 0
-749.057 0
-747.556 0
-746.055 0
-744.554 0
-743.053 0
-741.552 0
-740.051 0
-738.55 0
-737.048 0
-735.547 0
-734.046 0
-732.545 0
-731.044 0
-729.543 0
-728.042 0
-726.541 0
-725.04 0
-723.538 0
-722.037 0
-720.536 0
-719.035 0
-717.534 0
-716.033 0
-714.532 0
-713.031 0
-711.529 0
-710.028 0
-708.527 0
-707.026 0
-705.525 0
-704.024 0
-702.523 0
-701.022 0
-699.521 0
-698.019 0
-696.518 0
-695.017 0
-693.516 0
-692.015 0
-690.514 0
-689.013 0
-687.512 0
-686.01 0
-684.509 0
-683.008 0
-681.507 0
-680.006 0
-678.505 0
-677.004 0
-675.503 0
-674.002 0
-672.5 0
-670.999 0
-669.498 0
-667.997 0
-666.496 0
-664.995 0
-663.494 0
-661.993 0
-660.491 0
-658.99 0
-657.489 0
-655.988 0
-654.487 0
-652.986 0
-651.485 0
-649.984 0
-648.483 0
-646.981 0
-645.48 0
-643.979 0
-642.478 0
-640.977 0
-639.476 0
-637.975 0
-636.474 0
-634.972 0
-633.471 0
-631.97 0
-630.469 0
-628.968 0
-627.467 0
-625.966 0
-624.465 0
-622.964 0
-621.462 0
-619.961 0
-618.46 0
-616.959 0
-615.458 0
-613.957 0
-612.456 0
-610.955 0
-609.453 0
-607.952 0
-606.451 0
-604.95 0
-603.449 0
-601.948 0
-600.447 0
-598.946 0
-597.445 0
-595.943 0
-594.442 0
-592.941 0
-591.44 0
-589.939 0
-588.438 0
-586.937 0
-585.436 0
-583.935 0
-582.433 0
-580.932 0
-579.431 0
-577.93 0
-576.429 0
-574.928 0
-573.427 0
-571.926 0
-570.424 0
-568.923 0
-567.422 0
-565.921 0
-564.42 0
-562.919 0
-561.418 0
-559.917 0
-558.416 0
-556.914 0
-555.413 0
-553.912 0
-552.411 0
-550.91 0
-549.409 0
-547.908 0
-546.407 0
-544.905 0
-543.404 0
-541.903 0
-540.402 0
-538.901 0
-537.4 0
-535.899 0
-534.398 0
-532.897 0
-531.395 0
-529.894 0
-528.393 0
-526.892 0
-525.391 0
-523.89 0
-522.389 0
-520.888 0
-519.386 0
-517.885 0
-516.384 0
-514.883 0
-513.382 0
-511.881 0
-510.38 0
-508.879 0
-507.378 0
-505.876 0
-504.375 0
-502.874 0
-501.373 0
-499.872 0
-498.371 0
-496.87 0
-495.369 0
-493.867 0
-492.366 0
-490.865 0
-489.364 0
-487.863 0
-486.362 0
-484.861 0
-483.36 0
-481.859 0
-480.357 0
-478.856 0
-477.355 0
-475.854 0
-474.353 4.00916e-05
-472.852 3.96143e-05
-471.351 4.05689e-05
-469.85 4.10461e-05
-468.349 4.08075e-05
-466.847 4.17621e-05
-465.346 4.17621e-05
-463.845 4.41485e-05
-462.344 4.5103e-05
-460.843 4.55803e-05
-459.342 4.55803e-05
-457.841 4.77281e-05
-456.34 4.77281e-05
-454.838 4.74894e-05
-453.337 4.8444e-05
-451.836 4.82054e-05
-450.335 4.91599e-05
-448.834 4.91599e-05
-447.333 5.05918e-05
-445.832 5.08304e-05
-444.331 5.27395e-05
-442.83 5.27395e-05
-441.328 5.29782e-05
-439.827 5.32168e-05
-438.326 5.34554e-05
-436.825 5.41714e-05
-435.324 5.63191e-05
-433.823 5.48873e-05
-432.322 5.36941e-05
-430.821 5.27395e-05
-429.319 5.41714e-05
-427.818 5.41714e-05
-426.317 5.441e-05
-424.816 5.34555e-05
-423.315 5.36941e-05
-421.814 5.51259e-05
-420.313 5.56032e-05
-418.812 5.56032e-05
-417.311 5.7751e-05
-415.809 5.94215e-05
-414.308 5.84669e-05
-412.807 6.01374e-05
-411.306 6.06147e-05
-409.805 6.1092e-05
-408.304 6.1092e-05
-406.803 6.20465e-05
-405.302 6.25238e-05
-403.8 6.32397e-05
-402.299 6.61034e-05
-400.798 6.72966e-05
-399.297 6.72966e-05
-397.796 6.68193e-05
-396.295 6.72966e-05
-394.794 6.87285e-05
-393.293 7.01603e-05
-391.792 7.01603e-05
-390.29 6.99217e-05
-388.789 7.15921e-05
-387.288 7.42172e-05
-385.787 7.5649e-05
-384.286 7.80354e-05
-382.785 7.92286e-05
-381.284 7.99446e-05
-379.783 8.11378e-05
-378.281 8.28083e-05
-376.78 8.47174e-05
-375.279 8.61492e-05
-373.778 8.63879e-05
-372.277 8.66265e-05
-370.776 8.80584e-05
-369.275 8.94902e-05
-367.774 9.04448e-05
-366.273 9.11607e-05
-364.771 9.4263e-05
-363.27 9.66494e-05
-361.769 9.80813e-05
-360.268 0.000100229
-358.767 0.00010357
-357.266 0.000105956
-355.765 0.00010715
-354.264 0.000110013
-352.762 0.000109775
-351.261 0.000113116
-349.76 0.000115741
-348.259 0.00011765
-346.758 0.000119798
-345.257 0.000123377
-343.756 0.000125525
-342.255 0.000127911
-340.754 0.000130775
-339.252 0.000133161
-337.751 0.000136502
-336.25 0.000140559
-334.749 0.000144139
-333.248 0.00014748
-331.747 0.000151537
-330.246 0.000153685
-328.745 0.000155355
-327.244 0.000158696
-325.742 0.00016156
-324.241 0.000164901
-322.74 0.000167764
-321.239 0.000171105
-319.738 0.00017373
-318.237 0.000174685
-316.736 0.000179219
-315.235 0.000183276
-313.733 0.000186617
-312.232 0.000189719
-310.731 0.000195685
-309.23 0.000199742
-307.729 0.000204276
-306.228 0.000208095
-304.727 0.00021239
-303.226 0.000217402
-301.725 0.000222652
-300.223 0.000225515
-298.722 0.000229334
-297.221 0.000234822
-295.72 0.000238641
-294.219 0.000243413
-292.718 0.000247709
-291.217 0.000252004
-289.716 0.000255823
-288.214 0.000261789
-286.713 0.000266561
-285.212 0.000268709
-283.711 0.000276823
-282.21 0.000281596
-280.709 0.000285653
-279.208 0.00029138
-277.707 0.000296869
-276.206 0.000301642
-274.704 0.00030713
-273.203 0.000312619
-271.702 0.000318824
-270.201 0.000322165
-268.7 0.000329085
-267.199 0.00033362
-265.698 0.000340301
-264.197 0.000346267
-262.695 0.000350802
-261.194 0.000357006
-259.693 0.000364404
-258.192 0.000369654
-256.691 0.000375382
-255.19 0.000383257
-253.689 0.00039137
-252.188 0.00039853
-250.687 0.00040378
-249.185 0.000412848
-247.684 0.000421916
-246.183 0.000428837
-244.682 0.000435758
-243.181 0.000442917
-241.68 0.000453894
-240.179 0.000459622
-238.678 0.000469167
-237.176 0.00047752
-235.675 0.000486111
-234.174 0.000496372
-232.673 0.000505202
-231.172 0.000517611
-229.671 0.000527396
-228.17 0.000539566
-226.669 0.000550544
-225.168 0.000563192
-223.666 0.000576555
-222.165 0.000591828
-220.664 0.00060376
-219.163 0.000619272
-217.662 0.000633591
-216.161 0.000648625
-214.66 0.000662466
-213.159 0.000678932
-211.657 0.000692535
-210.156 0.00070924
-208.655 0.000723797
-207.154 0.00073907
-205.653 0.000757922
-204.152 0.00077415
-202.651 0.000792048
-201.15 0.000811617
-199.649 0.000832378
-198.147 0.00085314
-196.646 0.000875572
-195.145 0.000896573
-193.644 0.000919721
-192.143 0.000943823
-190.642 0.000967688
-189.141 0.000990836
-187.64 0.00101542
-186.139 0.00104
-184.637 0.00106625
-183.136 0.00109297
-181.635 0.00111803
-180.134 0.00114547
-178.633 0.00117244
-177.132 0.00119965
-175.631 0.00122804
-174.13 0.00125668
-172.628 0.00128293
-171.127 0.00130966
-169.626 0.00133686
-168.125 0.00136502
-166.624 0.0013908
-165.123 0.00141705
-163.622 0.00144354
-162.121 0.00146621
-160.62 0.00149341
-159.118 0.00151895
-157.617 0.00154305
-156.116 0.00156763
-154.615 0.00159245
-153.114 0.00161774
-151.613 0.00164137
-150.112 0.0016669
-148.611 0.00168957
-147.109 0.00171463
-145.608 0.00173707
-144.107 0.00175926
-142.606 0.00177883
-141.105 0.00180102
-139.604 0.00182226
-138.103 0.00184183
-136.602 0.00186092
-135.101 0.00188001
-133.599 0.00189815
-132.098 0.00191533
-130.597 0.00193514
-129.096 0.00195136
-127.595 0.00197022
-126.094 0.00198453
-124.593 0.00200243
-123.092 0.00201771
-121.59 0.00203322
-120.089 0.00204992
-118.588 0.00206352
-117.087 0.00207808
-115.586 0.00209312
-114.085 0.00210552
-112.584 0.00211937
-111.083 0.00213249
-109.582 0.0021449
-108.08 0.0021585
-106.579 0.00217282
-105.078 0.00218452
-103.577 0.00219979
-102.076 0.00221244
-100.575 0.00222795
-99.0737 0.00223773
-97.5726 0.00225157
-96.0715 0.00226398
-94.5704 0.00227615
-93.0693 0.00228809
-91.5681 0.00230121
-90.067 0.00231458
-88.5659 0.00232651
-87.0648 0.0023413
-85.5637 0.00235323
-84.0626 0.00236898
-82.5614 0.0023833
-81.0603 0.00239834
-79.5592 0.00241671
-78.0581 0.00243223
-76.557 0.00244774
-75.0558 0.00246516
-73.5547 0.00248401
-72.0536 0.00250024
-70.5525 0.00252148
-69.0514 0.00253842
-67.5503 0.00255775
-66.0491 0.00257803
-64.548 0.00259808
-63.0469 0.00261908
-61.5458 0.00263746
-60.0447 0.00265941
-58.5436 0.00268136
-57.0424 0.00270213
-55.5413 0.00272647
-54.0402 0.00274842
-52.5391 0.00277133
-51.038 0.0027952
-49.5369 0.00281835
-48.0357 0.00284292
-46.5346 0.00286655
-45.0335 0.00289041
-43.5324 0.00291356
-42.0313 0.00293695
-40.5302 0.00296081
-39.029 0.00298468
-37.5279 0.00300735
-36.0268 0.00303026
-34.5257 0.00305245
-33.0246 0.00307512
-31.5235 0.00309803
-30.0223 0.00312118
-28.5212 0.00314457
-27.0201 0.00316557
-25.519 0.00318657
-24.0179 0.00320494
-22.5168 0.00322403
-21.0156 0.00324074
-19.5145 0.00325506
-18.0134 0.00327224
-16.5123 0.00328417
-15.0112 0.00329396
-13.5101 0.0033078
-12.0089 0.00331543
-10.5078 0.00332641
-9.0067 0.00333452
-7.50558 0.00334073
-6.00447 0.00334669
-4.50335 0.00335242
-3.00223 0.00335576
-1.50112 0.00335934
0 0.00335934
1.50112 0.00335815
3.00223 0.00335648
4.50335 0.00335433
6.00447 0.00335028
7.50558 0.00334502
9.0067 0.00333834
10.5078 0.0033319
12.0089 0.00332164
13.5101 0.00331185
15.0112 0.00330064
16.5123 0.00328823
18.0134 0.00327463
19.5145 0.00325888
21.0156 0.00324265
22.5168 0.00322618
24.0179 0.00320733
25.519 0.00318848
27.0201 0.00316581
28.5212 0.00314528
30.0223 0.00312214
31.5235 0.00309851
33.0246 0.00307369
34.5257 0.0030503
36.0268 0.00302501
37.5279 0.00300091
39.029 0.00297585
40.5302 0.00295055
42.0313 0.00292406
43.5324 0.00289925
45.0335 0.00287132
46.5346 0.00284483
48.0357 0.00281882
49.5369 0.00279138
51.038 0.00276704
52.5391 0.00274031
54.0402 0.00271573
55.5413 0.00268852
57.0424 0.00266418
58.5436 0.00263865
60.0447 0.00261311
61.5458 0.00258782
63.0469 0.002563
64.548 0.00253842
66.0491 0.00251288
67.5503 0.00248807
69.0514 0.00246516
70.5525 0.00244368
72.0536 0.0024234
73.5547 0.00240192
75.0558 0.00238139
76.557 0.00236206
78.0581 0.00234202
79.5592 0.00232293
81.0603 0.00230288
82.5614 0.00228403
84.0626 0.00226494
85.5637 0.00224728
87.0648 0.00222819
88.5659 0.00221053
90.067 0.00219263
91.5681 0.00217569
93.0693 0.00215946
94.5704 0.0021449
96.0715 0.00212939
97.5726 0.0021134
99.0737 0.00210075
100.575 0.00208548
102.076 0.00207188
103.577 0.00205637
105.078 0.00204205
106.579 0.00202558
108.08 0.00201174
109.582 0.00199575
111.083 0.0019843
112.584 0.00196902
114.085 0.00195494
115.586 0.00194182
117.087 0.00192678
118.588 0.0019127
120.089 0.00189839
121.59 0.00188407
123.092 0.0018707
124.593 0.00185376
126.094 0.00183873
127.595 0.00182298
129.096 0.00180746
130.597 0.00179243
132.098 0.0017762
133.599 0.00176164
135.101 0.00174518
136.602 0.00172776
138.103 0.00171081
139.604 0.00169268
141.105 0.00167454
142.606 0.00165473
144.107 0.0016354
145.608 0.00161536
147.109 0.00159674
148.611 0.00157646
150.112 0.00155856
151.613 0.00153828
153.114 0.00151895
154.615 0.00150033
156.116 0.00148029
157.617 0.00145905
159.118 0.00143709
160.62 0.00141562
162.121 0.00139318
163.622 0.00137051
165.123 0.00134522
166.624 0.00132159
168.125 0.0012963
169.626 0.00127148
171.127 0.00124714
172.628 0.00122184
174.13 0.00119774
175.631 0.00117435
177.132 0.00115168
178.633 0.00112925
180.134 0.00110514
181.635 0.00108319
183.136 0.00106076
184.637 0.00103904
186.139 0.00101685
187.64 0.000993938
189.141 0.000972699
190.642 0.000950267
192.143 0.000928312
193.644 0.000907789
195.145 0.000887266
196.646 0.000868174
198.147 0.00084956
199.649 0.000829753
201.15 0.000811378
202.651 0.000793719
204.152 0.000778446
205.653 0.000761263
207.154 0.000744559
208.655 0.000727376
210.156 0.000713058
211.657 0.000697069
213.159 0.000682751
214.66 0.000667239
216.161 0.000654353
217.662 0.000640034
219.163 0.000627386
220.664 0.000613784
222.165 0.000602329
223.666 0.000589919
225.168 0.000576317
226.669 0.000566532
228.17 0.000555078
229.671 0.0005441
231.172 0.000532407
232.673 0.000524293
234.174 0.000514987
235.675 0.000504486
237.176 0.000495418
238.678 0.000485634
240.179 0.000476804
241.68 0.000468929
243.181 0.000460099
244.682 0.00045294
246.183 0.000444349
247.684 0.000435042
249.185 0.00042836
250.687 0.000422155
252.188 0.000415473
253.689 0.000408075
255.19 0.000401155
256.691 0.000394473
258.192 0.000389223
259.693 0.000382064
261.194 0.000375859
262.695 0.000369416
264.197 0.00036345
265.698 0.000357245
267.199 0.00035104
268.7 0.000344597
270.201 0.000338392
271.702 0.000334574
273.203 0.000328608
274.704 0.000322642
276.206 0.000318347
277.707 0.000313812
279.208 0.000308085
280.709 0.000305221
282.21 0.000299494
283.711 0.000296392
285.212 0.000293051
286.713 0.000289471
288.214 0.000284937
289.716 0.000280403
291.217 0.00027563
292.718 0.000271096
294.219 0.0002668
295.72 0.000261073
297.221 0.000255823
298.722 0.00025105
300.223 0.000244607
301.725 0.000239357
303.226 0.000235061
304.727 0.000230765
306.228 0.000226231
307.729 0.000223606
309.23 0.000219311
310.731 0.000214299
312.232 0.000211913
313.733 0.000207617
315.235 0.000203799
316.736 0.000201413
318.237 0.000199026
319.738 0.000194731
321.239 0.000193776
322.74 0.000189719
324.241 0.000186378
325.742 0.000181844
327.244 0.000178503
328.745 0.000173014
330.246 0.000169196
331.747 0.000167287
333.248 0.000162753
334.749 0.000159651
336.25 0.000155355
337.751 0.000152491
339.252 0.000151059
340.754 0.000147957
342.255 0.000145332
343.756 0.000142946
345.257 0.000140321
346.758 0.000138173
348.259 0.000136264
349.76 0.000134832
351.261 0.000132445
352.762 0.000130298
354.264 0.000128866
355.765 0.000127911
357.266 0.000126241
358.767 0.000124093
360.268 0.000123139
361.769 0.000121707
363.27 0.000120036
364.771 0.000118127
366.273 0.000117172
367.774 0.000116218
369.275 0.000113116
370.776 0.000110252
372.277 0.000109297
373.778 0.000106672
375.279 0.000106434
376.78 0.000104763
378.281 0.000104525
379.783 0.000104047
381.284 0.000102854
382.785 0.000102615
384.286 0.000100945
385.787 9.87972e-05
387.288 9.85586e-05
388.789 9.92745e-05
390.29 9.90358e-05
391.792 9.80813e-05
393.293 9.64108e-05
394.794 9.40244e-05
396.295 9.4263e-05
397.796 9.45017e-05
399.297 9.35471e-05
400.798 9.23539e-05
402.299 9.1638e-05
403.8 9.18766e-05
405.302 8.94902e-05
406.803 8.94902e-05
408.304 8.73424e-05
409.805 8.61492e-05
411.306 8.68651e-05
412.807 8.66265e-05
414.308 8.75811e-05
415.809 8.56719e-05
417.311 8.61492e-05
418.812 8.35242e-05
420.313 8.2331e-05
421.814 8.04218e-05
423.315 7.82741e-05
424.816 7.899e-05
426.317 7.82741e-05
427.818 7.899e-05
429.319 7.87514e-05
430.821 7.899e-05
432.322 7.77968e-05
433.823 7.82741e-05
435.324 7.80354e-05
436.825 7.82741e-05
438.326 7.82741e-05
439.827 7.80354e-05
441.328 7.70809e-05
442.83 7.49331e-05
444.331 7.27853e-05
445.832 7.23081e-05
447.333 7.01603e-05
448.834 7.06376e-05
450.335 7.03989e-05
451.836 6.82512e-05
453.337 6.77739e-05
454.838 6.84898e-05
456.34 6.80125e-05
457.841 7.01603e-05
459.342 6.92057e-05
460.843 6.87285e-05
462.344 6.75353e-05
463.845 6.61034e-05
465.346 6.53875e-05
466.847 6.32397e-05
468.349 6.20465e-05
469.85 6.27624e-05
471.351 6.15692e-05
472.852 6.01374e-05
474.353 6.18079e-05
475.854 0
477.355 0
478.856 0
480.357 0
481.859 0
483.36 0
484.861 0
486.362 0
487.863 0
489.364 0
490.865 0
492.366 0
493.867 0
495.369 0
496.87 0
498.371 0
499.872 0
501.373 0
502.874 0
504.375 0
505.876 0
507.378 0
508.879 0
510.38 0
511.881 0
513.382 0
514.883 0
516.384 0
517.885 0
519.386 0
520.888 0
522.389 0
523.89 0
525.391 0
526.892 0
528.393 0
529.894 0
531.395 0
532.897 0
534.398 0
535.899 0
537.4 0
538.901 0
540.402 0
541.903 0
543.404 0
544.905 0
546.407 0
547.908 0
549.409 0
550.91 0
552.411 0
553.912 0
555.413 0
556.914 0
558.416 0
559.917 0
561.418 0
562.919 0
564.42 0
565.921 0
567.422 0
568.923 0
570.424 0
571.926 0
573.427 0
574.928 0
576.429 0
577.93 0
579.431 0
580.932 0
582.433 0
583.935 0
585.436 0
586.937 0
588.438 0
589.939 0
591.44 0
592.941 0
594.442 0
595.943 0
597.445 0
598.946 0
600.447 0
601.948 0
603.449 0
604.95 0
606.451 0
607.952 0
609.453 0
610.955 0
612.456 0
613.957 0
615.458 0
616.959 0
618.46 0
619.961 0
621.462 0
622.964 0
624.465 0
625.966 0
627.467 0
628.968 0
630.469 0
631.97 0
633.471 0
634.972 0
636.474 0
637.975 0
639.476 0
640.977 0
642.478 0
643.979 0
645.48 0
646.981 0
648.483 0
649.984 0
651.485 0
652.986 0
654.487 0
655.988 0
657.489 0
658.99 0
660.491 0
661.993 0
663.494 0
664.995 0
666.496 0
667.997 0
669.498 0
670.999 0
672.5 0
674.002 0
675.503 0
677.004 0
678.505 0
680.006 0
681.507 0
683.008 0
684.509 0
686.01 0
687.512 0
689.013 0
690.514 0
692.015 0
693.516 0
695.017 0
696.518 0
698.019 0
699.521 0
701.022 0
702.523 0
704.024 0
705.525 0
707.026 0
708.527 0
710.028 0
711.529 0
713.031 0
714.532 0
716.033 0
717.534 0
719.035 0
720.536 0
722.037 0
723.538 0
725.04 0
726.541 0
728.042 0
729.543 0
731.044 0
732.545 0
734.046 0
735.547 0
737.048 0
738.55 0
740.051 0
741.552 0
743.053 0
744.554 0
746.055 0
747.556 0
749.057 0
750.558 0
752.06 0
753.561 0
755.062 0
756.563 0
758.064 0
759.565 0
761.066 0
762.567 0
764.069 0
765.57 0
767.071 0
768.572 0
770.073 0
771.574 0
773.075 0
774.576 0
776.077 0
777.579 0
779.08 0
780.581 0
782.082 0
783.583 0
785.084 0
786.585 0
788.086 0
789.588 0
791.089 0
792.59 0
794.091 0
795.592 0
797.093 0
798.594 0
800.095 0
801.596 0
803.098 0
804.599 0
806.1 0
807.601 0
809.102 0
810.603 0
812.104 0
813.605 0
815.107 0
816.608 0
818.109 0
819.61 0
821.111 0
822.612 0
824.113 0
825.614 0
827.115 0
828.617 0
830.118 0
831.619 0
833.12 0
834.621 0
836.122 0
837.623 0
839.124 0
840.626 0
842.127 0
843.628 0
845.129 0
846.63 0
848.131 0
849.632 0
851.133 0
852.634 0
854.136 0
855.637 0
857.138 0
858.639 0
860.14 0
861.641 0
863.142 0
864.643 0
866.145 0
867.646 0
869.147 0
870.648 0
872.149 0
873.65 0
875.151 0
876.652 0
878.153 0
879.655 0
881.156 0
882.657 0
884.158 0
885.659 0
887.16 0
888.661 0
890.162 0
891.663 0
893.165 0
894.666 0
896.167 0
897.668 0
899.169 0
900.67 0
902.171 0
903.672 0
905.174 0
906.675 0
908.176 0
909.677 0
911.178 0
912.679 0
914.18 0
915.681 0
917.182 0
918.684 0
920.185 0
921.686 0
923.187 0
924.688 0
926.189 0
927.69 0
929.191 0
930.693 0
932.194 0
933.695 0
935.196 0
936.697 0
938.198 0
939.699 0
941.2 0
942.701 0
944.203 0
945.704 0
947.205 0
948.706 0
950.207 0
951.708 0
953.209 0
954.71 0
956.212 0
957.713 0
959.214 0
960.715 0
962.216 0
963.717 0
965.218 0
966.719 0
968.22 0
969.722 0
971.223 0
972.724 0
974.225 0
975.726 0
977.227 0
978.728 0
980.229 0
981.731 0
983.232 0
984.733 0
986.234 0
987.735 0
989.236 0
990.737 0
992.238 0
993.739 0
995.241 0
996.742 0
998.243 0
999.744 0
1001.25 0
1002.75 0
1004.25 0
1005.75 0
1007.25 0
1008.75 0
1010.25 0
1011.75 0
1013.25 0
1014.76 0
1016.26 0
1017.76 0
1019.26 0
1020.76 0
1022.26 0
1023.76 0
1025.26 0
1026.76 0
1028.27 0
1029.77 0
1031.27 0
1032.77 0
1034.27 0
1035.77 0
1037.27 0
1038.77 0
1040.27 0
1041.78 0
1043.28 0
1044.78 0
1046.28 0
1047.78 0
1049.28 0
1050.78 0
1052.28 0
1053.78 0
1055.29 0
1056.79 0
1058.29 0
1059.79 0
1061.29 0
1062.79 0
1064.29 0
1065.79 0
1067.29 0
1068.8 0
1070.3 0
1071.8 0
1073.3 0
1074.8 0
1076.3 0
1077.8 0
1079.3 0
1080.8 0
1082.31 0
1083.81 0
1085.31 0
1086.81 0
1088.31 0
1089.81 0
1091.31 0
1092.81 0
1094.31 0
1095.82 0
1097.32 0
1098.82 0
1100.32 0
1101.82 0
1103.32 0
1104.82 0
1106.32 0
1107.82 0
1109.33 0
1110.83 0
1112.33 0
1113.83 0
1115.33 0
1116.83 0
1118.33 0
1119.83 0
1121.33 0
1122.84 0
1124.34 0
1125.84 0
1127.34 0
1128.84 0
1130.34 0
1131.84 0
1133.34 0
1134.84 0
1136.35 0
1137.85 0
1139.35 0
1140.85 0
1142.35 0
1143.85 0
1145.35 0
1146.85 0
1148.35 0
1149.86 0
1151.36 0
1152.86 0
1154.36 0
1155.86 0
1157.36 0
1158.86 0
1160.36 0
1161.86 0
1163.37 0
1164.87 0
1166.37 0
1167.87 0
1169.37 0
1170.87 0
1172.37 0
1173.87 0
1175.37 0
1176.88 0
1178.38 0
1179.88 0
1181.38 0
1182.88 0
1184.38 0
1185.88 0
1187.38 0
1188.88 0
1190.39 0
1191.89 0
1193.39 0
1194.89 0
1196.39 0
1197.89 0
1199.39 0
1200.89 0
1202.39 0
1203.9 0
1205.4 0
1206.9 0
1208.4 0
1209.9 0
1211.4 0
1212.9 0
1214.4 0
1215.9 0
1217.41 0
1218.91 0
1220.41 0
1221.91 0
1223.41 0
1224.91 0
1226.41 0
1227.91 0
1229.41 0
1230.92 0
1232.42 0
1233.92 0
1235.42 0
1236.92 0
1238.42 0
1239.92 0
1241.42 0
1242.92 0
1244.43 0
1245.93 0
1247.43 0
1248.93 0
1250.43 0
1251.93 0
1253.43 0
1254.93 0
1256.43 0
1257.94 0
1259.44 0
1260.94 0
1262.44 0
1263.94 0
1265.44 0
1266.94 0
1268.44 0
1269.94 0
1271.45 0
1272.95 0
1274.45 0
1275.95 0
1277.45 0
1278.95 0
1280.45 0
1281.95 0
1283.46 0
1284.96 0
1286.46 0
1287.96 0
1289.46 0
1290.96 0
1292.46 0
1293.96 0
1295.46 0
1296.97 0
1298.47 0
1299.97 0
1301.47 0
1302.97 0
1304.47 0
1305.97 0
1307.47 0
1308.97 0
1310.48 0
1311.98 0
1313.48 0
1314.98 0
1316.48 0
1317.98 0
1319.48 0
1320.98 0
1322.48 0
1323.99 0
1325.49 0
1326.99 0
1328.49 0
1329.99 0
1331.49 0
1332.99 0
1334.49 0
1335.99 0
1337.5 0
1339 0
1340.5 0
1342 0
1343.5 0
1345 0
1346.5 0
1348 0
1349.5 0
1351.01 0
1352.51 0
1354.01 0
1355.51 0
1357.01 0
1358.51 0
1360.01 0
1361.51 0
1363.01 0
1364.52 0
1366.02 0
1367.52 0
1369.02 0
1370.52 0
1372.02 0
1373.52 0
1375.02 0
1376.52 0
1378.03 0
1379.53 0
1381.03 0
1382.53 0
1384.03 0
1385.53 0
1387.03 0
1388.53 0
1390.03 0
1391.54 0
1393.04 0
1394.54 0
1396.04 0
1397.54 0
1399.04 0
1400.54 0
1402.04 0
1403.54 0
1405.05 0
1406.55 0
1408.05 0
1409.55 0
1411.05 0
1412.55 0
1414.05 0
1415.55 0
1417.05 0
1418.56 0
1420.06 0
1421.56 0
1423.06 0
1424.56 0
1426.06 0
1427.56 0
1429.06 0
1430.56 0
1432.07 0
1433.57 0
1435.07 0
1436.57 0
1438.07 0
1439.57 0
1441.07 0
1442.57 0
1444.07 0
1445.58 0
1447.08 0
1448.58 0
1450.08 0
1451.58 0
1453.08 0
1454.58 0
1456.08 0
1457.58 0
1459.09 0
1460.59 0
1462.09 0
1463.59 0
1465.09 0
1466.59 0
1468.09 0
1469.59 0
1471.09 0
1472.6 0
1474.1 0
1475.6 0
1477.1 0
1478.6 0
1480.1 0
1481.6 0
1483.1 0
1484.6 0
1486.11 0
1487.61 0
1489.11 0
1490.61 0
1492.11 0
1493.61 0
1495.11 0
1496.61 0
1498.11 0
1499.62 0
1501.12 0
1502.62 0
1504.12 0
1505.62 0
1507.12 0
1508.62 0
1510.12 0
1511.62 0
1513.13 0
1514.63 0
1516.13 0
1517.63 0
1519.13 0
1520.63 0
1522.13 0
1523.63 0
1525.13 0
1526.64 0
1528.14 0
1529.64 0
1531.14 0
1532.64 0
1534.14 0
1535.64 0
1537.14 0
1538.64 0
1540.15 0
1541.65 0
1543.15 0
1544.65 0
1546.15 0
1547.65 0
1549.15 0
1550.65 0
1552.15 0
1553.66 0
1555.16 0
1556.66 0
1558.16 0
1559.66 0
1561.16 0
1562.66 0
1564.16 0
1565.67 0
1567.17 0
1568.67 0
1570.17 0
1571.67 0
1573.17 0
1574.67 0
