-1574.67 0
-1573.17 0
-1571.67 0
-1570.17 0
-1568.67 0
-1567.17 0
-1565.67 0
-1564.16 0
-1562.66 0
-1561.16 0
-1559.66 0
-1558.16 0
-1556.66 0
-1555.16 0
-1553.66 0
-1552.15 0
-1550.65 0
-1549.15 0
-1547.65 0
-1546.15 0
-1544.65 0
-1543.15 0
-1541.65 0
-1540.15 0
-1538.64 0
-1537.14 0
-1535.64 0
-1534.14 0
-1532.64 0
-1531.14 0
-1529.64 0
-1528.14 0
-1526.64 0
-1525.13 0
-1523.63 0
-1522.13 0
-1520.63 0
-1519.13 0
-1517.63 0
-1516.13 0
-1514.63 0
-1513.13 0
-1511.62 0
-1510.12 0
-1508.62 0
-1507.12 0
-1505.62 0
-1504.12 0
-1502.62 0
-1501.12 0
-1499.62 0
-1498.11 0
-1496.61 0
-1495.11 0
-1493.61 0
-1492.11 0
-1490.61 0
-1489.11 0
-1487.61 0
-1486.11 0
-1484.6 0
-1483.1 0
-1481.6 0
-1480.1 0
-1478.6 0
-1477.1 0
-1475.6 0
-1474.1 0
-1472.6 0
-1471.09 0
-1469.59 0
-1468.09 0
-1466.59 0
-1465.09 0
-1463.59 0
-1462.09 0
-1460.59 0
-1459.09 0
-1457.58 0
-1456.08 0
-1454.58 0
-1453.08 0
-1451.58 0
-1450.08 0
-1448.58 0
-1447.08 0
-1445.58 0
-1444.07 0
-1442.57 0
-1441.07 0
-1439.57 0
-1438.07 0
-1436.57 0
-1435.07 0
-1433.57 0
-1432.07 0
-1430.56 0
-1429.06 0
-1427.56 0
-1426.06 0
-1424.56 0
-1423.06 0
-1421.56 0
-1420.06 0
-1418.56 0
-1417.05 0
-1415.55 0
-1414.05 0
-1412.55 0
-1411.05 0
-1409.55 0
-1408.05 0
-1406.55 0
-1405.05 0
-1403.54 0
-1402.04 0
-1400.54 0
-1399.04 0
-1397.54 0
-1396.04 0
-1394.54 0
-1393.04 0
-1391.54 0
-1390.03 0
-1388.53 0
-1387.03 0
-1385.53 0
-1384.03 0
-1382.53 0
-1381.03 0
-1379.53 0
-1378.03 0
-1376.52 0
-1375.02 0
-1373.52 0
-1372.02 0
-1370.52 0
-1369.02 0
-1367.52 0
-1366.02 0
-1364.52 0
-1363.01 0
-1361.51 0
-1360.01 0
-1358.51 0
-1357.01 0
-1355.51 0
-1354.01 0
-1352.51 0
-1351.01 0
-1349.5 0
-1348 0
-1346.5 0
-1345 0
-1343.5 0
-1342 0
-1340.5 0
-1339 0
-1337.5 0
-1335.99 0
-1334.49 0
-1332.99 0
-1331.49 0
-1329.99 0
-1328.49 0
-1326.99 0
-1325.49 0
-1323.99 0
-1322.48 0
-1320.98 0
-1319.48 0
-1317.98 0
-1316.48 0
-1314.98 0
-1313.48 0
-1311.98 0
-1310.48 0
-1308.97 0
-1307.47 0
-1305.97 0
-1304.47 0
-1302.97 0
-1301.47 0
-1299.97 0
-1298.47 0
-1296.97 0
-1295.46 0
-1293.96 0
-1292.46 0
-1290.96 0
-1289.46 0
-1287.96 0
-1286.46 0
-1284.96 0
-1283.46 0
-1281.95 0
-1280.45 0
-1278.95 0
-1277.45 0
-1275.95 0
-1274.45 0
-1272.95 0
-1271.45 0
-1269.94 0
-1268.44 0
-1266.94 0
-1265.44 0
-1263.94 0
-1262.44 0
-1260.94 0
-1259.44 0
-1257.94 0
-1256.43 0
-1254.93 0
-1253.43 0
-1251.93 0
-1250.43 0
-1248.93 0
-1247.43 0
-1245.93 0
-1244.43 0
-1242.92 0
-1241.42 0
-1239.92 0
-1238.42 0
-1236.92 0
-1235.42 0
-1233.92 0
-1232.42 0
-1230.92 0
-1229.41 0
-1227.91 0
-1226.41 0
-1224.91 0
-1223.41 0
-1221.91 0
-1220.41 0
-1218.91 0
-1217.41 0
-1215.9 0
-1214.4 0
-1212.9 0
-1211.4 0
-1209.9 0
-1208.4 0
-1206.9 0
-1205.4 0
-1203.9 0
-1202.39 0
-1200.89 0
-1199.39 0
-1197.89 0
-1196.39 0
-1194.89 0
-1193.39 0
-1191.89 0
-1190.39 0
-1188.88 0
-1187.38 0
-1185.88 0
-1184.38 0
-1182.88 0
-1181.38 0
-1179.88 0
-1178.38 0
-1176.88 0
-1175.37 0
-1173.87 0
-1172.37 0
-1170.87 0
-1169.37 0
-1167.87 0
-1166.37 0
-1164.87 0
-1163.37 0
-1161.86 0
-1160.36 0
-1158.86 0
-1157.36 0
-1155.86 0
-1154.36 0
-1152.86 0
-1151.36 0
-1149.86 0
-1148.35 0
-1146.85 0
-1145.35 0
-1143.85 0
-1142.35 0
-1140.85 0
-1139.35 0
-1137.85 0
-1136.35 0
-1134.84 0
-1133.34 0
-1131.84 0
-1130.34 0
-1128.84 0
-1127.34 0
-1125.84 0
-1124.34 0
-1122.84 0
-1121.33 0
-1119.83 0
-1118.33 0
-1116.83 0
-1115.33 0
-1113.83 0
-1112.33 0
-1110.83 0
-1109.33 0
-1107.82 0
-1106.32 0
-1104.82 0
-1103.32 0
-1101.82 0
-1100.32 0
-1098.82 0
-1097.32 0
-1095.82 0
-1094.31 0
-1092.81 0
-1091.31 0
-1089.81 0
-1088.31 0
-1086.81 0
-1085.31 0
-1083.81 0
-1082.31 0
-1080.8 0
-1079.3 0
-1077.8 0
-1076.3 0
-1074.8 0
-1073.3 0
-1071.8 0
-1070.3 0
-1068.8 0
-1067.29 0
-1065.79 0
-1064.29 0
-1062.79 0
-1061.29 0
-1059.79 0
-1058.29 0
-1056.79 0
-1055.29 0
-1053.78 0
-1052.28 0
-1050.78 0
-1049.28 0
-1047.78 0
-1046.28 0
-1044.78 0
-1043.28 0
-1041.78 0
-1040.27 0
-1038.77 0
-1037.27 0
-1035.77 0
-1034.27 0
-1032.77 0
-1031.27 0
-1029.77 0
-1028.27 0
-1026.76 0
-1025.26 0
-1023.76 0
-1022.26 0
-1020.76 0
-1019.26 0
-1017.76 0
-1016.26 0
-1014.76 0
-1013.25 0
-1011.75 0
-1010.25 0
-1008.75 0
-1007.25 0
-1005.75 0
-1004.25 0
-1002.75 0
-1001.25 0
-999.744 0
-998.243 0
-996.742 0
-995.241 0
-993.739 0
-992.238 0
-990.737 0
-989.236 0
-987.735 0
-986.234 0
-984.733 0
-983.232 0
-981.731 0
-980.229 0
-978.728 0
-977.227 0
-975.726 0
-974.225 0
-972.724 0
-971.223 0
-969.722 0
-968.22 0
-966.719 0
-965.218 0
-963.717 0
-962.216 0
-960.715 0
-959.214 0
-957.713 0
-956.212 0
-954.71 0
-953.209 0
-951.708 0
-950.207 0
-948.706 0
-947.205 0
-945.704 0
-944.203 0
-942.701 0
-941.2 0
-939.699 0
-938.198 0
-936.697 0
-935.196 0
-933.695 0
-932.194 0
-930.693 0
-929.191 0
-927.69 0
-926.189 0
-924.688 0
-923.187 0
-921.686 0
-920.185 0
-918.684 0
-917.182 0
-915.681 0
-914.18 0
-912.679 0
-911.178 0
-909.677 0
-908.176 0
-906.675 0
-905.174 0
-903.672 0
-902.171 0
-900.67 0
-899.169 0
-897.668 0
-896.167 0
-894.666 0
-893.165 0
-891.663 0
-890.162 0
-888.661 0
-887.16 0
-885.659 0
-884.158 0
-882.657 0
-881.156 0
-879.655 0
-878.153 0
-876.652 0
-875.151 0
-873.65 0
-872.149 0
-870.648 0
-869.147 0
-867.646 0
-866.145 0
-864.643 0
-863.142 0
-861.641 0
-860.14 0
-858.639 0
-857.138 0
-855.637 0
-854.136 0
-852.634 0
-851.133 0
-849.632 0
-848.131 0
-846.63 0
-845.129 0
-843.628 0
-842.127 0
-840.626 0
-839.124 0
-837.623 0
-836.122 0
-834.621 0
-833.12 0
-831.619 0
-830.118 0
-828.617 0
-827.115 0
-825.614 0
-824.113 0
-822.612 0
-821.111 0
-819.61 0
-818.109 0
-816.608 0
-815.107 0
-813.605 0
-812.104 0
-810.603 0
-809.102 0
-807.601 0
-806.1 0
-804.599 0
-803.098 0
-801.596 0
-800.095 0
-798.594 0
-797.093 0
-795.592 0
-794.091 0
-792.59 0
-791.089 0
-789.588 0
-788.086 0
-786.585 0
-785.084 0
-783.583 0
-782.082 0
-780.581 0
-779.08 0
-777.579 0
-776.077 0
-774.576 0
-773.075 0
-771.574 0
-770.073 0
-768.572 0
-767.071 0
-765.57 0
-764.069 0
-762.567 0
-761.066 0
-759.565 0
-758.064 0
-756.563 0
-755.062 0
-753.561 0
-752.06 0
-750.558 0
-749.057 0
-747.556 0
-746.055 0
-744.554 0
-743.053 0
-741.552 0
-740.051 0
-738.55 0
-737.048 0
-735.547 0
-734.046 0
-732.545 0
-731.044 0
-729.543 0
-728.042 0
-726.541 0
-725.04 0
-723.538 0
-722.037 0
-720.536 0
-719.035 0
-717.534 0
-716.033 0
-714.532 0
-713.031 0
-711.529 0
-710.028 0
-708.527 0
-707.026 0
-705.525 0
-704.024 0
-702.523 0
-701.022 0
-699.521 0
-698.019 0
-696.518 0
-695.017 0
-693.516 0
-692.015 0
-690.514 0
-689.013 0
-687.512 0
-686.01 0
-684.509 0
-683.008 0
-681.507 0
-680.006 0
-678.505 0
-677.004 0
-675.503 0
-674.002 0
-672.5 0
-670.999 0
-669.498 0
-667.997 0
-666.496 0
-664.995 0
-663.494 0
-661.993 0
-660.491 0
-658.99 0
-657.489 0
-655.988 0
-654.487 0
-652.986 0
-651.485 0
-649.984 0
-648.483 0
-646.981 0
-645.48 0
-643.979 0
-642.478 0
-640.977 0
-639.476 0
-637.975 0
-636.474 0
-634.972 0
-633.471 0
-631.97 0
-630.469 0
-628.968 0
-627.467 0
-625.966 0
-624.465 0
-622.964 0
-621.462 0
-619.961 0
-618.46 0
-616.959 0
-615.458 0
-613.957 0
-612.456 0
-610.955 0
-609.453 0
-607.952 0
-606.451 0
-604.95 0
-603.449 0
-601.948 0
-600.447 0
-598.946 0
-597.445 0
-595.943 0
-594.442 0
-592.941 0
-591.44 0
-589.939 0
-588.438 0
-586.937 0
-585.436 0
-583.935 0
-582.433 0
-580.932 0
-579.431 0
-577.93 0
-576.429 0
-574.928 0
-573.427 0
-571.926 0
-570.424 0
-568.923 0
-567.422 0
-565.921 0
-564.42 0
-562.919 0
-561.418 0
-559.917 0
-558.416 0
-556.914 0
-555.413 0
-553.912 0
-552.411 0
-550.91 0
-549.409 0
-547.908 0
-546.407 0
-544.905 0
-543.404 0
-541.903 0
-540.402 0
-538.901 0
-537.4 0
-535.899 0
-534.398 0
-532.897 0
-531.395 0
-529.894 0
-528.393 0
-526.892 0
-525.391 0
-523.89 0
-522.389 0
-520.888 0
-519.386 0
-517.885 0
-516.384 0
-514.883 0
-513.382 0
-511.881 0
-510.38 0
-508.879 0
-507.378 0
-505.876 0
-504.375 0
-502.874 0
-501.373 0
-499.872 0
-498.371 0
-496.87 0
-495.369 0
-493.867 0
-492.366 0
-490.865 0
-489.364 0
-487.863 0
-486.362 0
-484.861 4.16562e-05
-483.36 4.16562e-05
-481.859 4.19475e-05
-480.357 4.39866e-05
-478.856 4.54431e-05
-477.355 4.54431e-05
-475.854 4.77735e-05
-474.353 4.98127e-05
-472.852 4.83561e-05
-471.351 4.923e-05
-469.85 5.12692e-05
-468.349 5.06866e-05
-466.847 5.0104e-05
-465.346 4.83561e-05
-463.845 4.83561e-05
-462.344 4.95214e-05
-460.843 4.95214e-05
-459.342 5.15605e-05
-457.841 5.3017e-05
-456.34 5.38909e-05
-454.838 5.68039e-05
-453.337 5.85517e-05
-451.836 6.00082e-05
-450.335 6.05908e-05
-448.834 6.00082e-05
-447.333 6.02995e-05
-445.832 6.00082e-05
-444.331 6.14647e-05
-442.83 6.1756e-05
-441.328 6.32126e-05
-439.827 6.40865e-05
-438.326 6.40865e-05
-436.825 6.32126e-05
-435.324 6.40865e-05
-433.823 6.43778e-05
-432.322 6.49604e-05
-430.821 6.52517e-05
-429.319 6.69995e-05
-427.818 6.58343e-05
-426.317 6.5543e-05
-424.816 6.43778e-05
-423.315 6.37951e-05
-421.814 6.35038e-05
-420.313 6.4669e-05
-418.812 6.69995e-05
-417.311 6.43778e-05
-415.809 6.49604e-05
-414.308 6.78734e-05
-412.807 6.87473e-05
-411.306 7.10777e-05
-409.805 7.22429e-05
-408.304 7.16603e-05
-406.803 7.36994e-05
-405.302 7.31168e-05
-403.8 7.34081e-05
-402.299 7.45733e-05
-400.798 7.48646e-05
-399.297 7.60298e-05
-397.796 7.60298e-05
-396.295 7.74863e-05
-394.794 7.83603e-05
-393.293 8.03994e-05
-391.792 8.15646e-05
-390.29 8.27298e-05
-388.789 8.56428e-05
-387.288 8.47689e-05
-385.787 8.47689e-05
-384.286 8.62254e-05
-382.785 8.85559e-05
-381.284 9.17602e-05
-379.783 9.20515e-05
-378.281 9.11776e-05
-376.78 9.3508e-05
-375.279 9.46732e-05
-373.778 9.67123e-05
-372.277 9.84601e-05
-370.776 0.000100791
-369.275 0.000101956
-367.774 0.000101956
-366.273 0.000104869
-364.771 0.000106034
-363.27 0.000107199
-361.769 0.000108656
-360.268 0.000108947
-358.767 0.00010953
-357.266 0.000112151
-355.765 0.000112443
-354.264 0.000114773
-352.762 0.000116521
-351.261 0.000118851
-349.76 0.000120599
-348.259 0.000121473
-346.758 0.000124677
-345.257 0.000127299
-343.756 0.000129629
-342.255 0.000130212
-340.754 0.000131669
-339.252 0.000133416
-337.751 0.000135747
-336.25 0.000137203
-334.749 0.000140699
-333.248 0.000141573
-331.747 0.000141573
-330.246 0.000143612
-328.745 0.000143903
-327.244 0.000146816
-325.742 0.000148855
-324.241 0.000150894
-322.74 0.000151768
-321.239 0.000154099
-319.738 0.000155264
-318.237 0.000155847
-316.736 0.000155555
-315.235 0.000158177
-313.733 0.000159634
-312.232 0.00016109
-310.731 0.000162255
-309.23 0.000164877
-307.729 0.000166333
-306.228 0.000169538
-304.727 0.000173907
-303.226 0.000176238
-301.725 0.000179442
-300.223 0.000181772
-298.722 0.000182938
-297.221 0.000184103
-295.72 0.000186725
-294.219 0.00018789
-292.718 0.000190803
-291.217 0.000194007
-289.716 0.000198085
-288.214 0.000198377
-286.713 0.000202164
-285.212 0.000209446
-283.711 0.000212359
-282.21 0.000214398
-280.709 0.000218185
-279.208 0.000221681
-277.707 0.000224885
-276.206 0.000228089
-274.704 0.000231585
-273.203 0.000234498
-271.702 0.000236537
-270.201 0.000238576
-268.7 0.000242363
-267.199 0.000244985
-265.698 0.000248772
-264.197 0.000250228
-262.695 0.000252559
-261.194 0.000255763
-259.693 0.000259259
-258.192 0.000262754
-256.691 0.000268289
-255.19 0.000274406
-253.689 0.000282272
-252.188 0.000288389
-250.687 0.000294215
-249.185 0.000300624
-247.684 0.000305576
-246.183 0.000311402
-244.682 0.000317228
-243.181 0.000321597
-241.68 0.00032888
-240.179 0.000332667
-238.678 0.000341697
-237.176 0.000346941
-235.675 0.000353932
-234.174 0.00036238
-232.673 0.000370245
-231.172 0.000379567
-229.671 0.000387723
-228.17 0.000395879
-226.669 0.000406658
-225.168 0.000415105
-223.666 0.000425301
-222.165 0.000436662
-220.664 0.000445692
-219.163 0.000459383
-217.662 0.000470744
-216.161 0.000485309
-214.66 0.000496379
-213.159 0.00051007
-211.657 0.000526965
-210.156 0.000540948
-208.655 0.000559008
-207.154 0.000576195
-205.653 0.000592217
-204.152 0.000609695
-202.651 0.000629795
-201.15 0.00064873
-199.649 0.00066883
-198.147 0.000688055
-196.646 0.000712525
-195.145 0.000734663
-193.644 0.00075622
-192.143 0.000780398
-190.642 0.000803702
-189.141 0.000830502
-187.64 0.000857593
-186.139 0.000883228
-184.637 0.000911775
-183.136 0.000941488
-181.635 0.000972074
-180.134 0.00100441
-178.633 0.00103587
-177.132 0.00106791
-175.631 0.00110229
-174.13 0.00113666
-172.628 0.00117278
-171.127 0.00120745
-169.626 0.00124386
-168.125 0.00128289
-166.624 0.00132047
-165.123 0.00135892
-163.622 0.00140058
-162.121 0.00144136
-160.62 0.0014804
-159.118 0.00152205
-157.617 0.0015605
-156.116 0.00160216
-154.615 0.0016377
-153.114 0.00167499
-151.613 0.00171285
-150.112 0.0017481
-148.611 0.00178219
-147.109 0.00181773
-145.608 0.00185356
-144.107 0.00188968
-142.606 0.00192172
-141.105 0.00195434
-139.604 0.00198843
-138.103 0.00202105
-136.602 0.00205222
-135.101 0.00208281
-133.599 0.00211252
-132.098 0.00214165
-130.597 0.00216991
-129.096 0.00219671
-127.595 0.00222118
-126.094 0.00224477
-124.593 0.00227128
-123.092 0.00229429
-121.59 0.00231789
-120.089 0.00233799
-118.588 0.00235955
-117.087 0.00238023
-115.586 0.00240208
-114.085 0.00242014
-112.584 0.00243907
-111.083 0.00245684
-109.582 0.00247315
-108.08 0.00249151
-106.579 0.00250782
-105.078 0.00252384
-103.577 0.00253957
-102.076 0.00255268
-100.575 0.00256899
-99.0737 0.00258035
-97.5726 0.00259346
-96.0715 0.00260657
-94.5704 0.00261851
-93.0693 0.00263308
-91.5681 0.00264502
-90.067 0.00266075
-88.5659 0.00267357
-87.0648 0.00268901
-85.5637 0.00270212
-84.0626 0.00271785
-82.5614 0.00273358
-81.0603 0.00274785
-79.5592 0.0027662
-78.0581 0.00277989
-76.557 0.00279737
-75.0558 0.00281543
-73.5547 0.00283437
-72.0536 0.00285039
-70.5525 0.0028702
-69.0514 0.00289117
-67.5503 0.00290982
-66.0491 0.00293254
-64.548 0.00295205
-63.0469 0.00297594
-61.5458 0.00299662
-60.0447 0.00302167
-58.5436 0.00304556
-57.0424 0.00306887
-55.5413 0.00309363
-54.0402 0.0031213
-52.5391 0.00314781
-51.038 0.00317577
-49.5369 0.00320374
-48.0357 0.00323083
-46.5346 0.00325967
-45.0335 0.00328909
-43.5324 0.00331676
-42.0313 0.00334531
-40.5302 0.00337502
-39.029 0.00340357
-37.5279 0.00343358
-36.0268 0.00346416
-34.5257 0.00349504
-33.0246 0.00352505
-31.5235 0.00355709
-30.0223 0.00358738
-28.5212 0.00361564
-27.0201 0.00364506
-25.519 0.00367361
-24.0179 0.0037007
-22.5168 0.00372721
-21.0156 0.00375197
-19.5145 0.00377498
-18.0134 0.00379596
-16.5123 0.00381635
-15.0112 0.00383732
-13.5101 0.00385363
-12.0089 0.00386995
-10.5078 0.00388306
-9.0067 0.00389879
-7.50558 0.0039084
-6.00447 0.00391918
-4.50335 0.00392733
-3.00223 0.00393345
-1.50112 0.00393636
0 0.00393782
1.50112 0.00393578
3.00223 0.00393345
4.50335 0.00392762
6.00447 0.00391889
7.50558 0.00390869
9.0067 0.0038982
10.5078 0.00388422
12.0089 0.00386849
13.5101 0.00385276
15.0112 0.00383324
16.5123 0.00381402
18.0134 0.00379071
19.5145 0.00376595
21.0156 0.00373915
22.5168 0.00370973
24.0179 0.00367623
25.519 0.00364331
27.0201 0.00360661
28.5212 0.00356903
30.0223 0.00353145
31.5235 0.00349009
33.0246 0.00345222
34.5257 0.0034126
36.0268 0.00337007
37.5279 0.00332725
39.029 0.00328647
40.5302 0.00324336
42.0313 0.00319966
43.5324 0.00315393
45.0335 0.00310877
46.5346 0.00306421
48.0357 0.00301934
49.5369 0.00297623
51.038 0.00293195
52.5391 0.00288768
54.0402 0.00284194
55.5413 0.00279941
57.0424 0.00275572
58.5436 0.00271144
60.0447 0.00266833
61.5458 0.00262521
63.0469 0.00258327
64.548 0.00254248
66.0491 0.00250054
67.5503 0.00246034
69.0514 0.00242276
70.5525 0.00238547
72.0536 0.00234615
73.5547 0.00231177
75.0558 0.00227769
76.557 0.00224332
78.0581 0.00221069
79.5592 0.00217865
81.0603 0.00214689
82.5614 0.00211427
84.0626 0.00208572
85.5637 0.00205717
87.0648 0.00202717
88.5659 0.0019992
90.067 0.00197095
91.5681 0.00194269
93.0693 0.00191793
94.5704 0.00189288
96.0715 0.00186958
97.5726 0.00184482
99.0737 0.00182035
100.575 0.00180141
102.076 0.0017784
103.577 0.00175626
105.078 0.00173441
106.579 0.00171431
108.08 0.0016913
109.582 0.00167032
111.083 0.00165022
112.584 0.00162983
114.085 0.00161236
115.586 0.00159284
117.087 0.0015739
118.588 0.00155555
120.089 0.00153807
121.59 0.00151972
123.092 0.00150021
124.593 0.00148098
126.094 0.00146263
127.595 0.00144078
129.096 0.00142126
130.597 0.00140029
132.098 0.00138019
133.599 0.00136155
135.101 0.00134115
136.602 0.00132193
138.103 0.00130037
139.604 0.00128202
141.105 0.00125959
142.606 0.00124095
144.107 0.00121852
145.608 0.00119783
147.109 0.00117802
148.611 0.00115676
150.112 0.00113666
151.613 0.00111627
153.114 0.0010953
154.615 0.00107578
156.116 0.0010551
157.617 0.00103441
159.118 0.00101373
160.62 0.000994505
162.121 0.0009712
163.622 0.000952557
165.123 0.000929253
166.624 0.000907988
168.125 0.000888471
169.626 0.000869245
171.127 0.00084798
172.628 0.000828754
174.13 0.000809237
175.631 0.000791176
177.132 0.000773115
178.633 0.000755928
180.134 0.000738742
181.635 0.000720972
183.136 0.000702912
184.637 0.000688347
186.139 0.000669121
187.64 0.000651351
189.141 0.00063766
190.642 0.000620182
192.143 0.000602412
193.644 0.000587556
195.145 0.000571826
196.646 0.000556678
198.147 0.000543569
199.649 0.000526383
201.15 0.000514439
202.651 0.000501622
204.152 0.000488805
205.653 0.000478901
207.154 0.000466375
208.655 0.000456762
210.156 0.000446275
211.657 0.000438118
213.159 0.000428797
214.66 0.000418601
216.161 0.000406658
217.662 0.000398501
219.163 0.000388597
220.664 0.000379567
222.165 0.00036908
223.666 0.000359758
225.168 0.000350145
226.669 0.000344028
228.17 0.000336454
229.671 0.000329754
231.172 0.000321889
232.673 0.000316937
234.174 0.00031315
235.675 0.000306158
237.176 0.000301498
238.678 0.000297419
240.179 0.000291885
241.68 0.000286932
243.181 0.000282272
244.682 0.000278776
246.183 0.000274406
247.684 0.000269746
249.185 0.000265667
250.687 0.00026188
252.188 0.000255181
253.689 0.000250811
255.19 0.000250228
256.691 0.000244985
258.192 0.000242363
259.693 0.000237411
261.194 0.000234789
262.695 0.00023275
264.197 0.000230129
265.698 0.000226924
267.199 0.000224011
268.7 0.000221972
270.201 0.000218185
271.702 0.000216437
273.203 0.00021469
274.704 0.000211777
276.206 0.000208572
277.707 0.000206824
279.208 0.000202746
280.709 0.000200416
282.21 0.000197503
283.711 0.000195172
285.212 0.000192842
286.713 0.00018789
288.214 0.000186433
289.716 0.000184977
291.217 0.000183812
292.718 0.000180607
294.219 0.000177986
295.72 0.000176238
297.221 0.000173325
298.722 0.000173616
300.223 0.000170703
301.725 0.000168664
303.226 0.000166042
304.727 0.000164877
306.228 0.000160799
307.729 0.000158468
309.23 0.000155264
310.731 0.000153516
312.232 0.000153225
313.733 0.000151768
315.235 0.000149147
316.736 0.000147981
318.237 0.000146816
319.738 0.000145651
321.239 0.000143029
322.74 0.000142155
324.241 0.000139242
325.742 0.000137203
327.244 0.000134582
328.745 0.000133999
330.246 0.00013196
331.747 0.000130212
333.248 0.000129047
334.749 0.000128755
336.25 0.000126134
337.751 0.000124095
339.252 0.000122056
340.754 0.000122056
342.255 0.000122638
343.756 0.000120016
345.257 0.000117977
346.758 0.000119143
348.259 0.000116812
349.76 0.000116229
351.261 0.000114482
352.762 0.000112734
354.264 0.00011186
355.765 0.000110403
357.266 0.000108073
358.767 0.000107782
360.268 0.000106325
361.769 0.000103704
363.27 0.000101082
364.771 0.000100208
366.273 9.78775e-05
367.774 9.90427e-05
369.275 9.75862e-05
370.776 9.70036e-05
372.277 9.67123e-05
373.778 9.75862e-05
375.279 9.67123e-05
376.78 9.61297e-05
378.281 9.55471e-05
379.783 9.6421e-05
381.284 9.55471e-05
382.785 9.43819e-05
384.286 9.29254e-05
385.787 9.20515e-05
387.288 9.26341e-05
388.789 9.11776e-05
390.29 8.91385e-05
391.792 8.91385e-05
393.293 8.91385e-05
394.794 8.85559e-05
396.295 8.79732e-05
397.796 8.73906e-05
399.297 8.73906e-05
400.798 8.53515e-05
402.299 8.53515e-05
403.8 8.50602e-05
405.302 8.50602e-05
406.803 8.41863e-05
408.304 8.47689e-05
409.805 8.44776e-05
411.306 8.33124e-05
412.807 8.18559e-05
414.308 8.27298e-05
415.809 8.30211e-05
417.311 8.27298e-05
418.812 8.06907e-05
420.313 7.89429e-05
421.814 8.03994e-05
423.315 7.71951e-05
424.816 7.8069e-05
426.317 7.69038e-05
427.818 7.77777e-05
429.319 7.74864e-05
430.821 7.8069e-05
432.322 7.63211e-05
433.823 7.74863e-05
435.324 7.57385e-05
436.825 7.63211e-05
438.326 7.48646e-05
439.827 7.36994e-05
441.328 7.36994e-05
442.83 7.16603e-05
444.331 7.19516e-05
445.832 7.07864e-05
447.333 6.90386e-05
448.834 6.90386e-05
450.335 6.90386e-05
451.836 6.93299e-05
453.337 6.87473e-05
454.838 6.96212e-05
456.34 6.99125e-05
457.841 6.81647e-05
459.342 6.96212e-05
460.843 6.87473e-05
462.344 6.75821e-05
463.845 6.69995e-05
465.346 6.43778e-05
466.847 6.40865e-05
468.349 6.46691e-05
469.85 6.40865e-05
471.351 6.20473e-05
472.852 6.14647e-05
474.353 6.14647e-05
475.854 6.05908e-05
477.355 6.05908e-05
478.856 5.97169e-05
480.357 6.05908e-05
481.859 6.1756e-05
483.36 5.97169e-05
484.861 6.00082e-05
486.362 0
487.863 0
489.364 0
490.865 0
492.366 0
493.867 0
495.369 0
496.87 0
498.371 0
499.872 0
501.373 0
502.874 0
504.375 0
505.876 0
507.378 0
508.879 0
510.38 0
511.881 0
513.382 0
514.883 0
516.384 0
517.885 0
519.386 0
520.888 0
522.389 0
523.89 0
525.391 0
526.892 0
528.393 0
529.894 0
531.395 0
532.897 0
534.398 0
535.899 0
537.4 0
538.901 0
540.402 0
541.903 0
543.404 0
544.905 0
546.407 0
547.908 0
549.409 0
550.91 0
552.411 0
553.912 0
555.413 0
556.914 0
558.416 0
559.917 0
561.418 0
562.919 0
564.42 0
565.921 0
567.422 0
568.923 0
570.424 0
571.926 0
573.427 0
574.928 0
576.429 0
577.93 0
579.431 0
580.932 0
582.433 0
583.935 0
585.436 0
586.937 0
588.438 0
589.939 0
591.44 0
592.941 0
594.442 0
595.943 0
597.445 0
598.946 0
600.447 0
601.948 0
603.449 0
604.95 0
606.451 0
607.952 0
609.453 0
610.955 0
612.456 0
613.957 0
615.458 0
616.959 0
618.46 0
619.961 0
621.462 0
622.964 0
624.465 0
625.966 0
627.467 0
628.968 0
630.469 0
631.97 0
633.471 0
634.972 0
636.474 0
637.975 0
639.476 0
640.977 0
642.478 0
643.979 0
645.48 0
646.981 0
648.483 0
649.984 0
651.485 0
652.986 0
654.487 0
655.988 0
657.489 0
658.99 0
660.491 0
661.993 0
663.494 0
664.995 0
666.496 0
667.997 0
669.498 0
670.999 0
672.5 0
674.002 0
675.503 0
677.004 0
678.505 0
680.006 0
681.507 0
683.008 0
684.509 0
686.01 0
687.512 0
689.013 0
690.514 0
692.015 0
693.516 0
695.017 0
696.518 0
698.019 0
699.521 0
701.022 0
702.523 0
704.024 0
705.525 0
707.026 0
708.527 0
710.028 0
711.529 0
713.031 0
714.532 0
716.033 0
717.534 0
719.035 0
720.536 0
722.037 0
723.538 0
725.04 0
726.541 0
728.042 0
729.543 0
731.044 0
732.545 0
734.046 0
735.547 0
737.048 0
738.55 0
740.051 0
741.552 0
743.053 0
744.554 0
746.055 0
747.556 0
749.057 0
750.558 0
752.06 0
753.561 0
755.062 0
756.563 0
758.064 0
759.565 0
761.066 0
762.567 0
764.069 0
765.57 0
767.071 0
768.572 0
770.073 0
771.574 0
773.075 0
774.576 0
776.077 0
777.579 0
779.08 0
780.581 0
782.082 0
783.583 0
785.084 0
786.585 0
788.086 0
789.588 0
791.089 0
792.59 0
794.091 0
795.592 0
797.093 0
798.594 0
800.095 0
801.596 0
803.098 0
804.599 0
806.1 0
807.601 0
809.102 0
810.603 0
812.104 0
813.605 0
815.107 0
816.608 0
818.109 0
819.61 0
821.111 0
822.612 0
824.113 0
825.614 0
827.115 0
828.617 0
830.118 0
831.619 0
833.12 0
834.621 0
836.122 0
837.623 0
839.124 0
840.626 0
842.127 0
843.628 0
845.129 0
846.63 0
848.131 0
849.632 0
851.133 0
852.634 0
854.136 0
855.637 0
857.138 0
858.639 0
860.14 0
861.641 0
863.142 0
864.643 0
866.145 0
867.646 0
869.147 0
870.648 0
872.149 0
873.65 0
875.151 0
876.652 0
878.153 0
879.655 0
881.156 0
882.657 0
884.158 0
885.659 0
887.16 0
888.661 0
890.162 0
891.663 0
893.165 0
894.666 0
896.167 0
897.668 0
899.169 0
900.67 0
902.171 0
903.672 0
905.174 0
906.675 0
908.176 0
909.677 0
911.178 0
912.679 0
914.18 0
915.681 0
917.182 0
918.684 0
920.185 0
921.686 0
923.187 0
924.688 0
926.189 0
927.69 0
929.191 0
930.693 0
932.194 0
933.695 0
935.196 0
936.697 0
938.198 0
939.699 0
941.2 0
942.701 0
944.203 0
945.704 0
947.205 0
948.706 0
950.207 0
951.708 0
953.209 0
954.71 0
956.212 0
957.713 0
959.214 0
960.715 0
962.216 0
963.717 0
965.218 0
966.719 0
968.22 0
969.722 0
971.223 0
972.724 0
974.225 0
975.726 0
977.227 0
978.728 0
980.229 0
981.731 0
983.232 0
984.733 0
986.234 0
987.735 0
989.236 0
990.737 0
992.238 0
993.739 0
995.241 0
996.742 0
998.243 0
999.744 0
1001.25 0
1002.75 0
1004.25 0
1005.75 0
1007.25 0
1008.75 0
1010.25 0
1011.75 0
1013.25 0
1014.76 0
1016.26 0
1017.76 0
1019.26 0
1020.76 0
1022.26 0
1023.76 0
1025.26 0
1026.76 0
1028.27 0
1029.77 0
1031.27 0
1032.77 0
1034.27 0
1035.77 0
1037.27 0
1038.77 0
1040.27 0
1041.78 0
1043.28 0
1044.78 0
1046.28 0
1047.78 0
1049.28 0
1050.78 0
1052.28 0
1053.78 0
1055.29 0
1056.79 0
1058.29 0
1059.79 0
1061.29 0
1062.79 0
1064.29 0
1065.79 0
1067.29 0
1068.8 0
1070.3 0
1071.8 0
1073.3 0
1074.8 0
1076.3 0
1077.8 0
1079.3 0
1080.8 0
1082.31 0
1083.81 0
1085.31 0
1086.81 0
1088.31 0
1089.81 0
1091.31 0
1092.81 0
1094.31 0
1095.82 0
1097.32 0
1098.82 0
1100.32 0
1101.82 0
1103.32 0
1104.82 0
1106.32 0
1107.82 0
1109.33 0
1110.83 0
1112.33 0
1113.83 0
1115.33 0
1116.83 0
1118.33 0
1119.83 0
1121.33 0
1122.84 0
1124.34 0
1125.84 0
1127.34 0
1128.84 0
1130.34 0
1131.84 0
1133.34 0
1134.84 0
1136.35 0
1137.85 0
1139.35 0
1140.85 0
1142.35 0
1143.85 0
1145.35 0
1146.85 0
1148.35 0
1149.86 0
1151.36 0
1152.86 0
1154.36 0
1155.86 0
1157.36 0
1158.86 0
1160.36 0
1161.86 0
1163.37 0
1164.87 0
1166.37 0
1167.87 0
1169.37 0
1170.87 0
1172.37 0
1173.87 0
1175.37 0
1176.88 0
1178.38 0
1179.88 0
1181.38 0
1182.88 0
1184.38 0
1185.88 0
1187.38 0
1188.88 0
1190.39 0
1191.89 0
1193.39 0
1194.89 0
1196.39 0
1197.89 0
1199.39 0
1200.89 0
1202.39 0
1203.9 0
1205.4 0
1206.9 0
1208.4 0
1209.9 0
1211.4 0
1212.9 0
1214.4 0
1215.9 0
1217.41 0
1218.91 0
1220.41 0
1221.91 0
1223.41 0
1224.91 0
1226.41 0
1227.91 0
1229.41 0
1230.92 0
1232.42 0
1233.92 0
1235.42 0
1236.92 0
1238.42 0
1239.92 0
1241.42 0
1242.92 0
1244.43 0
1245.93 0
1247.43 0
1248.93 0
1250.43 0
1251.93 0
1253.43 0
1254.93 0
1256.43 0
1257.94 0
1259.44 0
1260.94 0
1262.44 0
1263.94 0
1265.44 0
1266.94 0
1268.44 0
1269.94 0
1271.45 0
1272.95 0
1274.45 0
1275.95 0
1277.45 0
1278.95 0
1280.45 0
1281.95 0
1283.46 0
1284.96 0
1286.46 0
1287.96 0
1289.46 0
1290.96 0
1292.46 0
1293.96 0
1295.46 0
1296.97 0
1298.47 0
1299.97 0
1301.47 0
1302.97 0
1304.47 0
1305.97 0
1307.47 0
1308.97 0
1310.48 0
1311.98 0
1313.48 0
1314.98 0
1316.48 0
1317.98 0
1319.48 0
1320.98 0
1322.48 0
1323.99 0
1325.49 0
1326.99 0
1328.49 0
1329.99 0
1331.49 0
1332.99 0
1334.49 0
1335.99 0
1337.5 0
1339 0
1340.5 0
1342 0
1343.5 0
1345 0
1346.5 0
1348 0
1349.5 0
1351.01 0
1352.51 0
1354.01 0
1355.51 0
1357.01 0
1358.51 0
1360.01 0
1361.51 0
1363.01 0
1364.52 0
1366.02 0
1367.52 0
1369.02 0
1370.52 0
1372.02 0
1373.52 0
1375.02 0
1376.52 0
1378.03 0
1379.53 0
1381.03 0
1382.53 0
1384.03 0
1385.53 0
1387.03 0
1388.53 0
1390.03 0
1391.54 0
1393.04 0
1394.54 0
1396.04 0
1397.54 0
1399.04 0
1400.54 0
1402.04 0
1403.54 0
1405.05 0
1406.55 0
1408.05 0
1409.55 0
1411.05 0
1412.55 0
1414.05 0
1415.55 0
1417.05 0
1418.56 0
1420.06 0
1421.56 0
1423.06 0
1424.56 0
1426.06 0
1427.56 0
1429.06 0
1430.56 0
1432.07 0
1433.57 0
1435.07 0
1436.57 0
1438.07 0
1439.57 0
1441.07 0
1442.57 0
1444.07 0
1445.58 0
1447.08 0
1448.58 0
1450.08 0
1451.58 0
1453.08 0
1454.58 0
1456.08 0
1457.58 0
1459.09 0
1460.59 0
1462.09 0
1463.59 0
1465.09 0
1466.59 0
1468.09 0
1469.59 0
1471.09 0
1472.6 0
1474.1 0
1475.6 0
1477.1 0
1478.6 0
1480.1 0
1481.6 0
1483.1 0
1484.6 0
1486.11 0
1487.61 0
1489.11 0
1490.61 0
1492.11 0
1493.61 0
1495.11 0
1496.61 0
1498.11 0
1499.62 0
1501.12 0
1502.62 0
1504.12 0
1505.62 0
1507.12 0
1508.62 0
1510.12 0
1511.62 0
1513.13 0
1514.63 0
1516.13 0
1517.63 0
1519.13 0
1520.63 0
1522.13 0
1523.63 0
1525.13 0
1526.64 0
1528.14 0
1529.64 0
1531.14 0
1532.64 0
1534.14 0
1535.64 0
1537.14 0
1538.64 0
1540.15 0
1541.65 0
1543.15 0
1544.65 0
1546.15 0
1547.65 0
1549.15 0
1550.65 0
1552.15 0
1553.66 0
1555.16 0
1556.66 0
1558.16 0
1559.66 0
1561.16 0
1562.66 0
1564.16 0
1565.67 0
1567.17 0
1568.67 0
1570.17 0
1571.67 0
1573.17 0
1574.67 0
