-1575.96 0
-1574.46 0
-1572.96 0
-1571.46 0
-1569.95 0
-1568.45 0
-1566.95 0
-1565.45 0
-1563.95 0
-1562.45 0
-1560.95 0
-1559.45 0
-1557.95 0
-1556.45 0
-1554.95 0
-1553.44 0
-1551.94 0
-1550.44 0
-1548.94 0
-1547.44 0
-1545.94 0
-1544.44 0
-1542.94 0
-1541.44 0
-1539.94 0
-1538.44 0
-1536.93 0
-1535.43 0
-1533.93 0
-1532.43 0
-1530.93 0
-1529.43 0
-1527.93 0
-1526.43 0
-1524.93 0
-1523.43 0
-1521.93 0
-1520.42 0
-1518.92 0
-1517.42 0
-1515.92 0
-1514.42 0
-1512.92 0
-1511.42 0
-1509.92 0
-1508.42 0
-1506.92 0
-1505.42 0
-1503.91 0
-1502.41 0
-1500.91 0
-1499.41 0
-1497.91 0
-1496.41 0
-1494.91 0
-1493.41 0
-1491.91 0
-1490.41 0
-1488.91 0
-1487.4 0
-1485.9 0
-1484.4 0
-1482.9 0
-1481.4 0
-1479.9 0
-1478.4 0
-1476.9 0
-1475.4 0
-1473.9 0
-1472.4 0
-1470.89 0
-1469.39 0
-1467.89 0
-1466.39 0
-1464.89 0
-1463.39 0
-1461.89 0
-1460.39 0
-1458.89 0
-1457.39 0
-1455.89 0
-1454.38 0
-1452.88 0
-1451.38 0
-1449.88 0
-1448.38 0
-1446.88 0
-1445.38 0
-1443.88 0
-1442.38 0
-1440.88 0
-1439.38 0
-1437.87 0
-1436.37 0
-1434.87 0
-1433.37 0
-1431.87 0
-1430.37 0
-1428.87 0
-1427.37 0
-1425.87 0
-1424.37 0
-1422.87 0
-1421.36 0
-1419.86 0
-1418.36 0
-1416.86 0
-1415.36 0
-1413.86 0
-1412.36 0
-1410.86 0
-1409.36 0
-1407.86 0
-1406.36 0
-1404.85 0
-1403.35 0
-1401.85 0
-1400.35 0
-1398.85 0
-1397.35 0
-1395.85 0
-1394.35 0
-1392.85 0
-1391.35 0
-1389.85 0
-1388.34 0
-1386.84 0
-1385.34 0
-1383.84 0
-1382.34 0
-1380.84 0
-1379.34 0
-1377.84 0
-1376.34 0
-1374.84 0
-1373.34 0
-1371.83 0
-1370.33 0
-1368.83 0
-1367.33 0
-1365.83 0
-1364.33 0
-1362.83 0
-1361.33 0
-1359.83 0
-1358.33 0
-1356.83 0
-1355.32 0
-1353.82 0
-1352.32 0
-1350.82 0
-1349.32 0
-1347.82 0
-1346.32 0
-1344.82 0
-1343.32 0
-1341.82 0
-1340.32 0
-1338.81 0
-1337.31 0
-1335.81 0
-1334.31 0
-1332.81 0
-1331.31 0
-1329.81 0
-1328.31 0
-1326.81 0
-1325.31 0
-1323.81 0
-1322.3 0
-1320.8 0
-1319.3 0
-1317.8 0
-1316.3 0
-1314.8 0
-1313.3 0
-1311.8 0
-1310.3 0
-1308.8 0
-1307.3 0
-1305.79 0
-1304.29 0
-1302.79 0
-1301.29 0
-1299.79 0
-1298.29 0
-1296.79 0
-1295.29 0
-1293.79 0
-1292.29 0
-1290.79 0
-1289.28 0
-1287.78 0
-1286.28 0
-1284.78 0
-1283.28 0
-1281.78 0
-1280.28 0
-1278.78 0
-1277.28 0
-1275.78 0
-1274.28 0
-1272.77 0
-1271.27 0
-1269.77 0
-1268.27 0
-1266.77 0
-1265.27 0
-1263.77 0
-1262.27 0
-1260.77 0
-1259.27 0
-1257.77 0
-1256.26 0
-1254.76 0
-1253.26 0
-1251.76 0
-1250.26 0
-1248.76 0
-1247.26 0
-1245.76 0
-1244.26 0
-1242.76 0
-1241.26 0
-1239.75 0
-1238.25 0
-1236.75 0
-1235.25 0
-1233.75 0
-1232.25 0
-1230.75 0
-1229.25 0
-1227.75 0
-1226.25 0
-1224.74 0
-1223.24 0
-1221.74 0
-1220.24 0
-1218.74 0
-1217.24 0
-1215.74 0
-1214.24 0
-1212.74 0
-1211.24 0
-1209.74 0
-1208.23 0
-1206.73 0
-1205.23 0
-1203.73 0
-1202.23 0
-1200.73 0
-1199.23 0
-1197.73 0
-1196.23 0
-1194.73 0
-1193.23 0
-1191.72 0
-1190.22 0
-1188.72 0
-1187.22 0
-1185.72 0
-1184.22 0
-1182.72 0
-1181.22 0
-1179.72 0
-1178.22 0
-1176.72 0
-1175.21 0
-1173.71 0
-1172.21 0
-1170.71 0
-1169.21 0
-1167.71 0
-1166.21 0
-1164.71 0
-1163.21 0
-1161.71 0
-1160.21 0
-1158.7 0
-1157.2 0
-1155.7 0
-1154.2 0
-1152.7 0
-1151.2 0
-1149.7 0
-1148.2 0
-1146.7 0
-1145.2 0
-1143.7 0
-1142.19 0
-1140.69 0
-1139.19 0
-1137.69 0
-1136.19 0
-1134.69 0
-1133.19 0
-1131.69 0
-1130.19 0
-1128.69 0
-1127.19 0
-1125.68 0
-1124.18 0
-1122.68 0
-1121.18 0
-1119.68 0
-1118.18 0
-1116.68 0
-1115.18 0
-1113.68 0
-1112.18 0
-1110.68 0
-1109.17 0
-1107.67 0
-1106.17 0
-1104.67 0
-1103.17 0
-1101.67 0
-1100.17 0
-1098.67 0
-1097.17 0
-1095.67 0
-1094.17 0
-1092.66 0
-1091.16 0
-1089.66 0
-1088.16 0
-1086.66 0
-1085.16 0
-1083.66 0
-1082.16 0
-1080.66 0
-1079.16 0
-1077.66 0
-1076.15 0
-1074.65 0
-1073.15 0
-1071.65 0
-1070.15 0
-1068.65 0
-1067.15 0
-1065.65 0
-1064.15 0
-1062.65 0
-1061.15 0
-1059.64 0
-1058.14 0
-1056.64 0
-1055.14 0
-1053.64 0
-1052.14 0
-1050.64 0
-1049.14 0
-1047.64 0
-1046.14 0
-1044.64 0
-1043.13 0
-1041.63 0
-1040.13 0
-1038.63 0
-1037.13 0
-1035.63 0
-1034.13 0
-1032.63 0
-1031.13 0
-1029.63 0
-1028.13 0
-1026.62 0
-1025.12 0
-1023.62 0
-1022.12 0
-1020.62 0
-1019.12 0
-1017.62 0
-1016.12 0
-1014.62 0
-1013.12 0
-1011.62 0
-1010.11 0
-1008.61 0
-1007.11 0
-1005.61 0
-1004.11 0
-1002.61 0
-1001.11 0
-999.608 0
-998.107 0
-996.606 0
-995.105 0
-993.604 0
-992.103 0
-990.603 0
-989.102 0
-987.601 0
-986.1 0
-984.599 0
-983.098 0
-981.597 0
-980.096 0
-978.595 0
-977.094 0
-975.593 0
-974.093 0
-972.592 0
-971.091 0
-969.59 0
-968.089 0
-966.588 0
-965.087 0
-963.586 0
-962.085 0
-960.584 0
-959.083 0
-957.582 0
-956.082 0
-954.581 0
-953.08 0
-951.579 0
-950.078 0
-948.577 0
-947.076 0
-945.575 0
-944.074 0
-942.573 0
-941.072 0
-939.572 0
-938.071 0
-936.57 0
-935.069 0
-933.568 0
-932.067 0
-930.566 0
-929.065 0
-927.564 0
-926.063 0
-924.562 0
-923.061 0
-921.561 0
-920.06 0
-918.559 0
-917.058 0
-915.557 0
-914.056 0
-912.555 0
-911.054 0
-909.553 0
-908.052 0
-906.551 0
-905.051 0
-903.55 0
-902.049 0
-900.548 0
-899.047 0
-897.546 0
-896.045 0
-894.544 0
-893.043 0
-891.542 0
-890.041 0
-888.54 0
-887.04 0
-885.539 0
-884.038 0
-882.537 0
-881.036 0
-879.535 0
-878.034 0
-876.533 0
-875.032 0
-873.531 0
-872.03 0
-870.53 0
-869.029 0
-867.528 0
-866.027 0
-864.526 0
-863.025 0
-861.524 0
-860.023 0
-858.522 0
-857.021 0
-855.52 0
-854.019 0
-852.519 0
-851.018 0
-849.517 0
-848.016 0
-846.515 0
-845.014 0
-843.513 0
-842.012 0
-840.511 0
-839.01 0
-837.509 0
-836.009 0
-834.508 0
-833.007 0
-831.506 0
-830.005 0
-828.504 0
-827.003 0
-825.502 0
-824.001 0
-822.5 0
-820.999 0
-819.498 0
-817.998 0
-816.497 0
-814.996 0
-813.495 0
-811.994 0
-810.493 0
-808.992 0
-807.491 0
-805.99 0
-804.489 0
-802.988 0
-801.488 0
-799.987 0
-798.486 0
-796.985 0
-795.484 0
-793.983 0
-792.482 0
-790.981 0
-789.48 0
-787.979 0
-786.478 0
-784.977 0
-783.477 0
-781.976 0
-780.475 0
-778.974 0
-777.473 0
-775.972 0
-774.471 0
-772.97 0
-771.469 0
-769.968 0
-768.467 0
-766.967 0
-765.466 0
-763.965 0
-762.464 0
-760.963 0
-759.462 0
-757.961 0
-756.46 0
-754.959 0
-753.458 0
-751.957 0
-750.456 0
-748.956 0
-747.455 0
-745.954 0
-744.453 0
-742.952 0
-741.451 0
-739.95 0
-738.449 0
-736.948 0
-735.447 0
-733.946 0
-732.446 0
-730.945 0
-729.444 0
-727.943 0
-726.442 0
-724.941 0
-723.44 0
-721.939 0
-720.438 0
-718.937 0
-717.436 0
-715.935 0
-714.435 0
-712.934 0
-711.433 0
-709.932 0
-708.431 0
-706.93 0
-705.429 0
-703.928 0
-702.427 0
-700.926 0
-699.425 0
-697.925 0
-696.424 0
-694.923 0
-693.422 0
-691.921 0
-690.42 0
-688.919 0
-687.418 0
-685.917 0
-684.416 0
-682.915 0
-681.414 0
-679.914 0
-678.413 0
-676.912 0
-675.411 0
-673.91 0
-672.409 0
-670.908 0
-669.407 0
-667.906 0
-666.405 0
-664.904 0
-663.404 0
-661.903 0
-660.402 0
-658.901 0
-657.4 0
-655.899 0
-654.398 0
-652.897 0
-651.396 0
-649.895 0
-648.394 0
-646.893 0
-645.393 0
-643.892 0
-642.391 0
-640.89 0
-639.389 0
-637.888 0
-636.387 0
-634.886 0
-633.385 0
-631.884 0
-630.383 0
-628.883 0
-627.382 0
-625.881 0
-624.38 0
-622.879 0
-621.378 0
-619.877 0
-618.376 0
-616.875 0
-615.374 0
-613.873 0
-612.372 0
-610.872 0
-609.371 0
-607.87 0
-606.369 0
-604.868 0
-603.367 0
-601.866 0
-600.365 0
-598.864 0
-597.363 0
-595.862 0
-594.362 0
-592.861 0
-591.36 0
-589.859 0
-588.358 0
-586.857 0
-585.356 0
-583.855 0
-582.354 0
-580.853 0
-579.352 0
-577.851 0
-576.351 0
-574.85 0
-573.349 0
-571.848 0
-570.347 0
-568.846 0
-567.345 0
-565.844 0
-564.343 0
-562.842 0
-561.341 0
-559.841 0
-558.34 0
-556.839 0
-555.338 0
-553.837 0
-552.336 0
-550.835 0
-549.334 0
-547.833 0
-546.332 0
-544.831 0
-543.33 0
-541.83 0
-540.329 0
-538.828 0
-537.327 0
-535.826 0
-534.325 0
-532.824 0
-531.323 0
-529.822 0
-528.321 0
-526.82 0
-525.32 0
-523.819 0
-522.318 0
-520.817 0
-519.316 0
-517.815 0
-516.314 0
-514.813 0
-513.312 0
-511.811 0
-510.31 0
-508.809 0
-507.309 0
-505.808 0
-504.307 0
-502.806 0
-501.305 0
-499.804 0
-498.303 0
-496.802 0
-495.301 0
-493.8 0
-492.299 4.41933e-05
-490.799 4.58931e-05
-489.298 4.6233e-05
-487.797 4.72529e-05
-486.296 4.75928e-05
-484.795 4.92926e-05
-483.294 5.09923e-05
-481.793 4.99725e-05
-480.292 5.16722e-05
-478.791 5.33719e-05
-477.29 5.33719e-05
-475.789 5.43918e-05
-474.288 5.57516e-05
-472.788 5.60915e-05
-471.287 5.64315e-05
-469.786 5.77913e-05
-468.285 5.71114e-05
-466.784 5.74513e-05
-465.283 5.9491e-05
-463.782 5.74513e-05
-462.281 5.64315e-05
-460.78 5.81312e-05
-459.279 5.91511e-05
-457.778 5.9491e-05
-456.278 5.77913e-05
-454.777 5.77913e-05
-453.276 5.84712e-05
-451.775 6.05109e-05
-450.274 5.88111e-05
-448.773 5.91511e-05
-447.272 5.9491e-05
-445.771 5.88111e-05
-444.27 5.81312e-05
-442.769 5.71114e-05
-441.268 5.77913e-05
-439.767 5.88111e-05
-438.267 5.77913e-05
-436.766 5.60915e-05
-435.265 5.54116e-05
-433.764 5.71114e-05
-432.263 5.77913e-05
-430.762 5.47317e-05
-429.261 5.33719e-05
-427.76 5.43918e-05
-426.259 5.77913e-05
-424.758 5.64315e-05
-423.257 5.81312e-05
-421.757 5.84712e-05
-420.256 5.84712e-05
-418.755 5.84712e-05
-417.254 5.67714e-05
-415.753 5.88111e-05
-414.252 6.15307e-05
-412.751 6.18707e-05
-411.25 6.15307e-05
-409.749 6.32305e-05
-408.248 6.45903e-05
-406.747 6.629e-05
-405.246 6.52702e-05
-403.746 6.83297e-05
-402.245 7.00294e-05
-400.744 7.10493e-05
-399.243 7.00294e-05
-397.742 7.03694e-05
-396.241 7.10493e-05
-394.74 7.10493e-05
-393.239 7.07093e-05
-391.738 6.96895e-05
-390.237 7.13892e-05
-388.736 7.24091e-05
-387.236 7.41088e-05
-385.735 7.54686e-05
-384.234 7.9548e-05
-382.733 7.85281e-05
-381.232 7.98879e-05
-379.731 7.9548e-05
-378.23 8.05678e-05
-376.729 8.09078e-05
-375.228 8.12477e-05
-373.727 8.19276e-05
-372.226 8.26075e-05
-370.725 8.36274e-05
-369.225 8.53271e-05
-367.724 8.70269e-05
-366.223 9.07663e-05
-364.722 9.2806e-05
-363.221 9.45057e-05
-361.72 9.62055e-05
-360.219 9.79052e-05
-358.718 9.62055e-05
-357.217 9.62055e-05
-355.716 9.89251e-05
-354.215 0.000100965
-352.715 0.000102665
-351.214 0.000102325
-349.713 0.000104704
-348.212 0.000108104
-346.711 0.000108784
-345.21 0.000108444
-343.709 0.000111163
-342.208 0.000111843
-340.707 0.000113203
-339.206 0.000115583
-337.705 0.000113543
-336.205 0.000116602
-334.704 0.000119322
-333.203 0.000122041
-331.702 0.000125101
-330.201 0.000127481
-328.7 0.00013054
-327.199 0.00013156
-325.698 0.00013394
-324.197 0.000135979
-322.696 0.000135979
-321.195 0.000138359
-319.694 0.000141419
-318.194 0.000144138
-316.693 0.000145158
-315.192 0.000147538
-313.691 0.000149577
-312.19 0.000155016
-310.689 0.000155356
-309.188 0.000157736
-307.687 0.000160116
-306.186 0.000160116
-304.685 0.000162155
-303.184 0.000164875
-301.684 0.000164875
-300.183 0.000168614
-298.682 0.000170994
-297.181 0.000175753
-295.68 0.000179153
-294.179 0.000182892
-292.678 0.000186292
-291.177 0.000190031
-289.676 0.000193091
-288.175 0.00019955
-286.674 0.000202269
-285.173 0.000204989
-283.673 0.000208728
-282.172 0.000213828
-280.671 0.000215188
-279.17 0.000221307
-277.669 0.000226066
-276.168 0.000228786
-274.667 0.000233885
-273.166 0.000236264
-271.665 0.000237624
-270.164 0.000240684
-268.663 0.000244083
-267.163 0.000248842
-265.662 0.000251222
-264.161 0.000256661
-262.66 0.000261421
-261.159 0.00026482
-259.658 0.000269919
-258.157 0.000276038
-256.656 0.000279098
-255.155 0.000284197
-253.654 0.000289636
-252.153 0.000294395
-250.652 0.000299835
-249.152 0.000302214
-247.651 0.000306973
-246.15 0.000315472
-244.649 0.000322951
-243.148 0.00032975
-241.647 0.000335869
-240.146 0.000343348
-238.645 0.000350487
-237.144 0.000360685
-235.643 0.000367144
-234.142 0.000377003
-232.642 0.000388221
-231.141 0.00039536
-229.64 0.000406919
-228.139 0.000417797
-226.638 0.000429015
-225.137 0.000440913
-223.636 0.000454171
-222.135 0.000468789
-220.634 0.000483407
-219.133 0.000501764
-217.632 0.000518762
-216.131 0.000537799
-214.631 0.000555816
-213.13 0.000577573
-211.629 0.000599329
-210.128 0.000617686
-208.627 0.000642503
-207.126 0.000666299
-205.625 0.000691115
-204.124 0.000715932
-202.623 0.000741768
-201.122 0.000769304
-199.621 0.000797179
-198.121 0.000827095
-196.62 0.00085973
-195.119 0.000893725
-193.618 0.000930099
-192.117 0.000965114
-190.616 0.00100319
-189.115 0.00103956
-187.614 0.0010773
-186.113 0.00111741
-184.612 0.00116025
-183.111 0.00120274
-181.61 0.00124659
-180.11 0.00129282
-178.609 0.00133804
-177.108 0.00138495
-175.607 0.0014339
-174.106 0.00148388
-172.605 0.00153011
-171.104 0.00157804
-169.603 0.00162631
-168.102 0.00167425
-166.601 0.00171946
-165.1 0.00176739
-163.6 0.00181329
-162.099 0.00185986
-160.598 0.00190439
-159.097 0.00194825
-157.596 0.00199142
-156.095 0.00203153
-154.594 0.00207199
-153.093 0.00211312
-151.592 0.00215221
-150.091 0.00218791
-148.59 0.00222462
-147.089 0.00225964
-145.589 0.00229533
-144.088 0.00232729
-142.587 0.00236026
-141.086 0.0023912
-139.585 0.00241873
-138.084 0.00244933
-136.583 0.00247449
-135.082 0.00249828
-133.581 0.00252038
-132.08 0.00254146
-130.579 0.00256389
-129.079 0.00258531
-127.578 0.00260469
-126.077 0.00261896
-124.576 0.00263834
-123.075 0.00265058
-121.574 0.0026635
-120.073 0.00267404
-118.572 0.00268389
-117.071 0.00269069
-115.57 0.00269817
-114.069 0.00270463
-112.568 0.00271007
-111.068 0.00271585
-109.567 0.00272163
-108.066 0.00272639
-106.565 0.00273251
-105.064 0.00273489
-103.563 0.00273897
-102.062 0.00274339
-100.561 0.00274882
-99.0603 0.00275154
-97.5593 0.00275256
-96.0584 0.00275562
-94.5575 0.002758
-93.0566 0.00276174
-91.5557 0.00276412
-90.0548 0.00276956
-88.5539 0.00277398
-87.053 0.00278214
-85.552 0.00278588
-84.0511 0.002792
-82.5502 0.00279948
-81.0493 0.00280322
-79.5484 0.00281273
-78.0475 0.00282225
-76.5466 0.00283109
-75.0456 0.00284095
-73.5447 0.00285081
-72.0438 0.00286339
-70.5429 0.00287393
-69.042 0.00288786
-67.5411 0.00290282
-66.0402 0.00291676
-64.5393 0.00293512
-63.0383 0.00295415
-61.5374 0.00297217
-60.0365 0.00299325
-58.5356 0.00301228
-57.0347 0.00303642
-55.5338 0.00305478
-54.0329 0.00307959
-52.532 0.00310203
-51.031 0.00312753
-49.5301 0.0031537
-48.0292 0.00317818
-46.5283 0.00320334
-45.0274 0.00323189
-43.5265 0.00325705
-42.0256 0.00328458
-40.5246 0.00331314
-39.0237 0.00334
-37.5228 0.00336583
-36.0219 0.00339371
-34.521 0.00341886
-33.0201 0.0034464
-31.5192 0.00347325
-30.0183 0.00349739
-28.5173 0.00352357
-27.0164 0.00354532
-25.5155 0.0035698
-24.0146 0.00359428
-22.5137 0.00361467
-21.0128 0.00363371
-19.5119 0.00365343
-18.011 0.00367144
-16.51 0.00369014
-15.0091 0.00370408
-13.5082 0.0037204
-12.0073 0.00373332
-10.5064 0.00374453
-9.00548 0.00375473
-7.50456 0.00376527
-6.00365 0.00377309
-4.50274 0.00377989
-3.00183 0.00378159
-1.50091 0.00378295
0 0.00378295
1.50091 0.00378227
3.00183 0.00378023
4.50274 0.00377275
6.00365 0.00376629
7.50456 0.00375575
9.00548 0.00374555
10.5064 0.00372856
12.0073 0.00371496
13.5082 0.00369422
15.0091 0.0036728
16.51 0.00364969
18.011 0.00362521
19.5119 0.00359768
21.0128 0.00356946
22.5137 0.0035392
24.0146 0.00350759
25.5155 0.00347597
27.0164 0.00344232
28.5173 0.00340628
30.0183 0.00337059
31.5192 0.00333388
33.0201 0.00329274
34.521 0.00325229
36.0219 0.00321387
37.5228 0.0031707
39.0237 0.00312719
40.5246 0.00308061
42.0256 0.00303676
43.5265 0.00299019
45.0274 0.00294361
46.5283 0.00289568
48.0292 0.00284877
49.5301 0.00280254
51.031 0.002758
52.532 0.00271041
54.0329 0.00266758
55.5338 0.00262474
57.0347 0.00258055
58.5356 0.00253704
60.0365 0.00249556
61.5374 0.00245273
63.0383 0.00241092
64.5393 0.00236978
66.0402 0.00233103
67.5411 0.00229159
69.042 0.00225284
70.5429 0.00221545
72.0438 0.00217941
73.5447 0.0021444
75.0456 0.00211108
76.5466 0.00208014
78.0475 0.00204989
79.5484 0.00201827
81.0493 0.00199108
82.5502 0.00196218
84.0511 0.00193363
85.552 0.00190745
87.053 0.00188094
88.5539 0.00185442
90.0548 0.0018296
91.5557 0.00180615
93.0566 0.00178371
94.5575 0.00175991
96.0584 0.00173578
97.5593 0.00171572
99.0603 0.001696
100.561 0.00167459
102.062 0.00165351
103.563 0.00163515
105.064 0.00161646
106.565 0.00159538
108.066 0.00158042
109.567 0.00156138
111.068 0.00154507
112.568 0.00152875
114.069 0.00151209
115.57 0.00149679
117.071 0.00148082
118.572 0.00146246
120.073 0.00144852
121.574 0.00143186
123.075 0.00141487
124.576 0.00139787
126.077 0.00138087
127.578 0.00136489
129.079 0.00134586
130.579 0.00132886
132.08 0.00131526
133.581 0.0012969
135.082 0.00128059
136.583 0.00126427
138.084 0.00124693
139.585 0.00122755
141.086 0.00120852
142.587 0.0011905
144.088 0.00117044
145.589 0.00115005
147.089 0.00112999
148.59 0.00110823
150.091 0.00108954
151.592 0.00106948
153.093 0.00104772
154.594 0.00102562
156.095 0.00100727
157.596 0.000984151
159.097 0.000960695
160.598 0.000939278
162.099 0.000914122
163.6 0.000892025
165.1 0.000866869
166.601 0.000846132
168.102 0.000824035
169.603 0.000799219
171.104 0.000778822
172.605 0.000757066
174.106 0.000736329
175.607 0.000716952
177.108 0.000693495
178.609 0.000674798
180.11 0.000655761
181.61 0.000637063
183.111 0.000615987
184.612 0.000597969
186.113 0.000580292
187.614 0.000562615
189.115 0.000546298
190.616 0.00052964
192.117 0.000510943
193.618 0.000495645
195.119 0.000476948
196.62 0.00046233
198.121 0.000446692
199.621 0.000432755
201.122 0.000418817
202.623 0.000403519
204.124 0.000394001
205.625 0.000382442
207.126 0.000374284
208.627 0.000363405
210.128 0.000355926
211.629 0.000347427
213.13 0.000337569
214.631 0.00033043
216.131 0.000320911
217.632 0.000314452
219.133 0.000307993
220.634 0.000300854
222.135 0.000292356
223.636 0.000286577
225.137 0.000278758
226.638 0.000272639
228.139 0.000268559
229.64 0.00026278
231.141 0.000258021
232.642 0.000254622
234.142 0.000250202
235.643 0.000244083
237.144 0.000239324
238.645 0.000236604
240.146 0.000232525
241.647 0.000229465
243.148 0.000227766
244.649 0.000223006
246.15 0.000220287
247.651 0.000217227
249.152 0.000214168
250.652 0.000211448
252.153 0.000207369
253.654 0.000204989
255.155 0.00020057
256.656 0.00019819
258.157 0.00019547
259.658 0.000190711
261.159 0.000188332
262.66 0.000186972
264.161 0.000183572
265.662 0.000181533
267.163 0.000179153
268.663 0.000178133
270.164 0.000178813
271.665 0.000177453
273.166 0.000174734
274.667 0.000170994
276.168 0.000169634
277.669 0.000169634
279.17 0.000166915
280.671 0.000165895
282.172 0.000163855
283.673 0.000161815
285.173 0.000160456
286.674 0.000159096
288.175 0.000157396
289.676 0.000154677
291.177 0.000154337
292.678 0.000152637
294.179 0.000150257
295.68 0.000148557
297.181 0.000145158
298.682 0.000143118
300.183 0.000142438
301.684 0.000141419
303.184 0.000139719
304.685 0.000138019
306.186 0.000138699
307.687 0.000137339
309.188 0.000135299
310.689 0.00013462
312.19 0.00013462
313.691 0.00013394
315.192 0.00013292
316.693 0.0001336
318.194 0.00013224
319.694 0.00013122
321.195 0.00013156
322.696 0.00013122
324.197 0.00012884
325.698 0.000124761
327.199 0.000123741
328.7 0.000121702
330.201 0.000119322
331.702 0.000116602
333.203 0.000112183
334.704 0.000110143
336.205 0.000109124
337.705 0.000107764
339.206 0.000104704
340.707 0.000104704
342.208 0.000104704
343.709 0.000106744
345.21 0.000108104
346.711 0.000107424
348.212 0.000109803
349.713 0.000110483
351.214 0.000107084
352.715 0.000106744
354.215 0.000105044
355.716 0.000102665
357.217 0.000101305
358.718 9.68854e-05
360.219 9.62055e-05
361.72 9.62055e-05
363.221 9.38258e-05
364.722 9.34859e-05
366.223 9.34859e-05
367.724 9.24661e-05
369.225 8.90666e-05
370.725 8.77068e-05
372.226 8.46472e-05
373.727 8.53271e-05
375.228 8.73668e-05
376.729 8.53271e-05
378.23 8.32874e-05
379.731 8.46472e-05
381.232 8.49872e-05
382.733 8.46472e-05
384.234 8.32874e-05
385.735 8.19276e-05
387.236 8.15877e-05
388.736 8.32874e-05
390.237 8.36274e-05
391.738 8.36274e-05
393.239 8.29475e-05
394.74 8.09078e-05
396.241 8.12477e-05
397.742 7.9548e-05
399.243 7.71683e-05
400.744 7.68284e-05
402.245 7.71683e-05
403.746 7.64884e-05
405.246 7.78482e-05
406.747 7.78483e-05
408.248 7.71684e-05
409.749 7.81882e-05
411.25 7.9548e-05
412.751 8.05678e-05
414.252 7.88681e-05
415.753 7.98879e-05
417.254 7.85281e-05
418.755 7.68284e-05
420.256 7.64885e-05
421.757 7.58086e-05
423.257 7.58086e-05
424.758 7.41088e-05
426.259 7.20691e-05
427.76 7.07093e-05
429.261 6.90096e-05
430.762 6.83297e-05
432.263 6.59501e-05
433.764 6.52702e-05
435.265 6.59501e-05
436.766 6.56101e-05
438.267 6.59501e-05
439.767 6.52702e-05
441.268 6.45903e-05
442.769 6.11908e-05
444.27 6.05109e-05
445.771 5.9831e-05
447.272 6.05109e-05
448.773 5.9831e-05
450.274 6.01709e-05
451.775 5.81312e-05
453.276 5.81312e-05
454.777 5.91511e-05
456.278 5.9831e-05
457.778 5.9831e-05
459.279 5.9831e-05
460.78 5.9831e-05
462.281 5.9491e-05
463.782 5.88111e-05
465.283 5.9491e-05
466.784 6.08508e-05
468.285 6.15307e-05
469.786 6.05109e-05
471.287 5.9831e-05
472.788 6.05109e-05
474.288 5.9491e-05
475.789 5.71114e-05
477.29 5.67714e-05
478.791 5.60915e-05
480.292 5.54116e-05
481.793 5.54116e-05
483.294 5.57516e-05
484.795 5.64315e-05
486.296 5.43918e-05
487.797 5.60915e-05
489.298 5.60915e-05
490.799 5.67714e-05
492.299 5.60915e-05
493.8 0
495.301 0
496.802 0
498.303 0
499.804 0
501.305 0
502.806 0
504.307 0
505.808 0
507.309 0
508.809 0
510.31 0
511.811 0
513.312 0
514.813 0
516.314 0
517.815 0
519.316 0
520.817 0
522.318 0
523.819 0
525.32 0
526.82 0
528.321 0
529.822 0
531.323 0
532.824 0
534.325 0
535.826 0
537.327 0
538.828 0
540.329 0
541.83 0
543.33 0
544.831 0
546.332 0
547.833 0
549.334 0
550.835 0
552.336 0
553.837 0
555.338 0
556.839 0
558.34 0
559.841 0
561.341 0
562.842 0
564.343 0
565.844 0
567.345 0
568.846 0
570.347 0
571.848 0
573.349 0
574.85 0
576.351 0
577.851 0
579.352 0
580.853 0
582.354 0
583.855 0
585.356 0
586.857 0
588.358 0
589.859 0
591.36 0
592.861 0
594.362 0
595.862 0
597.363 0
598.864 0
600.365 0
601.866 0
603.367 0
604.868 0
606.369 0
607.87 0
609.371 0
610.872 0
612.372 0
613.873 0
615.374 0
616.875 0
618.376 0
619.877 0
621.378 0
622.879 0
624.38 0
625.881 0
627.382 0
628.883 0
630.383 0
631.884 0
633.385 0
634.886 0
636.387 0
637.888 0
639.389 0
640.89 0
642.391 0
643.892 0
645.393 0
646.893 0
648.394 0
649.895 0
651.396 0
652.897 0
654.398 0
655.899 0
657.4 0
658.901 0
660.402 0
661.903 0
663.404 0
664.904 0
666.405 0
667.906 0
669.407 0
670.908 0
672.409 0
673.91 0
675.411 0
676.912 0
678.413 0
679.914 0
681.414 0
682.915 0
684.416 0
685.917 0
687.418 0
688.919 0
690.42 0
691.921 0
693.422 0
694.923 0
696.424 0
697.925 0
699.425 0
700.926 0
702.427 0
703.928 0
705.429 0
706.93 0
708.431 0
709.932 0
711.433 0
712.934 0
714.435 0
715.935 0
717.436 0
718.937 0
720.438 0
721.939 0
723.44 0
724.941 0
726.442 0
727.943 0
729.444 0
730.945 0
732.446 0
733.946 0
735.447 0
736.948 0
738.449 0
739.95 0
741.451 0
742.952 0
744.453 0
745.954 0
747.455 0
748.956 0
750.456 0
751.957 0
753.458 0
754.959 0
756.46 0
757.961 0
759.462 0
760.963 0
762.464 0
763.965 0
765.466 0
766.967 0
768.467 0
769.968 0
771.469 0
772.97 0
774.471 0
775.972 0
777.473 0
778.974 0
780.475 0
781.976 0
783.477 0
784.977 0
786.478 0
787.979 0
789.48 0
790.981 0
792.482 0
793.983 0
795.484 0
796.985 0
798.486 0
799.987 0
801.488 0
802.988 0
804.489 0
805.99 0
807.491 0
808.992 0
810.493 0
811.994 0
813.495 0
814.996 0
816.497 0
817.998 0
819.498 0
820.999 0
822.5 0
824.001 0
825.502 0
827.003 0
828.504 0
830.005 0
831.506 0
833.007 0
834.508 0
836.009 0
837.509 0
839.01 0
840.511 0
842.012 0
843.513 0
845.014 0
846.515 0
848.016 0
849.517 0
851.018 0
852.519 0
854.019 0
855.52 0
857.021 0
858.522 0
860.023 0
861.524 0
863.025 0
864.526 0
866.027 0
867.528 0
869.029 0
870.53 0
872.03 0
873.531 0
875.032 0
876.533 0
878.034 0
879.535 0
881.036 0
882.537 0
884.038 0
885.539 0
887.04 0
888.54 0
890.041 0
891.542 0
893.043 0
894.544 0
896.045 0
897.546 0
899.047 0
900.548 0
902.049 0
903.55 0
905.051 0
906.551 0
908.052 0
909.553 0
911.054 0
912.555 0
914.056 0
915.557 0
917.058 0
918.559 0
920.06 0
921.561 0
923.061 0
924.562 0
926.063 0
927.564 0
929.065 0
930.566 0
932.067 0
933.568 0
935.069 0
936.57 0
938.071 0
939.572 0
941.072 0
942.573 0
944.074 0
945.575 0
947.076 0
948.577 0
950.078 0
951.579 0
953.08 0
954.581 0
956.082 0
957.582 0
959.083 0
960.584 0
962.085 0
963.586 0
965.087 0
966.588 0
968.089 0
969.59 0
971.091 0
972.592 0
974.093 0
975.593 0
977.094 0
978.595 0
980.096 0
981.597 0
983.098 0
984.599 0
986.1 0
987.601 0
989.102 0
990.603 0
992.103 0
993.604 0
995.105 0
996.606 0
998.107 0
999.608 0
1001.11 0
1002.61 0
1004.11 0
1005.61 0
1007.11 0
1008.61 0
1010.11 0
1011.62 0
1013.12 0
1014.62 0
1016.12 0
1017.62 0
1019.12 0
1020.62 0
1022.12 0
1023.62 0
1025.12 0
1026.62 0
1028.13 0
1029.63 0
1031.13 0
1032.63 0
1034.13 0
1035.63 0
1037.13 0
1038.63 0
1040.13 0
1041.63 0
1043.13 0
1044.64 0
1046.14 0
1047.64 0
1049.14 0
1050.64 0
1052.14 0
1053.64 0
1055.14 0
1056.64 0
1058.14 0
1059.64 0
1061.15 0
1062.65 0
1064.15 0
1065.65 0
1067.15 0
1068.65 0
1070.15 0
1071.65 0
1073.15 0
1074.65 0
1076.15 0
1077.66 0
1079.16 0
1080.66 0
1082.16 0
1083.66 0
1085.16 0
1086.66 0
1088.16 0
1089.66 0
1091.16 0
1092.66 0
1094.17 0
1095.67 0
1097.17 0
1098.67 0
1100.17 0
1101.67 0
1103.17 0
1104.67 0
1106.17 0
1107.67 0
1109.17 0
1110.68 0
1112.18 0
1113.68 0
1115.18 0
1116.68 0
1118.18 0
1119.68 0
1121.18 0
1122.68 0
1124.18 0
1125.68 0
1127.19 0
1128.69 0
1130.19 0
1131.69 0
1133.19 0
1134.69 0
1136.19 0
1137.69 0
1139.19 0
1140.69 0
1142.19 0
1143.7 0
1145.2 0
1146.7 0
1148.2 0
1149.7 0
1151.2 0
1152.7 0
1154.2 0
1155.7 0
1157.2 0
1158.7 0
1160.21 0
1161.71 0
1163.21 0
1164.71 0
1166.21 0
1167.71 0
1169.21 0
1170.71 0
1172.21 0
1173.71 0
1175.21 0
1176.72 0
1178.22 0
1179.72 0
1181.22 0
1182.72 0
1184.22 0
1185.72 0
1187.22 0
1188.72 0
1190.22 0
1191.72 0
1193.23 0
1194.73 0
1196.23 0
1197.73 0
1199.23 0
1200.73 0
1202.23 0
1203.73 0
1205.23 0
1206.73 0
1208.23 0
1209.74 0
1211.24 0
1212.74 0
1214.24 0
1215.74 0
1217.24 0
1218.74 0
1220.24 0
1221.74 0
1223.24 0
1224.74 0
1226.25 0
1227.75 0
1229.25 0
1230.75 0
1232.25 0
1233.75 0
1235.25 0
1236.75 0
1238.25 0
1239.75 0
1241.26 0
1242.76 0
1244.26 0
1245.76 0
1247.26 0
1248.76 0
1250.26 0
1251.76 0
1253.26 0
1254.76 0
1256.26 0
1257.77 0
1259.27 0
1260.77 0
1262.27 0
1263.77 0
1265.27 0
1266.77 0
1268.27 0
1269.77 0
1271.27 0
1272.77 0
1274.28 0
1275.78 0
1277.28 0
1278.78 0
1280.28 0
1281.78 0
1283.28 0
1284.78 0
1286.28 0
1287.78 0
1289.28 0
1290.79 0
1292.29 0
1293.79 0
1295.29 0
1296.79 0
1298.29 0
1299.79 0
1301.29 0
1302.79 0
1304.29 0
1305.79 0
1307.3 0
1308.8 0
1310.3 0
1311.8 0
1313.3 0
1314.8 0
1316.3 0
1317.8 0
1319.3 0
1320.8 0
1322.3 0
1323.81 0
1325.31 0
1326.81 0
1328.31 0
1329.81 0
1331.31 0
1332.81 0
1334.31 0
1335.81 0
1337.31 0
1338.81 0
1340.32 0
1341.82 0
1343.32 0
1344.82 0
1346.32 0
1347.82 0
1349.32 0
1350.82 0
1352.32 0
1353.82 0
1355.32 0
1356.83 0
1358.33 0
1359.83 0
1361.33 0
1362.83 0
1364.33 0
1365.83 0
1367.33 0
1368.83 0
1370.33 0
1371.83 0
1373.34 0
1374.84 0
1376.34 0
1377.84 0
1379.34 0
1380.84 0
1382.34 0
1383.84 0
1385.34 0
1386.84 0
1388.34 0
1389.85 0
1391.35 0
1392.85 0
1394.35 0
1395.85 0
1397.35 0
1398.85 0
1400.35 0
1401.85 0
1403.35 0
1404.85 0
1406.36 0
1407.86 0
1409.36 0
1410.86 0
1412.36 0
1413.86 0
1415.36 0
1416.86 0
1418.36 0
1419.86 0
1421.36 0
1422.87 0
1424.37 0
1425.87 0
1427.37 0
1428.87 0
1430.37 0
1431.87 0
1433.37 0
1434.87 0
1436.37 0
1437.87 0
1439.38 0
1440.88 0
1442.38 0
1443.88 0
1445.38 0
1446.88 0
1448.38 0
1449.88 0
1451.38 0
1452.88 0
1454.38 0
1455.89 0
1457.39 0
1458.89 0
1460.39 0
1461.89 0
1463.39 0
1464.89 0
1466.39 0
1467.89 0
1469.39 0
1470.89 0
1472.4 0
1473.9 0
1475.4 0
1476.9 0
1478.4 0
1479.9 0
1481.4 0
1482.9 0
1484.4 0
1485.9 0
1487.4 0
1488.91 0
1490.41 0
1491.91 0
1493.41 0
1494.91 0
1496.41 0
1497.91 0
1499.41 0
1500.91 0
1502.41 0
1503.91 0
1505.42 0
1506.92 0
1508.42 0
1509.92 0
1511.42 0
1512.92 0
1514.42 0
1515.92 0
1517.42 0
1518.92 0
1520.42 0
1521.93 0
1523.43 0
1524.93 0
1526.43 0
1527.93 0
1529.43 0
1530.93 0
1532.43 0
1533.93 0
1535.43 0
1536.93 0
1538.44 0
1539.94 0
1541.44 0
1542.94 0
1544.44 0
1545.94 0
1547.44 0
1548.94 0
1550.44 0
1551.94 0
1553.44 0
1554.95 0
1556.45 0
1557.95 0
1559.45 0
1560.95 0
1562.45 0
1563.95 0
1565.45 0
1566.95 0
1568.45 0
1569.95 0
1571.46 0
1572.96 0
1574.46 0
1575.96 0
