-1574.67 0
-1573.17 0
-1571.67 0
-1570.17 0
-1568.67 0
-1567.17 0
-1565.67 0
-1564.16 0
-1562.66 0
-1561.16 0
-1559.66 0
-1558.16 0
-1556.66 0
-1555.16 0
-1553.66 0
-1552.15 0
-1550.65 0
-1549.15 0
-1547.65 0
-1546.15 0
-1544.65 0
-1543.15 0
-1541.65 0
-1540.15 0
-1538.64 0
-1537.14 0
-1535.64 0
-1534.14 0
-1532.64 0
-1531.14 0
-1529.64 0
-1528.14 0
-1526.64 0
-1525.13 0
-1523.63 0
-1522.13 0
-1520.63 0
-1519.13 0
-1517.63 0
-1516.13 0
-1514.63 0
-1513.13 0
-1511.62 0
-1510.12 0
-1508.62 0
-1507.12 0
-1505.62 0
-1504.12 0
-1502.62 0
-1501.12 0
-1499.62 0
-1498.11 0
-1496.61 0
-1495.11 0
-1493.61 0
-1492.11 0
-1490.61 0
-1489.11 0
-1487.61 0
-1486.11 0
-1484.6 0
-1483.1 0
-1481.6 0
-1480.1 0
-1478.6 0
-1477.1 0
-1475.6 0
-1474.1 0
-1472.6 0
-1471.09 0
-1469.59 0
-1468.09 0
-1466.59 0
-1465.09 0
-1463.59 0
-1462.09 0
-1460.59 0
-1459.09 0
-1457.58 0
-1456.08 0
-1454.58 0
-1453.08 0
-1451.58 0
-1450.08 0
-1448.58 0
-1447.08 0
-1445.58 0
-1444.07 0
-1442.57 0
-1441.07 0
-1439.57 0
-1438.07 0
-1436.57 0
-1435.07 0
-1433.57 0
-1432.07 0
-1430.56 0
-1429.06 0
-1427.56 0
-1426.06 0
-1424.56 0
-1423.06 0
-1421.56 0
-1420.06 0
-1418.56 0
-1417.05 0
-1415.55 0
-1414.05 0
-1412.55 0
-1411.05 0
-1409.55 0
-1408.05 0
-1406.55 0
-1405.05 0
-1403.54 0
-1402.04 0
-1400.54 0
-1399.04 0
-1397.54 0
-1396.04 0
-1394.54 0
-1393.04 0
-1391.54 0
-1390.03 0
-1388.53 0
-1387.03 0
-1385.53 0
-1384.03 0
-1382.53 0
-1381.03 0
-1379.53 0
-1378.03 0
-1376.52 0
-1375.02 0
-1373.52 0
-1372.02 0
-1370.52 0
-1369.02 0
-1367.52 0
-1366.02 0
-1364.52 0
-1363.01 0
-1361.51 0
-1360.01 0
-1358.51 0
-1357.01 0
-1355.51 0
-1354.01 0
-1352.51 0
-1351.01 0
-1349.5 0
-1348 0
-1346.5 0
-1345 0
-1343.5 0
-1342 0
-1340.5 0
-1339 0
-1337.5 0
-1335.99 0
-1334.49 0
-1332.99 0
-1331.49 0
-1329.99 0
-1328.49 0
-1326.99 0
-1325.49 0
-1323.99 0
-1322.48 0
-1320.98 0
-1319.48 0
-1317.98 0
-1316.48 0
-1314.98 0
-1313.48 0
-1311.98 0
-1310.48 0
-1308.97 0
-1307.47 0
-1305.97 0
-1304.47 0
-1302.97 0
-1301.47 0
-1299.97 0
-1298.47 0
-1296.97 0
-1295.46 0
-1293.96 0
-1292.46 0
-1290.96 0
-1289.46 0
-1287.96 0
-1286.46 0
-1284.96 0
-1283.46 0
-1281.95 0
-1280.45 0
-1278.95 0
-1277.45 0
-1275.95 0
-1274.45 0
-1272.95 0
-1271.45 0
-1269.94 0
-1268.44 0
-1266.94 0
-1265.44 0
-1263.94 0
-1262.44 0
-1260.94 0
-1259.44 0
-1257.94 0
-1256.43 0
-1254.93 0
-1253.43 0
-1251.93 0
-1250.43 0
-1248.93 0
-1247.43 0
-1245.93 0
-1244.43 0
-1242.92 0
-1241.42 0
-1239.92 0
-1238.42 0
-1236.92 0
-1235.42 0
-1233.92 0
-1232.42 0
-1230.92 0
-1229.41 0
-1227.91 0
-1226.41 0
-1224.91 0
-1223.41 0
-1221.91 0
-1220.41 0
-1218.91 0
-1217.41 0
-1215.9 0
-1214.4 0
-1212.9 0
-1211.4 0
-1209.9 0
-1208.4 0
-1206.9 0
-1205.4 0
-1203.9 0
-1202.39 0
-1200.89 0
-1199.39 0
-1197.89 0
-1196.39 0
-1194.89 0
-1193.39 0
-1191.89 0
-1190.39 0
-1188.88 0
-1187.38 0
-1185.88 0
-1184.38 0
-1182.88 0
-1181.38 0
-1179.88 0
-1178.38 0
-1176.88 0
-1175.37 0
-1173.87 0
-1172.37 0
-1170.87 0
-1169.37 0
-1167.87 0
-1166.37 0
-1164.87 0
-1163.37 0
-1161.86 0
-1160.36 0
-1158.86 0
-1157.36 0
-1155.86 0
-1154.36 0
-1152.86 0
-1151.36 0
-1149.86 0
-1148.35 0
-1146.85 0
-1145.35 0
-1143.85 0
-1142.35 0
-1140.85 0
-1139.35 0
-1137.85 0
-1136.35 0
-1134.84 0
-1133.34 0
-1131.84 0
-1130.34 0
-1128.84 0
-1127.34 0
-1125.84 0
-1124.34 0
-1122.84 0
-1121.33 0
-1119.83 0
-1118.33 0
-1116.83 0
-1115.33 0
-1113.83 0
-1112.33 0
-1110.83 0
-1109.33 0
-1107.82 0
-1106.32 0
-1104.82 0
-1103.32 0
-1101.82 0
-1100.32 0
-1098.82 0
-1097.32 0
-1095.82 0
-1094.31 0
-1092.81 0
-1091.31 0
-1089.81 0
-1088.31 0
-1086.81 0
-1085.31 0
-1083.81 0
-1082.31 0
-1080.8 0
-1079.3 0
-1077.8 0
-1076.3 0
-1074.8 0
-1073.3 0
-1071.8 0
-1070.3 0
-1068.8 0
-1067.29 0
-1065.79 0
-1064.29 0
-1062.79 0
-1061.29 0
-1059.79 0
-1058.29 0
-1056.79 0
-1055.29 0
-1053.78 0
-1052.28 0
-1050.78 0
-1049.28 0
-1047.78 0
-1046.28 0
-1044.78 0
-1043.28 0
-1041.78 0
-1040.27 0
-1038.77 0
-1037.27 0
-1035.77 0
-1034.27 0
-1032.77 0
-1031.27 0
-1029.77 0
-1028.27 0
-1026.76 0
-1025.26 0
-1023.76 0
-1022.26 0
-1020.76 0
-1019.26 0
-1017.76 0
-1016.26 0
-1014.76 0
-1013.25 0
-1011.75 0
-1010.25 0
-1008.75 0
-1007.25 0
-1005.75 0
-1004.25 0
-1002.75 0
-1001.25 0
-999.744 0
-998.243 0
-996.742 0
-995.241 0
-993.739 0
-992.238 0
-990.737 0
-989.236 0
-987.735 0
-986.234 0
-984.733 0
-983.232 0
-981.731 0
-980.229 0
-978.728 0
-977.227 0
-975.726 0
-974.225 0
-972.724 0
-971.223 0
-969.722 0
-968.22 0
-966.719 0
-965.218 0
-963.717 0
-962.216 0
-960.715 0
-959.214 0
-957.713 0
-956.212 0
-954.71 0
-953.209 0
-951.708 0
-950.207 0
-948.706 0
-947.205 0
-945.704 0
-944.203 0
-942.701 0
-941.2 0
-939.699 0
-938.198 0
-936.697 0
-935.196 0
-933.695 0
-932.194 0
-930.693 0
-929.191 0
-927.69 0
-926.189 0
-924.688 0
-923.187 0
-921.686 0
-920.185 0
-918.684 0
-917.182 0
-915.681 0
-914.18 0
-912.679 0
-911.178 0
-909.677 0
-908.176 0
-906.675 0
-905.174 0
-903.672 0
-902.171 0
-900.67 0
-899.169 0
-897.668 0
-896.167 0
-894.666 0
-893.165 0
-891.663 0
-890.162 0
-888.661 0
-887.16 0
-885.659 0
-884.158 0
-882.657 0
-881.156 0
-879.655 0
-878.153 0
-876.652 0
-875.151 0
-873.65 0
-872.149 0
-870.648 0
-869.147 0
-867.646 0
-866.145 0
-864.643 0
-863.142 0
-861.641 0
-860.14 0
-858.639 0
-857.138 0
-855.637 0
-854.136 0
-852.634 0
-851.133 0
-849.632 0
-848.131 0
-846.63 0
-845.129 0
-843.628 0
-842.127 0
-840.626 0
-839.124 0
-837.623 0
-836.122 0
-834.621 0
-833.12 0
-831.619 0
-830.118 0
-828.617 0
-827.115 0
-825.614 0
-824.113 0
-822.612 0
-821.111 0
-819.61 0
-818.109 0
-816.608 0
-815.107 0
-813.605 0
-812.104 0
-810.603 0
-809.102 0
-807.601 0
-806.1 0
-804.599 0
-803.098 0
-801.596 0
-800.095 0
-798.594 0
-797.093 0
-795.592 0
-794.091 0
-792.59 0
-791.089 0
-789.588 0
-788.086 0
-786.585 0
-785.084 0
-783.583 0
-782.082 0
-780.581 0
-779.08 0
-777.579 0
-776.077 0
-774.576 0
-773.075 0
-771.574 0
-770.073 0
-768.572 0
-767.071 0
-765.57 0
-764.069 0
-762.567 0
-761.066 0
-759.565 0
-758.064 0
-756.563 0
-755.062 0
-753.561 0
-752.06 0
-750.558 0
-749.057 0
-747.556 0
-746.055 0
-744.554 0
-743.053 0
-741.552 0
-740.051 0
-738.55 0
-737.048 0
-735.547 0
-734.046 0
-732.545 0
-731.044 0
-729.543 0
-728.042 0
-726.541 0
-725.04 0
-723.538 0
-722.037 0
-720.536 0
-719.035 0
-717.534 0
-716.033 0
-714.532 0
-713.031 0
-711.529 0
-710.028 0
-708.527 0
-707.026 0
-705.525 0
-704.024 0
-702.523 0
-701.022 0
-699.521 0
-698.019 0
-696.518 0
-695.017 0
-693.516 0
-692.015 0
-690.514 0
-689.013 0
-687.512 0
-686.01 0
-684.509 0
-683.008 0
-681.507 0
-680.006 0
-678.505 0
-677.004 0
-675.503 0
-674.002 0
-672.5 0
-670.999 0
-669.498 0
-667.997 0
-666.496 0
-664.995 0
-663.494 0
-661.993 0
-660.491 0
-658.99 0
-657.489 0
-655.988 0
-654.487 0
-652.986 0
-651.485 0
-649.984 0
-648.483 0
-646.981 0
-645.48 0
-643.979 0
-642.478 0
-640.977 0
-639.476 0
-637.975 0
-636.474 0
-634.972 0
-633.471 0
-631.97 0
-630.469 0
-628.968 0
-627.467 0
-625.966 0
-624.465 0
-622.964 0
-621.462 0
-619.961 0
-618.46 0
-616.959 0
-615.458 0
-613.957 0
-612.456 0
-610.955 0
-609.453 0
-607.952 0
-606.451 0
-604.95 0
-603.449 0
-601.948 0
-600.447 0
-598.946 0
-597.445 0
-595.943 0
-594.442 0
-592.941 0
-591.44 0
-589.939 0
-588.438 0
-586.937 0
-585.436 0
-583.935 0
-582.433 0
-580.932 0
-579.431 0
-577.93 0
-576.429 0
-574.928 0
-573.427 0
-571.926 0
-570.424 0
-568.923 0
-567.422 0
-565.921 0
-564.42 0
-562.919 0
-561.418 0
-559.917 0
-558.416 0
-556.914 0
-555.413 0
-553.912 0
-552.411 0
-550.91 0
-549.409 0
-547.908 0
-546.407 0
-544.905 0
-543.404 0
-541.903 0
-540.402 0
-538.901 0
-537.4 0
-535.899 0
-534.398 0
-532.897 0
-531.395 0
-529.894 0
-528.393 0
-526.892 0
-525.391 0
-523.89 0
-522.389 0
-520.888 0
-519.386 0
-517.885 0
-516.384 0
-514.883 0
-513.382 0
-511.881 0
-510.38 0
-508.879 0
-507.378 0
-505.876 0
-504.375 0
-502.874 0
-501.373 0
-499.872 0
-498.371 0
-496.87 0
-495.369 0
-493.867 0
-492.366 0
-490.865 0
-489.364 0
-487.863 0
-486.362 0
-484.861 0
-483.36 0
-481.859 0
-480.357 0
-478.856 0
-477.355 0
-475.854 0
-474.353 0
-472.852 0
-471.351 0
-469.85 0
-468.349 0
-466.847 0
-465.346 6.94733e-05
-463.845 6.94733e-05
-462.344 6.89942e-05
-460.843 6.89942e-05
-459.342 6.92338e-05
-457.841 6.97129e-05
-456.34 6.80359e-05
-454.838 6.82755e-05
-453.337 6.70777e-05
-451.836 6.87546e-05
-450.335 6.89942e-05
-448.834 6.99524e-05
-447.333 7.0192e-05
-445.832 7.0192e-05
-444.331 7.09107e-05
-442.83 6.99524e-05
-441.328 6.97129e-05
-439.827 6.87546e-05
-438.326 6.89942e-05
-436.825 6.82755e-05
-435.324 6.70777e-05
-433.823 6.85151e-05
-432.322 6.80359e-05
-430.821 6.77964e-05
-429.319 6.80359e-05
-427.818 6.89942e-05
-426.317 6.99525e-05
-424.816 6.92338e-05
-423.315 6.99525e-05
-421.814 6.99525e-05
-420.313 7.0192e-05
-418.812 6.89942e-05
-417.311 6.75568e-05
-415.809 6.97129e-05
-414.308 7.11503e-05
-412.807 7.18689e-05
-411.306 7.30668e-05
-409.805 7.30667e-05
-408.304 7.52228e-05
-406.803 7.54624e-05
-405.302 7.52228e-05
-403.8 7.68997e-05
-402.299 7.7858e-05
-400.798 7.88163e-05
-399.297 7.95349e-05
-397.796 7.97745e-05
-396.295 8.07328e-05
-394.794 8.14514e-05
-393.293 8.3368e-05
-391.792 8.43262e-05
-390.29 8.43262e-05
-388.789 8.43262e-05
-387.288 8.43262e-05
-385.787 8.52845e-05
-384.286 8.62427e-05
-382.785 8.64823e-05
-381.284 8.74405e-05
-379.783 9.07944e-05
-378.281 9.319e-05
-376.78 9.55857e-05
-375.279 9.82208e-05
-373.778 0.000102293
-372.277 0.00010421
-370.776 0.000107085
-369.275 0.000112834
-367.774 0.000116188
-366.273 0.000119542
-364.771 0.000122656
-363.27 0.000124573
-361.769 0.000127927
-360.268 0.000130322
-358.767 0.000135353
-357.266 0.000137988
-355.765 0.000142061
-354.264 0.000149248
-352.762 0.000154518
-351.261 0.000160747
-349.76 0.000165538
-348.259 0.000173204
-346.758 0.000180631
-345.257 0.000188057
-343.756 0.000195963
-342.255 0.000202431
-340.754 0.000207701
-339.252 0.000214649
-337.751 0.000221596
-336.25 0.000230699
-334.749 0.000238126
-333.248 0.000245313
-331.747 0.000253697
-330.246 0.000264238
-328.745 0.000271425
-327.244 0.000281247
-325.742 0.000290111
-324.241 0.000298496
-322.74 0.000310713
-321.239 0.000320056
-319.738 0.00032916
-318.237 0.00034018
-316.736 0.00035072
-315.235 0.000362698
-313.733 0.000372281
-312.232 0.000383301
-310.731 0.000392404
-309.23 0.000401987
-307.729 0.000410851
-306.228 0.000421391
-304.727 0.000429297
-303.226 0.000437921
-301.725 0.000447983
-300.223 0.000455889
-298.722 0.000465232
-297.221 0.000472658
-295.72 0.000480564
-294.219 0.000489188
-292.718 0.000494458
-291.217 0.000501166
-289.716 0.000505478
-288.214 0.000510748
-286.713 0.000514102
-285.212 0.000518654
-283.711 0.000522966
-282.21 0.000525601
-280.709 0.000529195
-279.208 0.000533986
-277.707 0.000535902
-276.206 0.000541652
-274.704 0.000544766
-273.203 0.000547881
-271.702 0.000550995
-270.201 0.000552911
-268.7 0.000556026
-267.199 0.00055914
-265.698 0.000561296
-264.197 0.000563213
-262.695 0.000565129
-261.194 0.000568243
-259.693 0.000572316
-258.192 0.000573514
-256.691 0.00057567
-255.19 0.000579263
-253.689 0.000582138
-252.188 0.000585253
-250.687 0.000587648
-249.185 0.0005922
-247.684 0.000596991
-246.183 0.000601064
-244.682 0.000606574
-243.181 0.000612084
-241.68 0.000619031
-240.179 0.000625978
-238.678 0.000631488
-237.176 0.000640352
-235.675 0.0006473
-234.174 0.000655445
-232.673 0.000664309
-231.172 0.000675089
-229.671 0.00068539
-228.17 0.000695212
-226.669 0.000708149
-225.168 0.000720845
-223.666 0.000733782
-222.165 0.000749353
-220.664 0.000764925
-219.163 0.00078385
-217.662 0.000801099
-216.161 0.000820743
-214.66 0.000842543
-213.159 0.000864104
-211.657 0.000886383
-210.156 0.00091034
-208.655 0.000935015
-207.154 0.00095969
-205.653 0.000985802
-204.152 0.00101383
-202.651 0.00104378
-201.15 0.00107396
-199.649 0.00110367
-198.147 0.00113697
-196.646 0.00117051
-195.145 0.00120476
-193.644 0.00124213
-192.143 0.00127759
-190.642 0.00131688
-189.141 0.00135257
-187.64 0.00139042
-186.139 0.00143067
-184.637 0.00146661
-183.136 0.00150494
-181.635 0.00154063
-180.134 0.00157944
-178.633 0.00161585
-177.132 0.00165298
-175.631 0.00169179
-174.13 0.00172893
-172.628 0.00176534
-171.127 0.00180511
-169.626 0.00184176
-168.125 0.00188033
-166.624 0.00191411
-165.123 0.0019498
-163.622 0.00198382
-162.121 0.00201664
-160.62 0.00204707
-159.118 0.00207629
-157.617 0.0021036
-156.116 0.00213115
-154.615 0.00215727
-153.114 0.00218266
-151.613 0.00220638
-150.112 0.00222961
-148.611 0.00224998
-147.109 0.00227034
-145.608 0.00228663
-144.107 0.0023034
-142.606 0.00231777
-141.105 0.00232879
-139.604 0.00234125
-138.103 0.00234796
-136.602 0.0023561
-135.101 0.00236233
-133.599 0.00236688
-132.098 0.00237072
-130.597 0.00237311
-129.096 0.00237263
-127.595 0.00237239
-126.094 0.00237167
-124.593 0.00236976
-123.092 0.00236616
-121.59 0.00236161
-120.089 0.00235826
-118.588 0.00235155
-117.087 0.0023458
-115.586 0.00233742
-114.085 0.00232975
-112.584 0.00232185
-111.083 0.0023137
-109.582 0.00230556
-108.08 0.0022943
-106.579 0.00228471
-105.078 0.00227633
-103.577 0.00226579
-102.076 0.0022574
-100.575 0.00225046
-99.0737 0.00224231
-97.5726 0.0022356
-96.0715 0.00222961
-94.5704 0.00222339
-93.0693 0.00221883
-91.5681 0.00221524
-90.067 0.00221213
-88.5659 0.00221117
-87.0648 0.00220949
-85.5637 0.00220781
-84.0626 0.00220925
-82.5614 0.00220949
-81.0603 0.00221093
-79.5592 0.00221476
-78.0581 0.00222219
-76.557 0.00222818
-75.0558 0.00223536
-73.5547 0.00224351
-72.0536 0.00225477
-70.5525 0.00226507
-69.0514 0.00227705
-67.5503 0.00229118
-66.0491 0.00230556
-64.548 0.00232209
-63.0469 0.00233909
-61.5458 0.00235682
-60.0447 0.00237575
-58.5436 0.00239707
-57.0424 0.00241839
-55.5413 0.00244043
-54.0402 0.00246343
-52.5391 0.0024881
-51.038 0.00251589
-49.5369 0.00254272
-48.0357 0.00257171
-46.5346 0.00259998
-45.0335 0.0026316
-43.5324 0.00266298
-42.0313 0.00269365
-40.5302 0.00272407
-39.029 0.00275545
-37.5279 0.00278564
-36.0268 0.00281942
-34.5257 0.00284649
-33.0246 0.00287476
-31.5235 0.0029059
-30.0223 0.00293441
-28.5212 0.00296292
-27.0201 0.00298975
-25.519 0.00301682
-24.0179 0.00304269
-22.5168 0.00306641
-21.0156 0.00309013
-19.5145 0.00311264
-18.0134 0.00313372
-16.5123 0.00315289
-15.0112 0.00317158
-13.5101 0.00318811
-12.0089 0.00320344
-10.5078 0.00321757
-9.0067 0.00322739
-7.50558 0.00323841
-6.00447 0.00324584
-4.50335 0.00325231
-3.00223 0.0032547
-1.50112 0.00325758
0 0.0032583
1.50112 0.00325686
3.00223 0.00325183
4.50335 0.00324656
6.00447 0.00323769
7.50558 0.00322644
9.0067 0.00321374
10.5078 0.00319841
12.0089 0.00318068
13.5101 0.00316151
15.0112 0.003139
16.5123 0.00311648
18.0134 0.00309132
19.5145 0.00306641
21.0156 0.0030391
22.5168 0.00301011
24.0179 0.00297969
25.519 0.00294734
27.0201 0.00291333
28.5212 0.00287955
30.0223 0.00284457
31.5235 0.00280816
33.0246 0.00277055
34.5257 0.00273198
36.0268 0.00269413
37.5279 0.00265747
39.029 0.00261842
40.5302 0.00258033
42.0313 0.002542
43.5324 0.00250391
45.0335 0.00246606
46.5346 0.00242869
48.0357 0.00239276
49.5369 0.00235706
51.038 0.00232113
52.5391 0.00228543
54.0402 0.00225165
55.5413 0.00221907
57.0424 0.00218745
58.5436 0.00215607
60.0447 0.00212588
61.5458 0.00209618
63.0469 0.00206671
64.548 0.0020382
66.0491 0.00201113
67.5503 0.00198478
69.0514 0.0019613
70.5525 0.00193902
72.0536 0.00191698
73.5547 0.00189662
75.0558 0.00187793
76.557 0.00186093
78.0581 0.00184296
79.5592 0.00182858
81.0603 0.00181517
82.5614 0.00180103
84.0626 0.00178978
85.5637 0.00177876
87.0648 0.00176917
88.5659 0.00175887
90.067 0.00175312
91.5681 0.00174306
93.0693 0.00173516
94.5704 0.00173012
96.0715 0.00172509
97.5726 0.00172126
99.0737 0.00171815
100.575 0.00171359
102.076 0.00171096
103.577 0.00170808
105.078 0.00170545
106.579 0.00170425
108.08 0.00170305
109.582 0.00170305
111.083 0.0017021
112.584 0.00170114
114.085 0.00170186
115.586 0.00170042
117.087 0.00169994
118.588 0.00170018
120.089 0.00170234
121.59 0.0017009
123.092 0.00170018
124.593 0.00169874
126.094 0.00169706
127.595 0.00169443
129.096 0.00169084
130.597 0.00168676
132.098 0.00168365
133.599 0.0016779
135.101 0.00167167
136.602 0.00166568
138.103 0.00165969
139.604 0.00165035
141.105 0.00164197
142.606 0.00163071
144.107 0.00161993
145.608 0.00160867
147.109 0.00159405
148.611 0.00158016
150.112 0.00156363
151.613 0.00154758
153.114 0.00152889
154.615 0.00151045
156.116 0.00149056
157.617 0.0014702
159.118 0.00144888
160.62 0.00142468
162.121 0.00140168
163.622 0.00137845
165.123 0.00135329
166.624 0.00132742
168.125 0.00129987
169.626 0.00127256
171.127 0.00124381
172.628 0.0012153
174.13 0.00118775
175.631 0.00115877
177.132 0.00113074
178.633 0.00109983
180.134 0.00107228
181.635 0.00104306
183.136 0.00101287
184.637 0.000986281
186.139 0.000958732
187.64 0.000931661
189.141 0.00090507
190.642 0.000880874
192.143 0.000855959
193.644 0.000830804
195.145 0.000808765
196.646 0.000785527
198.147 0.000763488
199.649 0.000742886
201.15 0.000723001
202.651 0.00070192
204.152 0.000682276
205.653 0.000664548
207.154 0.00064682
208.655 0.000629572
210.156 0.000611844
211.657 0.000595314
213.159 0.000579263
214.66 0.000566567
216.161 0.000552672
217.662 0.000539735
219.163 0.000529674
220.664 0.000518175
222.165 0.000506197
223.666 0.000496135
225.168 0.000486792
226.669 0.00047721
228.17 0.000469065
229.671 0.000458045
231.172 0.00044942
232.673 0.000440317
234.174 0.000431214
235.675 0.000423548
237.176 0.000414923
238.678 0.000408695
240.179 0.000401987
241.68 0.000394081
243.181 0.00038905
244.682 0.000381863
246.183 0.000378509
247.684 0.000373718
249.185 0.000369885
250.687 0.000367729
252.188 0.000362938
253.689 0.000360303
255.19 0.000358147
256.691 0.000355991
258.192 0.00035096
259.693 0.000346887
261.194 0.000345689
262.695 0.000343294
264.197 0.00034018
265.698 0.000335628
267.199 0.000330837
268.7 0.000330357
270.201 0.000325806
271.702 0.00032341
273.203 0.000319577
274.704 0.000317421
276.206 0.000314546
277.707 0.00031239
279.208 0.000309276
280.709 0.000306401
282.21 0.000303287
283.711 0.00030137
285.212 0.000298016
286.713 0.000295621
288.214 0.000294183
289.716 0.00029083
291.217 0.000288674
292.718 0.00028508
294.219 0.000281247
295.72 0.000277174
297.221 0.000273102
298.722 0.000270467
300.223 0.000265436
301.725 0.000260884
303.226 0.000257051
304.727 0.0002525
306.228 0.000247708
307.729 0.000244594
309.23 0.000238844
310.731 0.000235011
312.232 0.000231178
313.733 0.000227345
315.235 0.000221596
316.736 0.000216565
318.237 0.000211055
319.738 0.000206983
321.239 0.000201233
322.74 0.000196681
324.241 0.00019189
325.742 0.000185182
327.244 0.000182547
328.745 0.000177516
330.246 0.000175121
331.747 0.00017009
333.248 0.000167455
334.749 0.000165298
336.25 0.000160986
337.751 0.000157153
339.252 0.000155237
340.754 0.000150685
342.255 0.000147331
343.756 0.000144696
345.257 0.000141582
346.758 0.000139665
348.259 0.000138467
349.76 0.00013727
351.261 0.000134395
352.762 0.000132478
354.264 0.000130801
355.765 0.000128166
357.266 0.000125531
358.767 0.000122177
360.268 0.00012074
361.769 0.000118344
363.27 0.00011499
364.771 0.000113313
366.273 0.000111397
367.774 0.000111397
369.275 0.00010948
370.776 0.000107085
372.277 0.000107324
373.778 0.000107085
375.279 0.000106366
376.78 0.000103491
378.281 0.000102293
379.783 0.000100856
381.284 9.84604e-05
382.785 9.75021e-05
384.286 9.63043e-05
385.787 9.63043e-05
387.288 9.46274e-05
388.789 9.4867e-05
390.29 9.24713e-05
391.792 9.22318e-05
393.293 8.95966e-05
394.794 8.88779e-05
396.295 8.83988e-05
397.796 8.88779e-05
399.297 8.74405e-05
400.798 8.69614e-05
402.299 8.7201e-05
403.8 8.79197e-05
405.302 8.67218e-05
406.803 8.86383e-05
408.304 8.81592e-05
409.805 8.69614e-05
411.306 8.5524e-05
412.807 8.50449e-05
414.308 8.24097e-05
415.809 8.07328e-05
417.311 7.92954e-05
418.812 7.80976e-05
420.313 7.80976e-05
421.814 7.85767e-05
423.315 7.85767e-05
424.816 7.83371e-05
426.317 7.85767e-05
427.818 7.97745e-05
429.319 7.83371e-05
430.821 7.7858e-05
432.322 7.76184e-05
433.823 7.64206e-05
435.324 7.54624e-05
436.825 7.45041e-05
438.326 7.21085e-05
439.827 7.11503e-05
441.328 6.99525e-05
442.83 6.94733e-05
444.331 6.77964e-05
445.832 6.89942e-05
447.333 6.89942e-05
448.834 6.82755e-05
450.335 6.87546e-05
451.836 6.77964e-05
453.337 6.75568e-05
454.838 6.75568e-05
456.34 6.77964e-05
457.841 6.73173e-05
459.342 6.68381e-05
460.843 6.70777e-05
462.344 6.56403e-05
463.845 6.49216e-05
465.346 6.44425e-05
466.847 0
468.349 0
469.85 0
471.351 0
472.852 0
474.353 0
475.854 0
477.355 0
478.856 0
480.357 0
481.859 0
483.36 0
484.861 0
486.362 0
487.863 0
489.364 0
490.865 0
492.366 0
493.867 0
495.369 0
496.87 0
498.371 0
499.872 0
501.373 0
502.874 0
504.375 0
505.876 0
507.378 0
508.879 0
510.38 0
511.881 0
513.382 0
514.883 0
516.384 0
517.885 0
519.386 0
520.888 0
522.389 0
523.89 0
525.391 0
526.892 0
528.393 0
529.894 0
531.395 0
532.897 0
534.398 0
535.899 0
537.4 0
538.901 0
540.402 0
541.903 0
543.404 0
544.905 0
546.407 0
547.908 0
549.409 0
550.91 0
552.411 0
553.912 0
555.413 0
556.914 0
558.416 0
559.917 0
561.418 0
562.919 0
564.42 0
565.921 0
567.422 0
568.923 0
570.424 0
571.926 0
573.427 0
574.928 0
576.429 0
577.93 0
579.431 0
580.932 0
582.433 0
583.935 0
585.436 0
586.937 0
588.438 0
589.939 0
591.44 0
592.941 0
594.442 0
595.943 0
597.445 0
598.946 0
600.447 0
601.948 0
603.449 0
604.95 0
606.451 0
607.952 0
609.453 0
610.955 0
612.456 0
613.957 0
615.458 0
616.959 0
618.46 0
619.961 0
621.462 0
622.964 0
624.465 0
625.966 0
627.467 0
628.968 0
630.469 0
631.97 0
633.471 0
634.972 0
636.474 0
637.975 0
639.476 0
640.977 0
642.478 0
643.979 0
645.48 0
646.981 0
648.483 0
649.984 0
651.485 0
652.986 0
654.487 0
655.988 0
657.489 0
658.99 0
660.491 0
661.993 0
663.494 0
664.995 0
666.496 0
667.997 0
669.498 0
670.999 0
672.5 0
674.002 0
675.503 0
677.004 0
678.505 0
680.006 0
681.507 0
683.008 0
684.509 0
686.01 0
687.512 0
689.013 0
690.514 0
692.015 0
693.516 0
695.017 0
696.518 0
698.019 0
699.521 0
701.022 0
702.523 0
704.024 0
705.525 0
707.026 0
708.527 0
710.028 0
711.529 0
713.031 0
714.532 0
716.033 0
717.534 0
719.035 0
720.536 0
722.037 0
723.538 0
725.04 0
726.541 0
728.042 0
729.543 0
731.044 0
732.545 0
734.046 0
735.547 0
737.048 0
738.55 0
740.051 0
741.552 0
743.053 0
744.554 0
746.055 0
747.556 0
749.057 0
750.558 0
752.06 0
753.561 0
755.062 0
756.563 0
758.064 0
759.565 0
761.066 0
762.567 0
764.069 0
765.57 0
767.071 0
768.572 0
770.073 0
771.574 0
773.075 0
774.576 0
776.077 0
777.579 0
779.08 0
780.581 0
782.082 0
783.583 0
785.084 0
786.585 0
788.086 0
789.588 0
791.089 0
792.59 0
794.091 0
795.592 0
797.093 0
798.594 0
800.095 0
801.596 0
803.098 0
804.599 0
806.1 0
807.601 0
809.102 0
810.603 0
812.104 0
813.605 0
815.107 0
816.608 0
818.109 0
819.61 0
821.111 0
822.612 0
824.113 0
825.614 0
827.115 0
828.617 0
830.118 0
831.619 0
833.12 0
834.621 0
836.122 0
837.623 0
839.124 0
840.626 0
842.127 0
843.628 0
845.129 0
846.63 0
848.131 0
849.632 0
851.133 0
852.634 0
854.136 0
855.637 0
857.138 0
858.639 0
860.14 0
861.641 0
863.142 0
864.643 0
866.145 0
867.646 0
869.147 0
870.648 0
872.149 0
873.65 0
875.151 0
876.652 0
878.153 0
879.655 0
881.156 0
882.657 0
884.158 0
885.659 0
887.16 0
888.661 0
890.162 0
891.663 0
893.165 0
894.666 0
896.167 0
897.668 0
899.169 0
900.67 0
902.171 0
903.672 0
905.174 0
906.675 0
908.176 0
909.677 0
911.178 0
912.679 0
914.18 0
915.681 0
917.182 0
918.684 0
920.185 0
921.686 0
923.187 0
924.688 0
926.189 0
927.69 0
929.191 0
930.693 0
932.194 0
933.695 0
935.196 0
936.697 0
938.198 0
939.699 0
941.2 0
942.701 0
944.203 0
945.704 0
947.205 0
948.706 0
950.207 0
951.708 0
953.209 0
954.71 0
956.212 0
957.713 0
959.214 0
960.715 0
962.216 0
963.717 0
965.218 0
966.719 0
968.22 0
969.722 0
971.223 0
972.724 0
974.225 0
975.726 0
977.227 0
978.728 0
980.229 0
981.731 0
983.232 0
984.733 0
986.234 0
987.735 0
989.236 0
990.737 0
992.238 0
993.739 0
995.241 0
996.742 0
998.243 0
999.744 0
1001.25 0
1002.75 0
1004.25 0
1005.75 0
1007.25 0
1008.75 0
1010.25 0
1011.75 0
1013.25 0
1014.76 0
1016.26 0
1017.76 0
1019.26 0
1020.76 0
1022.26 0
1023.76 0
1025.26 0
1026.76 0
1028.27 0
1029.77 0
1031.27 0
1032.77 0
1034.27 0
1035.77 0
1037.27 0
1038.77 0
1040.27 0
1041.78 0
1043.28 0
1044.78 0
1046.28 0
1047.78 0
1049.28 0
1050.78 0
1052.28 0
1053.78 0
1055.29 0
1056.79 0
1058.29 0
1059.79 0
1061.29 0
1062.79 0
1064.29 0
1065.79 0
1067.29 0
1068.8 0
1070.3 0
1071.8 0
1073.3 0
1074.8 0
1076.3 0
1077.8 0
1079.3 0
1080.8 0
1082.31 0
1083.81 0
1085.31 0
1086.81 0
1088.31 0
1089.81 0
1091.31 0
1092.81 0
1094.31 0
1095.82 0
1097.32 0
1098.82 0
1100.32 0
1101.82 0
1103.32 0
1104.82 0
1106.32 0
1107.82 0
1109.33 0
1110.83 0
1112.33 0
1113.83 0
1115.33 0
1116.83 0
1118.33 0
1119.83 0
1121.33 0
1122.84 0
1124.34 0
1125.84 0
1127.34 0
1128.84 0
1130.34 0
1131.84 0
1133.34 0
1134.84 0
1136.35 0
1137.85 0
1139.35 0
1140.85 0
1142.35 0
1143.85 0
1145.35 0
1146.85 0
1148.35 0
1149.86 0
1151.36 0
1152.86 0
1154.36 0
1155.86 0
1157.36 0
1158.86 0
1160.36 0
1161.86 0
1163.37 0
1164.87 0
1166.37 0
1167.87 0
1169.37 0
1170.87 0
1172.37 0
1173.87 0
1175.37 0
1176.88 0
1178.38 0
1179.88 0
1181.38 0
1182.88 0
1184.38 0
1185.88 0
1187.38 0
1188.88 0
1190.39 0
1191.89 0
1193.39 0
1194.89 0
1196.39 0
1197.89 0
1199.39 0
1200.89 0
1202.39 0
1203.9 0
1205.4 0
1206.9 0
1208.4 0
1209.9 0
1211.4 0
1212.9 0
1214.4 0
1215.9 0
1217.41 0
1218.91 0
1220.41 0
1221.91 0
1223.41 0
1224.91 0
1226.41 0
1227.91 0
1229.41 0
1230.92 0
1232.42 0
1233.92 0
1235.42 0
1236.92 0
1238.42 0
1239.92 0
1241.42 0
1242.92 0
1244.43 0
1245.93 0
1247.43 0
1248.93 0
1250.43 0
1251.93 0
1253.43 0
1254.93 0
1256.43 0
1257.94 0
1259.44 0
1260.94 0
1262.44 0
1263.94 0
1265.44 0
1266.94 0
1268.44 0
1269.94 0
1271.45 0
1272.95 0
1274.45 0
1275.95 0
1277.45 0
1278.95 0
1280.45 0
1281.95 0
1283.46 0
1284.96 0
1286.46 0
1287.96 0
1289.46 0
1290.96 0
1292.46 0
1293.96 0
1295.46 0
1296.97 0
1298.47 0
1299.97 0
1301.47 0
1302.97 0
1304.47 0
1305.97 0
1307.47 0
1308.97 0
1310.48 0
1311.98 0
1313.48 0
1314.98 0
1316.48 0
1317.98 0
1319.48 0
1320.98 0
1322.48 0
1323.99 0
1325.49 0
1326.99 0
1328.49 0
1329.99 0
1331.49 0
1332.99 0
1334.49 0
1335.99 0
1337.5 0
1339 0
1340.5 0
1342 0
1343.5 0
1345 0
1346.5 0
1348 0
1349.5 0
1351.01 0
1352.51 0
1354.01 0
1355.51 0
1357.01 0
1358.51 0
1360.01 0
1361.51 0
1363.01 0
1364.52 0
1366.02 0
1367.52 0
1369.02 0
1370.52 0
1372.02 0
1373.52 0
1375.02 0
1376.52 0
1378.03 0
1379.53 0
1381.03 0
1382.53 0
1384.03 0
1385.53 0
1387.03 0
1388.53 0
1390.03 0
1391.54 0
1393.04 0
1394.54 0
1396.04 0
1397.54 0
1399.04 0
1400.54 0
1402.04 0
1403.54 0
1405.05 0
1406.55 0
1408.05 0
1409.55 0
1411.05 0
1412.55 0
1414.05 0
1415.55 0
1417.05 0
1418.56 0
1420.06 0
1421.56 0
1423.06 0
1424.56 0
1426.06 0
1427.56 0
1429.06 0
1430.56 0
1432.07 0
1433.57 0
1435.07 0
1436.57 0
1438.07 0
1439.57 0
1441.07 0
1442.57 0
1444.07 0
1445.58 0
1447.08 0
1448.58 0
1450.08 0
1451.58 0
1453.08 0
1454.58 0
1456.08 0
1457.58 0
1459.09 0
1460.59 0
1462.09 0
1463.59 0
1465.09 0
1466.59 0
1468.09 0
1469.59 0
1471.09 0
1472.6 0
1474.1 0
1475.6 0
1477.1 0
1478.6 0
1480.1 0
1481.6 0
1483.1 0
1484.6 0
1486.11 0
1487.61 0
1489.11 0
1490.61 0
1492.11 0
1493.61 0
1495.11 0
1496.61 0
1498.11 0
1499.62 0
1501.12 0
1502.62 0
1504.12 0
1505.62 0
1507.12 0
1508.62 0
1510.12 0
1511.62 0
1513.13 0
1514.63 0
1516.13 0
1517.63 0
1519.13 0
1520.63 0
1522.13 0
1523.63 0
1525.13 0
1526.64 0
1528.14 0
1529.64 0
1531.14 0
1532.64 0
1534.14 0
1535.64 0
1537.14 0
1538.64 0
1540.15 0
1541.65 0
1543.15 0
1544.65 0
1546.15 0
1547.65 0
1549.15 0
1550.65 0
1552.15 0
1553.66 0
1555.16 0
1556.66 0
1558.16 0
1559.66 0
1561.16 0
1562.66 0
1564.16 0
1565.67 0
1567.17 0
1568.67 0
1570.17 0
1571.67 0
1573.17 0
1574.67 0
