-1575.96 0
-1574.46 0
-1572.96 0
-1571.46 0
-1569.95 0
-1568.45 0
-1566.95 0
-1565.45 0
-1563.95 0
-1562.45 0
-1560.95 0
-1559.45 0
-1557.95 0
-1556.45 0
-1554.95 0
-1553.44 0
-1551.94 0
-1550.44 0
-1548.94 0
-1547.44 0
-1545.94 0
-1544.44 0
-1542.94 0
-1541.44 0
-1539.94 0
-1538.44 0
-1536.93 0
-1535.43 0
-1533.93 0
-1532.43 0
-1530.93 0
-1529.43 0
-1527.93 0
-1526.43 0
-1524.93 0
-1523.43 0
-1521.93 0
-1520.42 0
-1518.92 0
-1517.42 0
-1515.92 0
-1514.42 0
-1512.92 0
-1511.42 0
-1509.92 0
-1508.42 0
-1506.92 0
-1505.42 0
-1503.91 0
-1502.41 0
-1500.91 0
-1499.41 0
-1497.91 0
-1496.41 0
-1494.91 0
-1493.41 0
-1491.91 0
-1490.41 0
-1488.91 0
-1487.4 0
-1485.9 0
-1484.4 0
-1482.9 0
-1481.4 0
-1479.9 0
-1478.4 0
-1476.9 0
-1475.4 0
-1473.9 0
-1472.4 0
-1470.89 0
-1469.39 0
-1467.89 0
-1466.39 0
-1464.89 0
-1463.39 0
-1461.89 0
-1460.39 0
-1458.89 0
-1457.39 0
-1455.89 0
-1454.38 0
-1452.88 0
-1451.38 0
-1449.88 0
-1448.38 0
-1446.88 0
-1445.38 0
-1443.88 0
-1442.38 0
-1440.88 0
-1439.38 0
-1437.87 0
-1436.37 0
-1434.87 0
-1433.37 0
-1431.87 0
-1430.37 0
-1428.87 0
-1427.37 0
-1425.87 0
-1424.37 0
-1422.87 0
-1421.36 0
-1419.86 0
-1418.36 0
-1416.86 0
-1415.36 0
-1413.86 0
-1412.36 0
-1410.86 0
-1409.36 0
-1407.86 0
-1406.36 0
-1404.85 0
-1403.35 0
-1401.85 0
-1400.35 0
-1398.85 0
-1397.35 0
-1395.85 0
-1394.35 0
-1392.85 0
-1391.35 0
-1389.85 0
-1388.34 0
-1386.84 0
-1385.34 0
-1383.84 0
-1382.34 0
-1380.84 0
-1379.34 0
-1377.84 0
-1376.34 0
-1374.84 0
-1373.34 0
-1371.83 0
-1370.33 0
-1368.83 0
-1367.33 0
-1365.83 0
-1364.33 0
-1362.83 0
-1361.33 0
-1359.83 0
-1358.33 0
-1356.83 0
-1355.32 0
-1353.82 0
-1352.32 0
-1350.82 0
-1349.32 0
-1347.82 0
-1346.32 0
-1344.82 0
-1343.32 0
-1341.82 0
-1340.32 0
-1338.81 0
-1337.31 0
-1335.81 0
-1334.31 0
-1332.81 0
-1331.31 0
-1329.81 0
-1328.31 0
-1326.81 0
-1325.31 0
-1323.81 0
-1322.3 0
-1320.8 0
-1319.3 0
-1317.8 0
-1316.3 0
-1314.8 0
-1313.3 0
-1311.8 0
-1310.3 0
-1308.8 0
-1307.3 0
-1305.79 0
-1304.29 0
-1302.79 0
-1301.29 0
-1299.79 0
-1298.29 0
-1296.79 0
-1295.29 0
-1293.79 0
-1292.29 0
-1290.79 0
-1289.28 0
-1287.78 0
-1286.28 0
-1284.78 0
-1283.28 0
-1281.78 0
-1280.28 0
-1278.78 0
-1277.28 0
-1275.78 0
-1274.28 0
-1272.77 0
-1271.27 0
-1269.77 0
-1268.27 0
-1266.77 0
-1265.27 0
-1263.77 0
-1262.27 0
-1260.77 0
-1259.27 0
-1257.77 0
-1256.26 0
-1254.76 0
-1253.26 0
-1251.76 0
-1250.26 0
-1248.76 0
-1247.26 0
-1245.76 0
-1244.26 0
-1242.76 0
-1241.26 0
-1239.75 0
-1238.25 0
-1236.75 0
-1235.25 0
-1233.75 0
-1232.25 0
-1230.75 0
-1229.25 0
-1227.75 0
-1226.25 0
-1224.74 0
-1223.24 0
-1221.74 0
-1220.24 0
-1218.74 0
-1217.24 0
-1215.74 0
-1214.24 0
-1212.74 0
-1211.24 0
-1209.74 0
-1208.23 0
-1206.73 0
-1205.23 0
-1203.73 0
-1202.23 0
-1200.73 0
-1199.23 0
-1197.73 0
-1196.23 0
-1194.73 0
-1193.23 0
-1191.72 0
-1190.22 0
-1188.72 0
-1187.22 0
-1185.72 0
-1184.22 0
-1182.72 0
-1181.22 0
-1179.72 0
-1178.22 0
-1176.72 0
-1175.21 0
-1173.71 0
-1172.21 0
-1170.71 0
-1169.21 0
-1167.71 0
-1166.21 0
-1164.71 0
-1163.21 0
-1161.71 0
-1160.21 0
-1158.7 0
-1157.2 0
-1155.7 0
-1154.2 0
-1152.7 0
-1151.2 0
-1149.7 0
-1148.2 0
-1146.7 0
-1145.2 0
-1143.7 0
-1142.19 0
-1140.69 0
-1139.19 0
-1137.69 0
-1136.19 0
-1134.69 0
-1133.19 0
-1131.69 0
-1130.19 0
-1128.69 0
-1127.19 0
-1125.68 0
-1124.18 0
-1122.68 0
-1121.18 0
-1119.68 0
-1118.18 0
-1116.68 0
-1115.18 0
-1113.68 0
-1112.18 0
-1110.68 0
-1109.17 0
-1107.67 0
-1106.17 0
-1104.67 0
-1103.17 0
-1101.67 0
-1100.17 0
-1098.67 0
-1097.17 0
-1095.67 0
-1094.17 0
-1092.66 0
-1091.16 0
-1089.66 0
-1088.16 0
-1086.66 0
-1085.16 0
-1083.66 0
-1082.16 0
-1080.66 0
-1079.16 0
-1077.66 0
-1076.15 0
-1074.65 0
-1073.15 0
-1071.65 0
-1070.15 0
-1068.65 0
-1067.15 0
-1065.65 0
-1064.15 0
-1062.65 0
-1061.15 0
-1059.64 0
-1058.14 0
-1056.64 0
-1055.14 0
-1053.64 0
-1052.14 0
-1050.64 0
-1049.14 0
-1047.64 0
-1046.14 0
-1044.64 0
-1043.13 0
-1041.63 0
-1040.13 0
-1038.63 0
-1037.13 0
-1035.63 0
-1034.13 0
-1032.63 0
-1031.13 0
-1029.63 0
-1028.13 0
-1026.62 0
-1025.12 0
-1023.62 0
-1022.12 0
-1020.62 0
-1019.12 0
-1017.62 0
-1016.12 0
-1014.62 0
-1013.12 0
-1011.62 0
-1010.11 0
-1008.61 0
-1007.11 0
-1005.61 0
-1004.11 0
-1002.61 0
-1001.11 0
-999.608 0
-998.107 0
-996.606 0
-995.105 0
-993.604 0
-992.103 0
-990.603 0
-989.102 0
-987.601 0
-986.1 0
-984.599 0
-983.098 0
-981.597 0
-980.096 0
-978.595 0
-977.094 0
-975.593 0
-974.093 0
-972.592 0
-971.091 0
-969.59 0
-968.089 0
-966.588 0
-965.087 0
-963.586 0
-962.085 0
-960.584 0
-959.083 0
-957.582 0
-956.082 0
-954.581 0
-953.08 0
-951.579 0
-950.078 0
-948.577 0
-947.076 0
-945.575 0
-944.074 0
-942.573 0
-941.072 0
-939.572 0
-938.071 0
-936.57 0
-935.069 0
-933.568 0
-932.067 0
-930.566 0
-929.065 0
-927.564 0
-926.063 0
-924.562 0
-923.061 0
-921.561 0
-920.06 0
-918.559 0
-917.058 0
-915.557 0
-914.056 0
-912.555 0
-911.054 0
-909.553 0
-908.052 0
-906.551 0
-905.051 0
-903.55 0
-902.049 0
-900.548 0
-899.047 0
-897.546 0
-896.045 0
-894.544 0
-893.043 0
-891.542 0
-890.041 0
-888.54 0
-887.04 0
-885.539 0
-884.038 0
-882.537 0
-881.036 0
-879.535 0
-878.034 0
-876.533 0
-875.032 0
-873.531 0
-872.03 0
-870.53 0
-869.029 0
-867.528 0
-866.027 0
-864.526 0
-863.025 0
-861.524 0
-860.023 0
-858.522 0
-857.021 0
-855.52 0
-854.019 0
-852.519 0
-851.018 0
-849.517 0
-848.016 0
-846.515 0
-845.014 0
-843.513 0
-842.012 0
-840.511 0
-839.01 0
-837.509 0
-836.009 0
-834.508 0
-833.007 0
-831.506 0
-830.005 0
-828.504 0
-827.003 0
-825.502 0
-824.001 0
-822.5 0
-820.999 0
-819.498 0
-817.998 0
-816.497 0
-814.996 0
-813.495 0
-811.994 0
-810.493 0
-808.992 0
-807.491 0
-805.99 0
-804.489 0
-802.988 0
-801.488 0
-799.987 0
-798.486 0
-796.985 0
-795.484 0
-793.983 0
-792.482 0
-790.981 0
-789.48 0
-787.979 0
-786.478 0
-784.977 0
-783.477 0
-781.976 0
-780.475 0
-778.974 0
-777.473 0
-775.972 0
-774.471 0
-772.97 0
-771.469 0
-769.968 0
-768.467 0
-766.967 0
-765.466 0
-763.965 0
-762.464 0
-760.963 0
-759.462 0
-757.961 0
-756.46 0
-754.959 0
-753.458 0
-751.957 0
-750.456 0
-748.956 0
-747.455 0
-745.954 0
-744.453 0
-742.952 0
-741.451 0
-739.95 0
-738.449 0
-736.948 0
-735.447 0
-733.946 0
-732.446 0
-730.945 0
-729.444 0
-727.943 0
-726.442 0
-724.941 0
-723.44 0
-721.939 0
-720.438 0
-718.937 0
-717.436 0
-715.935 0
-714.435 0
-712.934 0
-711.433 0
-709.932 0
-708.431 0
-706.93 0
-705.429 0
-703.928 0
-702.427 0
-700.926 0
-699.425 0
-697.925 0
-696.424 0
-694.923 0
-693.422 0
-691.921 0
-690.42 0
-688.919 0
-687.418 0
-685.917 0
-684.416 0
-682.915 0
-681.414 0
-679.914 0
-678.413 0
-676.912 0
-675.411 0
-673.91 0
-672.409 0
-670.908 0
-669.407 0
-667.906 0
-666.405 0
-664.904 0
-663.404 0
-661.903 0
-660.402 0
-658.901 0
-657.4 0
-655.899 0
-654.398 0
-652.897 0
-651.396 0
-649.895 0
-648.394 0
-646.893 0
-645.393 0
-643.892 0
-642.391 0
-640.89 0
-639.389 0
-637.888 0
-636.387 0
-634.886 0
-633.385 0
-631.884 0
-630.383 0
-628.883 0
-627.382 0
-625.881 0
-624.38 0
-622.879 0
-621.378 0
-619.877 0
-618.376 0
-616.875 0
-615.374 0
-613.873 0
-612.372 0
-610.872 0
-609.371 0
-607.87 0
-606.369 0
-604.868 0
-603.367 0
-601.866 0
-600.365 0
-598.864 0
-597.363 0
-595.862 0
-594.362 0
-592.861 0
-591.36 0
-589.859 0
-588.358 0
-586.857 0
-585.356 0
-583.855 0
-582.354 0
-580.853 0
-579.352 0
-577.851 0
-576.351 0
-574.85 0
-573.349 0
-571.848 0
-570.347 0
-568.846 0
-567.345 0
-565.844 0
-564.343 0
-562.842 0
-561.341 0
-559.841 0
-558.34 0
-556.839 0
-555.338 0
-553.837 0
-552.336 0
-550.835 0
-549.334 0
-547.833 0
-546.332 0
-544.831 0
-543.33 0
-541.83 0
-540.329 0
-538.828 0
-537.327 0
-535.826 0
-534.325 0
-532.824 0
-531.323 0
-529.822 0
-528.321 0
-526.82 0
-525.32 0
-523.819 0
-522.318 0
-520.817 0
-519.316 0
-517.815 0
-516.314 0
-514.813 0
-513.312 0
-511.811 0
-510.31 0
-508.809 0
-507.309 0
-505.808 0
-504.307 0
-502.806 0
-501.305 0
-499.804 0
-498.303 2.12133e-05
-496.802 1.74058e-05
-495.301 2.01255e-05
-493.8 1.84937e-05
-492.299 1.30544e-05
-490.799 1.30543e-05
-489.298 9.24683e-06
-487.797 7.61503e-06
-486.296 5.98323e-06
-484.795 9.24682e-06
-483.294 6.52717e-06
-481.793 7.0711e-06
-480.292 6.52717e-06
-478.791 9.24682e-06
-477.29 1.14225e-05
-475.789 1.14225e-05
-474.288 1.19665e-05
-472.788 1.46861e-05
-471.287 1.52301e-05
-469.786 1.5774e-05
-468.285 1.46861e-05
-466.784 1.68619e-05
-465.283 1.25104e-05
-463.782 1.79497e-05
-462.281 1.5774e-05
-460.78 1.35983e-05
-459.279 1.5774e-05
-457.778 1.63179e-05
-456.278 1.35983e-05
-454.777 9.79074e-06
-453.276 1.35982e-05
-451.775 1.74058e-05
-450.274 1.46861e-05
-448.773 1.14225e-05
-447.272 9.79073e-06
-445.771 1.03347e-05
-444.27 7.07107e-06
-442.769 7.07107e-06
-441.268 1.03347e-05
-439.767 1.14225e-05
-438.267 1.19665e-05
-436.766 1.14225e-05
-435.265 1.30543e-05
-433.764 1.41422e-05
-432.263 1.30543e-05
-430.762 1.46861e-05
-429.261 9.79073e-06
-427.76 1.19665e-05
-426.259 1.19665e-05
-424.758 1.08786e-05
-423.257 1.03347e-05
-421.757 7.61502e-06
-420.256 8.15894e-06
-418.755 1.14225e-05
-417.254 1.08786e-05
-415.753 1.35983e-05
-414.252 1.35983e-05
-412.751 9.79074e-06
-411.25 8.70288e-06
-409.749 8.70288e-06
-408.248 4.89536e-06
-406.747 7.61501e-06
-405.246 7.07108e-06
-403.746 6.52715e-06
-402.245 1.14225e-05
-400.744 1.14225e-05
-399.243 8.70288e-06
-397.742 1.08786e-05
-396.241 1.30543e-05
-394.74 1.41422e-05
-393.239 1.35982e-05
-391.738 1.25104e-05
-390.237 1.30543e-05
-388.736 1.63179e-05
-387.236 1.25104e-05
-385.735 1.03347e-05
-384.234 1.14225e-05
-382.733 1.08786e-05
-381.232 9.79073e-06
-379.731 5.98321e-06
-378.23 8.15892e-06
-376.729 1.08786e-05
-375.228 8.70287e-06
-373.727 9.79073e-06
-372.226 9.2468e-06
-370.725 7.07108e-06
-369.225 1.19665e-05
-367.724 9.79074e-06
-366.223 7.0711e-06
-364.722 9.24683e-06
-363.221 9.79075e-06
-361.72 1.14225e-05
-360.219 1.08786e-05
-358.718 1.14226e-05
-357.217 1.08786e-05
-355.716 7.61503e-06
-354.215 1.14226e-05
-352.715 1.25104e-05
-351.214 1.35983e-05
-349.713 1.63179e-05
-348.212 1.68619e-05
-346.711 1.46861e-05
-345.21 1.25104e-05
-343.709 1.46861e-05
-342.208 1.41422e-05
-340.707 1.79497e-05
-339.206 2.06694e-05
-337.705 2.12133e-05
-336.205 1.74058e-05
-334.704 1.84937e-05
-333.203 2.01254e-05
-331.702 1.95815e-05
-330.201 2.17572e-05
-328.7 2.3933e-05
-327.199 2.55648e-05
-325.698 2.3933e-05
-324.197 2.61087e-05
-322.696 2.61087e-05
-321.195 2.50208e-05
-319.694 2.55648e-05
-318.194 2.44769e-05
-316.693 2.50208e-05
-315.192 2.3933e-05
-313.691 2.23012e-05
-312.19 2.23012e-05
-310.689 2.61087e-05
-309.188 2.88283e-05
-307.687 3.20919e-05
-306.186 3.42677e-05
-304.685 3.86191e-05
-303.184 4.13388e-05
-301.684 4.46023e-05
-300.183 4.62341e-05
-298.682 4.62341e-05
-297.181 4.78659e-05
-295.68 4.62341e-05
-294.179 4.84099e-05
-292.678 4.78659e-05
-291.177 4.78659e-05
-289.676 5.05856e-05
-288.175 5.16734e-05
-286.674 5.00417e-05
-285.173 5.43931e-05
-283.673 5.60249e-05
-282.172 5.60249e-05
-280.671 5.76567e-05
-279.17 6.25521e-05
-277.669 6.09203e-05
-276.168 6.14642e-05
-274.667 6.25521e-05
-273.166 6.36399e-05
-271.665 6.69035e-05
-270.164 7.1255e-05
-268.663 7.1255e-05
-267.163 7.28868e-05
-265.662 7.28868e-05
-264.161 7.66943e-05
-262.66 7.94139e-05
-261.159 7.77821e-05
-259.658 7.66943e-05
-258.157 7.83261e-05
-256.656 7.1255e-05
-255.155 6.69035e-05
-253.654 6.74474e-05
-252.153 6.85353e-05
-250.652 6.79914e-05
-249.152 6.85353e-05
-247.651 7.0711e-05
-246.15 7.17989e-05
-244.649 7.0711e-05
-243.148 7.23428e-05
-241.647 7.28868e-05
-240.146 7.50625e-05
-238.645 7.50625e-05
-237.144 7.72382e-05
-235.643 7.83261e-05
-234.142 8.15896e-05
-232.642 8.26775e-05
-231.141 8.92047e-05
-229.64 9.35562e-05
-228.139 0.000100083
-226.638 0.000103347
-225.137 0.000108242
-223.636 0.000115313
-222.135 0.000119665
-220.634 0.000126192
-219.133 0.000132175
-217.632 0.00013979
-216.131 0.000147405
-214.631 0.000153932
-213.13 0.000169163
-211.629 0.000178953
-210.128 0.000191464
-208.627 0.000209413
-207.126 0.000221924
-205.625 0.000240418
-204.124 0.000258367
-202.623 0.000276317
-201.122 0.000295355
-199.621 0.000316024
-198.121 0.000341589
-196.62 0.000360082
-195.119 0.000389454
-193.618 0.000417739
-192.117 0.000449287
-190.616 0.000479747
-189.115 0.000514014
-187.614 0.000552634
-186.113 0.000593429
-184.612 0.000629872
-183.111 0.00067665
-181.61 0.000725604
-180.11 0.00077075
-178.609 0.000825687
-177.108 0.000881712
-175.607 0.000937193
-174.106 0.000997025
-172.605 0.00106175
-171.104 0.00112703
-169.603 0.00119502
-168.102 0.00126627
-166.601 0.00133698
-165.1 0.00141259
-163.6 0.0014833
-162.099 0.0015502
-160.598 0.00162309
-159.097 0.00169217
-157.596 0.00176234
-156.095 0.00182761
-154.594 0.0018956
-153.093 0.00195598
-151.592 0.00201309
-150.091 0.00206966
-148.59 0.00212079
-147.089 0.00216811
-145.589 0.00221434
-144.088 0.00225459
-142.587 0.00229212
-141.086 0.00232748
-139.585 0.00235359
-138.084 0.00237915
-136.583 0.00239765
-135.082 0.00240961
-133.581 0.00241995
-132.08 0.00242484
-130.579 0.00243083
-129.079 0.00242756
-127.578 0.00242702
-126.077 0.00242648
-124.576 0.00242104
-123.075 0.00241505
-121.574 0.00240526
-120.073 0.00238623
-118.572 0.00237317
-117.071 0.00235196
-115.57 0.00233727
-114.069 0.00231116
-112.568 0.00228886
-111.068 0.00226982
-109.567 0.00224589
-108.066 0.00222033
-106.565 0.00220129
-105.064 0.00218116
-103.563 0.00215941
-102.062 0.00214091
-100.561 0.00212351
-99.0603 0.00210773
-97.5593 0.0020925
-96.0584 0.00207673
-94.5575 0.00206476
-93.0566 0.00204899
-91.5557 0.00203811
-90.0548 0.00203049
-88.5539 0.00202778
-87.053 0.00202451
-85.552 0.00202288
-84.0511 0.0020256
-82.5502 0.00202941
-81.0493 0.00203865
-79.5484 0.00205769
-78.0475 0.00207401
-76.5466 0.00209468
-75.0456 0.00212405
-73.5447 0.0021507
-72.0438 0.00218388
-70.5429 0.00222087
-69.042 0.00226167
-67.5411 0.0023079
-66.0402 0.00235577
-64.5393 0.00240635
-63.0383 0.00246673
-61.5374 0.00253037
-60.0365 0.00259836
-58.5356 0.00266689
-57.0347 0.00274141
-55.5338 0.00282246
-54.0329 0.00291057
-52.532 0.00299434
-51.031 0.00308626
-49.5301 0.00318254
-48.0292 0.00327827
-46.5283 0.00337999
-45.0274 0.00348225
-43.5265 0.00358994
-42.0256 0.00369601
-40.5246 0.00381078
-39.0237 0.00392881
-37.5228 0.00404413
-36.0219 0.00416162
-34.521 0.00428346
-33.0201 0.00441019
-31.5192 0.0045304
-30.0183 0.00465115
-28.5173 0.00477517
-27.0164 0.00490136
-25.5155 0.00502375
-24.0146 0.00514178
-22.5137 0.00525764
-21.0128 0.0053686
-19.5119 0.00547847
-18.011 0.00557964
-16.51 0.00567755
-15.0091 0.00576839
-13.5082 0.00584671
-12.0073 0.0059245
-10.5064 0.00598814
-9.00548 0.00604362
-7.50456 0.0060904
-6.00365 0.00613174
-4.50274 0.00615676
-3.00183 0.00618014
-1.50091 0.00619374
0 0.00619592
1.50091 0.00618667
3.00183 0.00617035
4.50274 0.00614316
6.00365 0.00610998
7.50456 0.00606157
9.00548 0.00601044
10.5064 0.00594571
12.0073 0.00587554
13.5082 0.00579287
15.0091 0.00570801
16.51 0.00561282
18.011 0.0055122
19.5119 0.0054045
21.0128 0.00529191
22.5137 0.00517387
24.0146 0.00505258
25.5155 0.00492638
27.0164 0.00479911
28.5173 0.00466747
30.0183 0.00453149
31.5192 0.0044004
33.0201 0.00426551
34.521 0.00412953
36.0219 0.00400061
37.5228 0.0038717
39.0237 0.00374225
40.5246 0.00361225
42.0256 0.00348877
43.5265 0.00336639
45.0274 0.00325053
46.5283 0.00313141
48.0292 0.00301719
49.5301 0.00290568
51.031 0.00280016
52.532 0.00270279
54.0329 0.00260489
55.5338 0.00250535
57.0347 0.00241614
58.5356 0.0023302
60.0365 0.00224372
61.5374 0.00216267
63.0383 0.00209142
64.5393 0.00201798
66.0402 0.00195326
67.5411 0.00189179
69.042 0.00184012
70.5429 0.00178518
72.0438 0.00173786
73.5447 0.00169326
75.0456 0.00165301
76.5466 0.00161928
78.0475 0.00158665
79.5484 0.00155673
81.0493 0.00153062
82.5502 0.00150234
84.0511 0.00148167
85.552 0.00145882
87.053 0.00144414
88.5539 0.00142347
90.0548 0.0014115
91.5557 0.00140171
93.0566 0.00138702
94.5575 0.00137506
96.0584 0.00136092
97.5593 0.00135439
99.0603 0.00134841
100.561 0.00133862
102.062 0.00133807
103.563 0.00133698
105.064 0.00133753
106.565 0.00133916
108.066 0.0013397
109.567 0.00134242
111.068 0.00134405
112.568 0.00134841
114.069 0.00134895
115.57 0.00134786
117.071 0.00135113
118.572 0.00134569
120.073 0.00134786
121.574 0.00134514
123.075 0.00134786
124.576 0.00135167
126.077 0.00135113
127.578 0.00135004
129.079 0.00134949
130.579 0.00134242
132.08 0.00134025
133.581 0.0013359
135.082 0.00132665
136.583 0.00131849
138.084 0.00130815
139.585 0.00129619
141.086 0.00127987
142.587 0.00126138
144.088 0.00124343
145.589 0.00122765
147.089 0.00120046
148.59 0.00117543
150.091 0.00115259
151.592 0.00112648
153.093 0.00109602
154.594 0.00106882
156.095 0.00103728
157.596 0.00100954
159.097 0.000977988
160.598 0.000946984
162.099 0.00091598
163.6 0.000880624
165.1 0.000847988
166.601 0.000812089
168.102 0.000781629
169.603 0.000746274
171.104 0.000714182
172.605 0.000684809
174.106 0.000654893
175.607 0.000627152
177.108 0.000601588
178.609 0.000578199
180.11 0.000547738
181.61 0.000529789
183.111 0.000503136
184.612 0.00048301
186.113 0.000459621
187.614 0.000438952
189.115 0.000421546
190.616 0.000404684
192.117 0.000384559
193.618 0.000371505
195.119 0.000356275
196.62 0.000342133
198.121 0.000328534
199.621 0.000313304
201.122 0.000304058
202.623 0.000294811
204.124 0.000283932
205.625 0.000273053
207.126 0.000262175
208.627 0.00025456
210.128 0.000244225
211.629 0.000236066
213.13 0.000231171
214.631 0.000221924
216.131 0.000213221
217.632 0.000205062
219.133 0.000201254
220.634 0.000192008
222.135 0.000190376
223.636 0.000186568
225.137 0.000181673
226.638 0.000180041
228.139 0.000175146
229.64 0.000173514
231.141 0.000166443
232.642 0.000162091
234.142 0.000158828
235.643 0.000152845
237.144 0.000149581
238.645 0.000145773
240.146 0.000143598
241.647 0.000143054
243.148 0.00013979
244.649 0.000134895
246.15 0.000136527
247.651 0.000135439
249.152 0.000137614
250.652 0.00013979
252.153 0.000135983
253.654 0.000135983
255.155 0.000131631
256.656 0.000129999
258.157 0.000129456
259.658 0.000123472
261.159 0.000125104
262.66 0.000119665
264.161 0.000120753
265.662 0.000122384
267.163 0.000122384
268.663 0.00012184
270.164 0.000120753
271.665 0.00012184
273.166 0.000119665
274.667 0.000120753
276.168 0.000117489
277.669 0.000114225
279.17 0.000109874
280.671 0.000107154
282.172 0.000103891
283.673 0.00010661
285.173 0.000103891
286.674 0.000104979
288.175 0.000106067
289.676 0.000106067
291.177 0.000106067
292.678 0.000104435
294.179 0.000102803
295.68 0.000100627
297.181 0.000100627
298.682 9.95394e-05
300.183 9.35562e-05
301.684 9.5188e-05
303.184 9.5188e-05
304.685 9.35562e-05
306.186 9.02926e-05
307.687 9.13804e-05
309.188 9.4644e-05
310.689 9.4644e-05
312.19 9.41001e-05
313.691 9.30122e-05
315.192 8.97486e-05
316.693 8.43093e-05
318.194 8.26775e-05
319.694 8.05018e-05
321.195 7.61503e-05
322.696 7.50625e-05
324.197 7.34307e-05
325.698 7.01671e-05
327.199 6.96232e-05
328.7 6.74474e-05
330.201 6.85353e-05
331.702 6.63596e-05
333.203 6.74474e-05
334.704 6.85353e-05
336.205 6.63596e-05
337.705 6.47278e-05
339.206 6.14642e-05
340.707 6.20081e-05
342.208 5.82006e-05
343.709 5.98324e-05
345.21 5.87446e-05
346.711 5.4937e-05
348.212 5.22174e-05
349.713 5.27613e-05
351.214 5.22174e-05
352.715 5.05856e-05
354.215 5.16734e-05
355.716 5.16734e-05
357.217 5.43931e-05
358.718 5.22174e-05
360.219 5.22174e-05
361.72 5.60249e-05
363.221 5.16734e-05
364.722 5.22174e-05
366.223 5.5481e-05
367.724 5.60249e-05
369.225 5.43931e-05
370.725 5.27613e-05
372.226 5.22174e-05
373.727 5.05856e-05
375.228 5.11295e-05
376.729 4.7322e-05
378.23 4.78659e-05
379.731 4.94977e-05
381.232 5.00417e-05
382.733 4.51463e-05
384.234 4.51463e-05
385.735 4.78659e-05
387.236 5.27613e-05
388.736 5.05856e-05
390.237 5.22174e-05
391.738 5.38492e-05
393.239 5.60249e-05
394.74 5.33052e-05
396.241 5.33052e-05
397.742 5.27613e-05
399.243 4.94977e-05
400.744 5.16734e-05
402.245 4.78659e-05
403.746 5.00416e-05
405.246 5.11295e-05
406.747 4.94977e-05
408.248 5.05856e-05
409.749 5.05856e-05
411.25 5.05856e-05
412.751 5.11295e-05
414.252 5.16734e-05
415.753 5.16734e-05
417.254 5.43931e-05
418.755 5.71128e-05
420.256 5.4937e-05
421.757 5.33052e-05
423.257 5.16734e-05
424.758 5.60249e-05
426.259 5.27613e-05
427.76 4.94977e-05
429.261 5.00417e-05
430.762 5.05856e-05
432.263 5.16734e-05
433.764 4.84099e-05
435.265 4.7322e-05
436.766 5.00417e-05
438.267 5.05856e-05
439.767 4.67781e-05
441.268 4.24266e-05
442.769 4.29706e-05
444.27 4.07948e-05
445.771 3.69873e-05
447.272 3.53555e-05
448.773 3.37237e-05
450.274 3.1548e-05
451.775 3.48116e-05
453.276 3.26359e-05
454.777 3.58994e-05
456.278 3.37237e-05
457.778 3.1548e-05
459.279 3.10041e-05
460.78 3.1548e-05
462.281 3.31798e-05
463.782 3.53555e-05
465.283 3.37237e-05
466.784 3.37237e-05
468.285 3.26359e-05
469.786 3.26359e-05
471.287 3.58994e-05
472.788 3.26359e-05
474.288 2.99162e-05
475.789 2.28451e-05
477.29 2.23012e-05
478.791 2.44769e-05
480.292 2.23012e-05
481.793 2.17572e-05
483.294 2.12133e-05
484.795 2.17572e-05
486.296 1.90376e-05
487.797 2.3389e-05
489.298 2.3933e-05
490.799 2.3389e-05
492.299 2.23012e-05
493.8 2.28451e-05
495.301 2.44769e-05
496.802 2.3933e-05
498.303 2.3933e-05
499.804 0
501.305 0
502.806 0
504.307 0
505.808 0
507.309 0
508.809 0
510.31 0
511.811 0
513.312 0
514.813 0
516.314 0
517.815 0
519.316 0
520.817 0
522.318 0
523.819 0
525.32 0
526.82 0
528.321 0
529.822 0
531.323 0
532.824 0
534.325 0
535.826 0
537.327 0
538.828 0
540.329 0
541.83 0
543.33 0
544.831 0
546.332 0
547.833 0
549.334 0
550.835 0
552.336 0
553.837 0
555.338 0
556.839 0
558.34 0
559.841 0
561.341 0
562.842 0
564.343 0
565.844 0
567.345 0
568.846 0
570.347 0
571.848 0
573.349 0
574.85 0
576.351 0
577.851 0
579.352 0
580.853 0
582.354 0
583.855 0
585.356 0
586.857 0
588.358 0
589.859 0
591.36 0
592.861 0
594.362 0
595.862 0
597.363 0
598.864 0
600.365 0
601.866 0
603.367 0
604.868 0
606.369 0
607.87 0
609.371 0
610.872 0
612.372 0
613.873 0
615.374 0
616.875 0
618.376 0
619.877 0
621.378 0
622.879 0
624.38 0
625.881 0
627.382 0
628.883 0
630.383 0
631.884 0
633.385 0
634.886 0
636.387 0
637.888 0
639.389 0
640.89 0
642.391 0
643.892 0
645.393 0
646.893 0
648.394 0
649.895 0
651.396 0
652.897 0
654.398 0
655.899 0
657.4 0
658.901 0
660.402 0
661.903 0
663.404 0
664.904 0
666.405 0
667.906 0
669.407 0
670.908 0
672.409 0
673.91 0
675.411 0
676.912 0
678.413 0
679.914 0
681.414 0
682.915 0
684.416 0
685.917 0
687.418 0
688.919 0
690.42 0
691.921 0
693.422 0
694.923 0
696.424 0
697.925 0
699.425 0
700.926 0
702.427 0
703.928 0
705.429 0
706.93 0
708.431 0
709.932 0
711.433 0
712.934 0
714.435 0
715.935 0
717.436 0
718.937 0
720.438 0
721.939 0
723.44 0
724.941 0
726.442 0
727.943 0
729.444 0
730.945 0
732.446 0
733.946 0
735.447 0
736.948 0
738.449 0
739.95 0
741.451 0
742.952 0
744.453 0
745.954 0
747.455 0
748.956 0
750.456 0
751.957 0
753.458 0
754.959 0
756.46 0
757.961 0
759.462 0
760.963 0
762.464 0
763.965 0
765.466 0
766.967 0
768.467 0
769.968 0
771.469 0
772.97 0
774.471 0
775.972 0
777.473 0
778.974 0
780.475 0
781.976 0
783.477 0
784.977 0
786.478 0
787.979 0
789.48 0
790.981 0
792.482 0
793.983 0
795.484 0
796.985 0
798.486 0
799.987 0
801.488 0
802.988 0
804.489 0
805.99 0
807.491 0
808.992 0
810.493 0
811.994 0
813.495 0
814.996 0
816.497 0
817.998 0
819.498 0
820.999 0
822.5 0
824.001 0
825.502 0
827.003 0
828.504 0
830.005 0
831.506 0
833.007 0
834.508 0
836.009 0
837.509 0
839.01 0
840.511 0
842.012 0
843.513 0
845.014 0
846.515 0
848.016 0
849.517 0
851.018 0
852.519 0
854.019 0
855.52 0
857.021 0
858.522 0
860.023 0
861.524 0
863.025 0
864.526 0
866.027 0
867.528 0
869.029 0
870.53 0
872.03 0
873.531 0
875.032 0
876.533 0
878.034 0
879.535 0
881.036 0
882.537 0
884.038 0
885.539 0
887.04 0
888.54 0
890.041 0
891.542 0
893.043 0
894.544 0
896.045 0
897.546 0
899.047 0
900.548 0
902.049 0
903.55 0
905.051 0
906.551 0
908.052 0
909.553 0
911.054 0
912.555 0
914.056 0
915.557 0
917.058 0
918.559 0
920.06 0
921.561 0
923.061 0
924.562 0
926.063 0
927.564 0
929.065 0
930.566 0
932.067 0
933.568 0
935.069 0
936.57 0
938.071 0
939.572 0
941.072 0
942.573 0
944.074 0
945.575 0
947.076 0
948.577 0
950.078 0
951.579 0
953.08 0
954.581 0
956.082 0
957.582 0
959.083 0
960.584 0
962.085 0
963.586 0
965.087 0
966.588 0
968.089 0
969.59 0
971.091 0
972.592 0
974.093 0
975.593 0
977.094 0
978.595 0
980.096 0
981.597 0
983.098 0
984.599 0
986.1 0
987.601 0
989.102 0
990.603 0
992.103 0
993.604 0
995.105 0
996.606 0
998.107 0
999.608 0
1001.11 0
1002.61 0
1004.11 0
1005.61 0
1007.11 0
1008.61 0
1010.11 0
1011.62 0
1013.12 0
1014.62 0
1016.12 0
1017.62 0
1019.12 0
1020.62 0
1022.12 0
1023.62 0
1025.12 0
1026.62 0
1028.13 0
1029.63 0
1031.13 0
1032.63 0
1034.13 0
1035.63 0
1037.13 0
1038.63 0
1040.13 0
1041.63 0
1043.13 0
1044.64 0
1046.14 0
1047.64 0
1049.14 0
1050.64 0
1052.14 0
1053.64 0
1055.14 0
1056.64 0
1058.14 0
1059.64 0
1061.15 0
1062.65 0
1064.15 0
1065.65 0
1067.15 0
1068.65 0
1070.15 0
1071.65 0
1073.15 0
1074.65 0
1076.15 0
1077.66 0
1079.16 0
1080.66 0
1082.16 0
1083.66 0
1085.16 0
1086.66 0
1088.16 0
1089.66 0
1091.16 0
1092.66 0
1094.17 0
1095.67 0
1097.17 0
1098.67 0
1100.17 0
1101.67 0
1103.17 0
1104.67 0
1106.17 0
1107.67 0
1109.17 0
1110.68 0
1112.18 0
1113.68 0
1115.18 0
1116.68 0
1118.18 0
1119.68 0
1121.18 0
1122.68 0
1124.18 0
1125.68 0
1127.19 0
1128.69 0
1130.19 0
1131.69 0
1133.19 0
1134.69 0
1136.19 0
1137.69 0
1139.19 0
1140.69 0
1142.19 0
1143.7 0
1145.2 0
1146.7 0
1148.2 0
1149.7 0
1151.2 0
1152.7 0
1154.2 0
1155.7 0
1157.2 0
1158.7 0
1160.21 0
1161.71 0
1163.21 0
1164.71 0
1166.21 0
1167.71 0
1169.21 0
1170.71 0
1172.21 0
1173.71 0
1175.21 0
1176.72 0
1178.22 0
1179.72 0
1181.22 0
1182.72 0
1184.22 0
1185.72 0
1187.22 0
1188.72 0
1190.22 0
1191.72 0
1193.23 0
1194.73 0
1196.23 0
1197.73 0
1199.23 0
1200.73 0
1202.23 0
1203.73 0
1205.23 0
1206.73 0
1208.23 0
1209.74 0
1211.24 0
1212.74 0
1214.24 0
1215.74 0
1217.24 0
1218.74 0
1220.24 0
1221.74 0
1223.24 0
1224.74 0
1226.25 0
1227.75 0
1229.25 0
1230.75 0
1232.25 0
1233.75 0
1235.25 0
1236.75 0
1238.25 0
1239.75 0
1241.26 0
1242.76 0
1244.26 0
1245.76 0
1247.26 0
1248.76 0
1250.26 0
1251.76 0
1253.26 0
1254.76 0
1256.26 0
1257.77 0
1259.27 0
1260.77 0
1262.27 0
1263.77 0
1265.27 0
1266.77 0
1268.27 0
1269.77 0
1271.27 0
1272.77 0
1274.28 0
1275.78 0
1277.28 0
1278.78 0
1280.28 0
1281.78 0
1283.28 0
1284.78 0
1286.28 0
1287.78 0
1289.28 0
1290.79 0
1292.29 0
1293.79 0
1295.29 0
1296.79 0
1298.29 0
1299.79 0
1301.29 0
1302.79 0
1304.29 0
1305.79 0
1307.3 0
1308.8 0
1310.3 0
1311.8 0
1313.3 0
1314.8 0
1316.3 0
1317.8 0
1319.3 0
1320.8 0
1322.3 0
1323.81 0
1325.31 0
1326.81 0
1328.31 0
1329.81 0
1331.31 0
1332.81 0
1334.31 0
1335.81 0
1337.31 0
1338.81 0
1340.32 0
1341.82 0
1343.32 0
1344.82 0
1346.32 0
1347.82 0
1349.32 0
1350.82 0
1352.32 0
1353.82 0
1355.32 0
1356.83 0
1358.33 0
1359.83 0
1361.33 0
1362.83 0
1364.33 0
1365.83 0
1367.33 0
1368.83 0
1370.33 0
1371.83 0
1373.34 0
1374.84 0
1376.34 0
1377.84 0
1379.34 0
1380.84 0
1382.34 0
1383.84 0
1385.34 0
1386.84 0
1388.34 0
1389.85 0
1391.35 0
1392.85 0
1394.35 0
1395.85 0
1397.35 0
1398.85 0
1400.35 0
1401.85 0
1403.35 0
1404.85 0
1406.36 0
1407.86 0
1409.36 0
1410.86 0
1412.36 0
1413.86 0
1415.36 0
1416.86 0
1418.36 0
1419.86 0
1421.36 0
1422.87 0
1424.37 0
1425.87 0
1427.37 0
1428.87 0
1430.37 0
1431.87 0
1433.37 0
1434.87 0
1436.37 0
1437.87 0
1439.38 0
1440.88 0
1442.38 0
1443.88 0
1445.38 0
1446.88 0
1448.38 0
1449.88 0
1451.38 0
1452.88 0
1454.38 0
1455.89 0
1457.39 0
1458.89 0
1460.39 0
1461.89 0
1463.39 0
1464.89 0
1466.39 0
1467.89 0
1469.39 0
1470.89 0
1472.4 0
1473.9 0
1475.4 0
1476.9 0
1478.4 0
1479.9 0
1481.4 0
1482.9 0
1484.4 0
1485.9 0
1487.4 0
1488.91 0
1490.41 0
1491.91 0
1493.41 0
1494.91 0
1496.41 0
1497.91 0
1499.41 0
1500.91 0
1502.41 0
1503.91 0
1505.42 0
1506.92 0
1508.42 0
1509.92 0
1511.42 0
1512.92 0
1514.42 0
1515.92 0
1517.42 0
1518.92 0
1520.42 0
1521.93 0
1523.43 0
1524.93 0
1526.43 0
1527.93 0
1529.43 0
1530.93 0
1532.43 0
1533.93 0
1535.43 0
1536.93 0
1538.44 0
1539.94 0
1541.44 0
1542.94 0
1544.44 0
1545.94 0
1547.44 0
1548.94 0
1550.44 0
1551.94 0
1553.44 0
1554.95 0
1556.45 0
1557.95 0
1559.45 0
1560.95 0
1562.45 0
1563.95 0
1565.45 0
1566.95 0
1568.45 0
1569.95 0
1571.46 0
1572.96 0
1574.46 0
1575.96 0
