-1575.96 0
-1574.46 0
-1572.96 0
-1571.46 0
-1569.95 0
-1568.45 0
-1566.95 0
-1565.45 0
-1563.95 0
-1562.45 0
-1560.95 0
-1559.45 0
-1557.95 0
-1556.45 0
-1554.95 0
-1553.44 0
-1551.94 0
-1550.44 0
-1548.94 0
-1547.44 0
-1545.94 0
-1544.44 0
-1542.94 0
-1541.44 0
-1539.94 0
-1538.44 0
-1536.93 0
-1535.43 0
-1533.93 0
-1532.43 0
-1530.93 0
-1529.43 0
-1527.93 0
-1526.43 0
-1524.93 0
-1523.43 0
-1521.93 0
-1520.42 0
-1518.92 0
-1517.42 0
-1515.92 0
-1514.42 0
-1512.92 0
-1511.42 0
-1509.92 0
-1508.42 0
-1506.92 0
-1505.42 0
-1503.91 0
-1502.41 0
-1500.91 0
-1499.41 0
-1497.91 0
-1496.41 0
-1494.91 0
-1493.41 0
-1491.91 0
-1490.41 0
-1488.91 0
-1487.4 0
-1485.9 0
-1484.4 0
-1482.9 0
-1481.4 0
-1479.9 0
-1478.4 0
-1476.9 0
-1475.4 0
-1473.9 0
-1472.4 0
-1470.89 0
-1469.39 0
-1467.89 0
-1466.39 0
-1464.89 0
-1463.39 0
-1461.89 0
-1460.39 0
-1458.89 0
-1457.39 0
-1455.89 0
-1454.38 0
-1452.88 0
-1451.38 0
-1449.88 0
-1448.38 0
-1446.88 0
-1445.38 0
-1443.88 0
-1442.38 0
-1440.88 0
-1439.38 0
-1437.87 0
-1436.37 0
-1434.87 0
-1433.37 0
-1431.87 0
-1430.37 0
-1428.87 0
-1427.37 0
-1425.87 0
-1424.37 0
-1422.87 0
-1421.36 0
-1419.86 0
-1418.36 0
-1416.86 0
-1415.36 0
-1413.86 0
-1412.36 0
-1410.86 0
-1409.36 0
-1407.86 0
-1406.36 0
-1404.85 0
-1403.35 0
-1401.85 0
-1400.35 0
-1398.85 0
-1397.35 0
-1395.85 0
-1394.35 0
-1392.85 0
-1391.35 0
-1389.85 0
-1388.34 0
-1386.84 0
-1385.34 0
-1383.84 0
-1382.34 0
-1380.84 0
-1379.34 0
-1377.84 0
-1376.34 0
-1374.84 0
-1373.34 0
-1371.83 0
-1370.33 0
-1368.83 0
-1367.33 0
-1365.83 0
-1364.33 0
-1362.83 0
-1361.33 0
-1359.83 0
-1358.33 0
-1356.83 0
-1355.32 0
-1353.82 0
-1352.32 0
-1350.82 0
-1349.32 0
-1347.82 0
-1346.32 0
-1344.82 0
-1343.32 0
-1341.82 0
-1340.32 0
-1338.81 0
-1337.31 0
-1335.81 0
-1334.31 0
-1332.81 0
-1331.31 0
-1329.81 0
-1328.31 0
-1326.81 0
-1325.31 0
-1323.81 0
-1322.3 0
-1320.8 0
-1319.3 0
-1317.8 0
-1316.3 0
-1314.8 0
-1313.3 0
-1311.8 0
-1310.3 0
-1308.8 0
-1307.3 0
-1305.79 0
-1304.29 0
-1302.79 0
-1301.29 0
-1299.79 0
-1298.29 0
-1296.79 0
-1295.29 0
-1293.79 0
-1292.29 0
-1290.79 0
-1289.28 0
-1287.78 0
-1286.28 0
-1284.78 0
-1283.28 0
-1281.78 0
-1280.28 0
-1278.78 0
-1277.28 0
-1275.78 0
-1274.28 0
-1272.77 0
-1271.27 0
-1269.77 0
-1268.27 0
-1266.77 0
-1265.27 0
-1263.77 0
-1262.27 0
-1260.77 0
-1259.27 0
-1257.77 0
-1256.26 0
-1254.76 0
-1253.26 0
-1251.76 0
-1250.26 0
-1248.76 0
-1247.26 0
-1245.76 0
-1244.26 0
-1242.76 0
-1241.26 0
-1239.75 0
-1238.25 0
-1236.75 0
-1235.25 0
-1233.75 0
-1232.25 0
-1230.75 0
-1229.25 0
-1227.75 0
-1226.25 0
-1224.74 0
-1223.24 0
-1221.74 0
-1220.24 0
-1218.74 0
-1217.24 0
-1215.74 0
-1214.24 0
-1212.74 0
-1211.24 0
-1209.74 0
-1208.23 0
-1206.73 0
-1205.23 0
-1203.73 0
-1202.23 0
-1200.73 0
-1199.23 0
-1197.73 0
-1196.23 0
-1194.73 0
-1193.23 0
-1191.72 0
-1190.22 0
-1188.72 0
-1187.22 0
-1185.72 0
-1184.22 0
-1182.72 0
-1181.22 0
-1179.72 0
-1178.22 0
-1176.72 0
-1175.21 0
-1173.71 0
-1172.21 0
-1170.71 0
-1169.21 0
-1167.71 0
-1166.21 0
-1164.71 0
-1163.21 0
-1161.71 0
-1160.21 0
-1158.7 0
-1157.2 0
-1155.7 0
-1154.2 0
-1152.7 0
-1151.2 0
-1149.7 0
-1148.2 0
-1146.7 0
-1145.2 0
-1143.7 0
-1142.19 0
-1140.69 0
-1139.19 0
-1137.69 0
-1136.19 0
-1134.69 0
-1133.19 0
-1131.69 0
-1130.19 0
-1128.69 0
-1127.19 0
-1125.68 0
-1124.18 0
-1122.68 0
-1121.18 0
-1119.68 0
-1118.18 0
-1116.68 0
-1115.18 0
-1113.68 0
-1112.18 0
-1110.68 0
-1109.17 0
-1107.67 0
-1106.17 0
-1104.67 0
-1103.17 0
-1101.67 0
-1100.17 0
-1098.67 0
-1097.17 0
-1095.67 0
-1094.17 0
-1092.66 0
-1091.16 0
-1089.66 0
-1088.16 0
-1086.66 0
-1085.16 0
-1083.66 0
-1082.16 0
-1080.66 0
-1079.16 0
-1077.66 0
-1076.15 0
-1074.65 0
-1073.15 0
-1071.65 0
-1070.15 0
-1068.65 0
-1067.15 0
-1065.65 0
-1064.15 0
-1062.65 0
-1061.15 0
-1059.64 0
-1058.14 0
-1056.64 0
-1055.14 0
-1053.64 0
-1052.14 0
-1050.64 0
-1049.14 0
-1047.64 0
-1046.14 0
-1044.64 0
-1043.13 0
-1041.63 0
-1040.13 0
-1038.63 0
-1037.13 0
-1035.63 0
-1034.13 0
-1032.63 0
-1031.13 0
-1029.63 0
-1028.13 0
-1026.62 0
-1025.12 0
-1023.62 0
-1022.12 0
-1020.62 0
-1019.12 0
-1017.62 0
-1016.12 0
-1014.62 0
-1013.12 0
-1011.62 0
-1010.11 0
-1008.61 0
-1007.11 0
-1005.61 0
-1004.11 0
-1002.61 0
-1001.11 0
-999.608 0
-998.107 0
-996.606 0
-995.105 0
-993.604 0
-992.103 0
-990.603 0
-989.102 0
-987.601 0
-986.1 0
-984.599 0
-983.098 0
-981.597 0
-980.096 0
-978.595 0
-977.094 0
-975.593 0
-974.093 0
-972.592 0
-971.091 0
-969.59 0
-968.089 0
-966.588 0
-965.087 0
-963.586 0
-962.085 0
-960.584 0
-959.083 0
-957.582 0
-956.082 0
-954.581 0
-953.08 0
-951.579 0
-950.078 0
-948.577 0
-947.076 0
-945.575 0
-944.074 0
-942.573 0
-941.072 0
-939.572 0
-938.071 0
-936.57 0
-935.069 0
-933.568 0
-932.067 0
-930.566 0
-929.065 0
-927.564 0
-926.063 0
-924.562 0
-923.061 0
-921.561 0
-920.06 0
-918.559 0
-917.058 0
-915.557 0
-914.056 0
-912.555 0
-911.054 0
-909.553 0
-908.052 0
-906.551 0
-905.051 0
-903.55 0
-902.049 0
-900.548 0
-899.047 0
-897.546 0
-896.045 0
-894.544 0
-893.043 0
-891.542 0
-890.041 0
-888.54 0
-887.04 0
-885.539 0
-884.038 0
-882.537 0
-881.036 0
-879.535 0
-878.034 0
-876.533 0
-875.032 0
-873.531 0
-872.03 0
-870.53 0
-869.029 0
-867.528 0
-866.027 0
-864.526 0
-863.025 0
-861.524 0
-860.023 0
-858.522 0
-857.021 0
-855.52 0
-854.019 0
-852.519 0
-851.018 0
-849.517 0
-848.016 0
-846.515 0
-845.014 0
-843.513 0
-842.012 0
-840.511 0
-839.01 0
-837.509 0
-836.009 0
-834.508 0
-833.007 0
-831.506 0
-830.005 0
-828.504 0
-827.003 0
-825.502 0
-824.001 0
-822.5 0
-820.999 0
-819.498 0
-817.998 0
-816.497 0
-814.996 0
-813.495 0
-811.994 0
-810.493 0
-808.992 0
-807.491 0
-805.99 0
-804.489 0
-802.988 0
-801.488 0
-799.987 0
-798.486 0
-796.985 0
-795.484 0
-793.983 0
-792.482 0
-790.981 0
-789.48 0
-787.979 0
-786.478 0
-784.977 0
-783.477 0
-781.976 0
-780.475 0
-778.974 0
-777.473 0
-775.972 0
-774.471 0
-772.97 0
-771.469 0
-769.968 0
-768.467 0
-766.967 0
-765.466 0
-763.965 0
-762.464 0
-760.963 0
-759.462 0
-757.961 0
-756.46 0
-754.959 0
-753.458 0
-751.957 0
-750.456 0
-748.956 0
-747.455 0
-745.954 0
-744.453 0
-742.952 0
-741.451 0
-739.95 0
-738.449 0
-736.948 0
-735.447 0
-733.946 0
-732.446 0
-730.945 0
-729.444 0
-727.943 0
-726.442 0
-724.941 0
-723.44 0
-721.939 0
-720.438 0
-718.937 0
-717.436 0
-715.935 0
-714.435 0
-712.934 0
-711.433 0
-709.932 0
-708.431 0
-706.93 0
-705.429 0
-703.928 0
-702.427 0
-700.926 0
-699.425 0
-697.925 0
-696.424 0
-694.923 0
-693.422 0
-691.921 0
-690.42 0
-688.919 0
-687.418 0
-685.917 0
-684.416 0
-682.915 0
-681.414 0
-679.914 0
-678.413 0
-676.912 0
-675.411 0
-673.91 0
-672.409 0
-670.908 0
-669.407 0
-667.906 0
-666.405 0
-664.904 0
-663.404 0
-661.903 0
-660.402 0
-658.901 0
-657.4 0
-655.899 0
-654.398 0
-652.897 0
-651.396 0
-649.895 0
-648.394 0
-646.893 0
-645.393 0
-643.892 0
-642.391 0
-640.89 0
-639.389 0
-637.888 0
-636.387 0
-634.886 0
-633.385 0
-631.884 0
-630.383 0
-628.883 0
-627.382 0
-625.881 0
-624.38 0
-622.879 0
-621.378 0
-619.877 0
-618.376 0
-616.875 0
-615.374 0
-613.873 0
-612.372 0
-610.872 0
-609.371 0
-607.87 0
-606.369 0
-604.868 0
-603.367 0
-601.866 0
-600.365 0
-598.864 0
-597.363 0
-595.862 0
-594.362 0
-592.861 0
-591.36 0
-589.859 0
-588.358 0
-586.857 0
-585.356 0
-583.855 0
-582.354 0
-580.853 0
-579.352 0
-577.851 0
-576.351 0
-574.85 0
-573.349 0
-571.848 0
-570.347 0
-568.846 0
-567.345 0
-565.844 0
-564.343 0
-562.842 0
-561.341 0
-559.841 0
-558.34 0
-556.839 0
-555.338 0
-553.837 0
-552.336 0
-550.835 0
-549.334 0
-547.833 0
-546.332 0
-544.831 0
-543.33 0
-541.83 0
-540.329 0
-538.828 0
-537.327 0
-535.826 0
-534.325 0
-532.824 0
-531.323 0
-529.822 0
-528.321 0
-526.82 0
-525.32 0
-523.819 0
-522.318 0
-520.817 0
-519.316 0
-517.815 0
-516.314 0
-514.813 0
-513.312 0
-511.811 0
-510.31 0
-508.809 0
-507.309 0
-505.808 0
-504.307 0
-502.806 0
-501.305 0
-499.804 0
-498.303 0
-496.802 1.48346e-05
-495.301 1.4371e-05
-493.8 1.52982e-05
-492.299 1.48346e-05
-490.799 1.48346e-05
-489.298 1.20531e-05
-487.797 1.20531e-05
-486.296 1.29803e-05
-484.795 1.4371e-05
-483.294 1.52982e-05
-481.793 1.57618e-05
-480.292 1.80797e-05
-478.791 1.62253e-05
-477.29 1.66889e-05
-475.789 1.76161e-05
-474.288 1.80797e-05
-472.788 1.80797e-05
-471.287 1.62253e-05
-469.786 1.48346e-05
-468.285 1.71525e-05
-466.784 1.62253e-05
-465.283 1.34439e-05
-463.782 1.25167e-05
-462.281 1.34439e-05
-460.78 1.4371e-05
-459.279 1.52982e-05
-457.778 1.62253e-05
-456.278 1.52982e-05
-454.777 1.9934e-05
-453.276 2.13247e-05
-451.775 2.22519e-05
-450.274 2.36426e-05
-448.773 2.31791e-05
-447.272 2.45698e-05
-445.771 2.41062e-05
-444.27 2.13247e-05
-442.769 2.22519e-05
-441.268 1.76161e-05
-439.767 1.4371e-05
-438.267 1.29803e-05
-436.766 1.15895e-05
-435.265 1.11259e-05
-433.764 1.01988e-05
-432.263 9.73521e-06
-430.762 9.73521e-06
-429.261 1.34439e-05
-427.76 1.25167e-05
-426.259 1.62253e-05
-424.758 1.34438e-05
-423.257 1.39074e-05
-421.757 1.62253e-05
-420.256 1.39074e-05
-418.755 1.48346e-05
-417.254 1.48346e-05
-415.753 1.29803e-05
-414.252 1.4371e-05
-412.751 1.4371e-05
-411.25 1.62253e-05
-409.749 1.66889e-05
-408.248 1.57618e-05
-406.747 1.39074e-05
-405.246 1.01988e-05
-403.746 1.25167e-05
-402.245 1.52982e-05
-400.744 1.25167e-05
-399.243 1.06624e-05
-397.742 1.62254e-05
-396.241 1.71525e-05
-394.74 1.76161e-05
-393.239 2.08612e-05
-391.738 1.9934e-05
-390.237 1.85433e-05
-388.736 2.03976e-05
-387.236 1.76161e-05
-385.735 1.4371e-05
-384.234 1.29803e-05
-382.733 1.25167e-05
-381.232 1.06624e-05
-379.731 1.25167e-05
-378.23 1.20531e-05
-376.729 1.15895e-05
-375.228 1.29803e-05
-373.727 1.29803e-05
-372.226 1.29803e-05
-370.725 1.4371e-05
-369.225 1.52982e-05
-367.724 1.48346e-05
-366.223 1.11259e-05
-364.722 8.34447e-06
-363.221 6.95373e-06
-361.72 1.11259e-05
-360.219 1.20531e-05
-358.718 1.4371e-05
-357.217 1.62253e-05
-355.716 1.80797e-05
-354.215 1.85432e-05
-352.715 2.36426e-05
-351.214 2.5497e-05
-349.713 2.59606e-05
-348.212 2.5497e-05
-346.711 2.5497e-05
-345.21 2.5497e-05
-343.709 2.59606e-05
-342.208 2.17883e-05
-340.707 2.17883e-05
-339.206 1.9934e-05
-337.705 2.08611e-05
-336.205 1.85432e-05
-334.704 1.94704e-05
-333.203 2.36426e-05
-331.702 2.36426e-05
-330.201 2.41062e-05
-328.7 2.31791e-05
-327.199 2.50334e-05
-325.698 2.27155e-05
-324.197 2.50334e-05
-322.696 2.41062e-05
-321.195 2.96692e-05
-319.694 2.68877e-05
-318.194 2.8742e-05
-316.693 3.01328e-05
-315.192 2.96692e-05
-313.691 2.92056e-05
-312.19 3.15235e-05
-310.689 3.05964e-05
-309.188 3.52322e-05
-307.687 3.56958e-05
-306.186 3.80137e-05
-304.685 4.31131e-05
-303.184 4.40402e-05
-301.684 4.63581e-05
-300.183 4.72853e-05
-298.682 4.77489e-05
-297.181 4.82124e-05
-295.68 4.96032e-05
-294.179 5.05303e-05
-292.678 5.4239e-05
-291.177 5.74841e-05
-289.676 6.02656e-05
-288.175 6.25835e-05
-286.674 6.21199e-05
-285.173 6.62921e-05
-283.673 6.72193e-05
-282.172 6.72193e-05
-280.671 6.58285e-05
-279.17 6.62921e-05
-277.669 7.09279e-05
-276.168 6.95372e-05
-274.667 7.18551e-05
-273.166 7.37094e-05
-271.665 7.32458e-05
-270.164 7.55637e-05
-268.663 7.88088e-05
-267.163 8.01995e-05
-265.662 8.15903e-05
-264.161 8.15903e-05
-262.66 8.11267e-05
-261.159 8.48354e-05
-259.658 8.20539e-05
-258.157 8.34446e-05
-256.656 8.62261e-05
-255.155 8.5299e-05
-253.654 8.66897e-05
-252.153 8.62261e-05
-250.652 8.62261e-05
-249.152 8.48354e-05
-247.651 8.57625e-05
-246.15 8.62261e-05
-244.649 8.5299e-05
-243.148 8.57625e-05
-241.647 9.17891e-05
-240.146 9.31799e-05
-238.645 9.64249e-05
-237.144 9.73521e-05
-235.643 0.000101988
-234.142 0.000107087
-232.642 0.00011126
-231.141 0.000114041
-229.64 0.000117286
-228.139 0.000122849
-226.638 0.000128412
-225.137 0.000129339
-223.636 0.000137684
-222.135 0.000146028
-220.634 0.000151591
-219.133 0.000159008
-217.632 0.000171062
-216.131 0.000180797
-214.631 0.000189605
-213.13 0.000203976
-211.629 0.000216493
-210.128 0.000227155
-208.627 0.000241062
-207.126 0.000256361
-205.625 0.000272122
-204.124 0.000290666
-202.623 0.000309672
-201.122 0.000330534
-199.621 0.00034954
-198.121 0.00037411
-196.62 0.000396826
-195.119 0.000421859
-193.618 0.000451992
-192.117 0.000480734
-190.616 0.000513185
-189.115 0.000551662
-187.614 0.000590603
-186.113 0.000630471
-184.612 0.000674975
-183.111 0.000720405
-181.61 0.000770008
-180.11 0.000820539
-178.609 0.000872923
-177.108 0.000926699
-175.607 0.000983256
-174.106 0.00104445
-172.605 0.0011024
-171.104 0.0011622
-169.603 0.00123266
-168.102 0.00129478
-166.601 0.00136339
-165.1 0.00143618
-163.6 0.00150525
-162.099 0.00157757
-160.598 0.00164989
-159.097 0.00172499
-157.596 0.00179128
-156.095 0.00185711
-154.594 0.00192062
-153.093 0.00198274
-151.592 0.00203929
-150.091 0.00208704
-148.59 0.00213572
-147.089 0.00218069
-145.589 0.00221916
-144.088 0.00225022
-142.587 0.00227989
-141.086 0.00230771
-139.585 0.00233042
-138.084 0.00235036
-136.583 0.00236612
-135.082 0.00238281
-133.581 0.00239393
-132.08 0.00240645
-130.579 0.00241387
-129.079 0.00241619
-127.578 0.00241572
-126.077 0.0024134
-124.576 0.00241016
-123.075 0.00240089
-121.574 0.00239023
-120.073 0.00237817
-118.572 0.0023689
-117.071 0.00235036
-115.57 0.0023332
-114.069 0.00232022
-112.568 0.00230771
-111.068 0.00228963
-109.567 0.00227016
-108.066 0.00225625
-106.565 0.00223632
-105.064 0.00222009
-103.563 0.00220294
-102.062 0.00218625
-100.561 0.00217002
-99.0603 0.00215473
-97.5593 0.00213943
-96.0584 0.00212691
-94.5575 0.002113
-93.0566 0.00210188
-91.5557 0.002094
-90.0548 0.00208936
-88.5539 0.00208426
-87.053 0.00208148
-85.552 0.00208334
-84.0511 0.00208797
-82.5502 0.00209075
-81.0493 0.00209956
-79.5484 0.00211208
-78.0475 0.00212645
-76.5466 0.00214406
-75.0456 0.00217049
-73.5447 0.00219228
-72.0438 0.00222565
-70.5429 0.00225857
-69.042 0.00229473
-67.5411 0.00233784
-66.0402 0.00238559
-64.5393 0.00243612
-63.0383 0.0024885
-61.5374 0.00254228
-60.0365 0.00261043
-58.5356 0.00267579
-57.0347 0.00274486
-55.5338 0.00282553
-54.0329 0.00290202
-52.532 0.00298917
-51.031 0.00307632
-49.5301 0.00317043
-48.0292 0.00326222
-46.5283 0.00336189
-45.0274 0.00346156
-43.5265 0.00356633
-42.0256 0.00367295
-40.5246 0.00377865
-39.0237 0.00389269
-37.5228 0.00400071
-36.0219 0.00411243
-34.521 0.00422508
-33.0201 0.00433866
-31.5192 0.00444899
-30.0183 0.00455701
-28.5173 0.00466224
-27.0164 0.00476701
-25.5155 0.00486714
-24.0146 0.00496403
-22.5137 0.00505953
-21.0128 0.00515086
-19.5119 0.00523662
-18.011 0.00531775
-16.51 0.0053947
-15.0091 0.00546841
-13.5082 0.00553146
-12.0073 0.00559682
-10.5064 0.00564874
-9.00548 0.00569649
-7.50456 0.00573822
-6.00365 0.00577345
-4.50274 0.00579616
-3.00183 0.00581378
-1.50091 0.00582676
0 0.00583186
1.50091 0.00582861
3.00183 0.0058212
4.50274 0.0058008
6.00365 0.00577669
7.50456 0.00574841
9.00548 0.00571225
10.5064 0.00566729
12.0073 0.00561583
13.5082 0.00555835
15.0091 0.00549623
16.51 0.00542484
18.011 0.00534695
19.5119 0.00526443
21.0128 0.00516801
22.5137 0.00507251
24.0146 0.00497191
25.5155 0.00486575
27.0164 0.00475727
28.5173 0.00464648
30.0183 0.0045278
31.5192 0.0044082
33.0201 0.00428905
34.521 0.00416806
36.0219 0.00404058
37.5228 0.00391541
39.0237 0.00378885
40.5246 0.00366368
42.0256 0.00354408
43.5265 0.00342308
45.0274 0.00330162
46.5283 0.00318851
48.0292 0.00307447
49.5301 0.0029646
51.031 0.00286076
52.532 0.00275831
54.0329 0.00266142
55.5338 0.00256499
57.0347 0.00247691
58.5356 0.00238698
60.0365 0.00230771
61.5374 0.00223307
63.0383 0.00215936
64.5393 0.00209353
66.0402 0.00202631
67.5411 0.00196605
69.042 0.00191088
70.5429 0.00186128
72.0438 0.0018126
73.5447 0.00176532
75.0456 0.00172684
76.5466 0.00168929
78.0475 0.00165591
79.5484 0.00162254
81.0493 0.00159333
82.5502 0.00156876
84.0511 0.00154002
85.552 0.00151823
87.053 0.0014983
88.5539 0.00147836
90.0548 0.00146538
91.5557 0.00144777
93.0566 0.00143849
94.5575 0.00142969
96.0584 0.00141856
97.5593 0.00141485
99.0603 0.00141022
100.561 0.00140373
102.062 0.00139677
103.563 0.00139121
105.064 0.00138796
106.565 0.00138425
108.066 0.00138425
109.567 0.00138008
111.068 0.0013824
112.568 0.00138379
114.069 0.00138518
115.57 0.00138565
117.071 0.00138704
118.572 0.00138889
120.073 0.00138982
121.574 0.00138982
123.075 0.00138982
124.576 0.0013875
126.077 0.00138611
127.578 0.00138611
129.079 0.00138286
130.579 0.00138008
132.08 0.00137406
133.581 0.00136942
135.082 0.00136247
136.583 0.00135227
138.084 0.00134253
139.585 0.00133326
141.086 0.00132074
142.587 0.00130776
144.088 0.00129107
145.589 0.00127485
147.089 0.00125862
148.59 0.00123405
150.091 0.00121227
151.592 0.00118816
153.093 0.00116498
154.594 0.00113763
156.095 0.0011075
157.596 0.00107829
159.097 0.00104816
160.598 0.00101478
162.099 0.000983719
163.6 0.000949414
165.1 0.000914645
166.601 0.000881731
168.102 0.000845572
169.603 0.000808486
171.104 0.000777426
172.605 0.000742657
174.106 0.000712061
175.607 0.000685173
177.108 0.000655041
178.609 0.00063418
180.11 0.000608683
181.61 0.000583649
183.111 0.000561861
184.612 0.000534046
186.113 0.000515039
187.614 0.000489542
189.115 0.000465436
190.616 0.000444575
192.117 0.000421859
193.618 0.000405634
195.119 0.000386164
196.62 0.000365766
198.121 0.000351858
199.621 0.000337951
201.122 0.000323116
202.623 0.000311063
204.124 0.000298083
205.625 0.000285566
207.126 0.000276758
208.627 0.000264242
210.128 0.000254043
211.629 0.000244771
213.13 0.000234572
214.631 0.000228082
216.131 0.000218347
217.632 0.00021232
219.133 0.000206757
220.634 0.000200267
222.135 0.000196095
223.636 0.000190995
225.137 0.00018775
226.638 0.00018126
228.139 0.000177552
229.64 0.000172452
231.141 0.000166889
232.642 0.000163644
234.142 0.000161326
235.643 0.000159008
237.144 0.000152982
238.645 0.000152982
240.146 0.000148346
241.647 0.000146955
243.148 0.000145101
244.649 0.000141392
246.15 0.000139538
247.651 0.000137684
249.152 0.000134902
250.652 0.000132584
252.153 0.000133975
253.654 0.000128876
255.155 0.000129803
256.656 0.000128412
258.157 0.000126558
259.658 0.00013073
261.159 0.000127948
262.66 0.000126558
264.161 0.000123776
265.662 0.000122385
267.163 0.000118213
268.663 0.000116822
270.164 0.00011775
271.665 0.000115895
273.166 0.000113114
274.667 0.000111723
276.168 0.000109869
277.669 0.000107087
279.17 0.000107551
280.671 0.000107551
282.172 0.00010616
283.673 0.000106624
285.173 0.000101988
286.674 0.000102451
288.175 0.000105233
289.676 0.000103842
291.177 0.000106624
292.678 0.000104306
294.179 0.000103379
295.68 0.000101061
297.181 0.000100597
298.682 9.92064e-05
300.183 9.73521e-05
301.684 9.27163e-05
303.184 9.0862e-05
304.685 8.71533e-05
306.186 8.71533e-05
307.687 8.62261e-05
309.188 8.85441e-05
310.689 8.80805e-05
312.19 8.85441e-05
313.691 8.76169e-05
315.192 8.71533e-05
316.693 8.80805e-05
318.194 8.39082e-05
319.694 7.88088e-05
321.195 7.4173e-05
322.696 7.04643e-05
324.197 6.90736e-05
325.698 6.861e-05
327.199 6.72193e-05
328.7 6.44378e-05
330.201 6.21199e-05
331.702 6.53649e-05
333.203 6.3047e-05
334.704 6.21199e-05
336.205 6.3047e-05
337.705 6.44378e-05
339.206 6.21199e-05
340.707 5.88748e-05
342.208 5.84112e-05
343.709 5.74841e-05
345.21 5.56297e-05
346.711 5.47026e-05
348.212 5.37754e-05
349.713 5.47026e-05
351.214 5.23847e-05
352.715 5.09939e-05
354.215 5.09939e-05
355.716 4.8676e-05
357.217 5.00668e-05
358.718 5.05304e-05
360.219 5.28483e-05
361.72 5.47026e-05
363.221 5.56297e-05
364.722 5.9802e-05
366.223 5.79476e-05
367.724 5.9802e-05
369.225 6.16563e-05
370.725 5.88748e-05
372.226 5.65569e-05
373.727 5.65569e-05
375.228 5.33118e-05
376.729 5.14575e-05
378.23 5.05304e-05
379.731 4.82125e-05
381.232 4.72853e-05
382.733 4.82125e-05
384.234 4.68217e-05
385.735 4.63581e-05
387.236 4.72853e-05
388.736 4.72853e-05
390.237 5.00668e-05
391.738 5.09939e-05
393.239 5.14575e-05
394.74 5.19211e-05
396.241 5.47026e-05
397.742 5.56297e-05
399.243 5.51662e-05
400.744 5.47026e-05
402.245 5.4239e-05
403.746 5.33118e-05
405.246 5.51662e-05
406.747 5.05304e-05
408.248 5.19211e-05
409.749 5.14575e-05
411.25 5.23847e-05
412.751 5.09939e-05
414.252 5.19211e-05
415.753 5.09939e-05
417.254 5.05304e-05
418.755 5.05304e-05
420.256 4.82125e-05
421.757 4.5431e-05
423.257 4.35766e-05
424.758 4.40402e-05
426.259 4.40402e-05
427.76 4.45038e-05
429.261 4.31131e-05
430.762 4.31131e-05
432.263 4.63581e-05
433.764 4.63581e-05
435.265 4.63581e-05
436.766 4.45038e-05
438.267 4.77489e-05
439.767 4.45038e-05
441.268 4.58945e-05
442.769 4.96032e-05
444.27 4.5431e-05
445.771 4.45038e-05
447.272 4.35766e-05
448.773 4.07952e-05
450.274 3.66229e-05
451.775 3.29143e-05
453.276 3.4305e-05
454.777 3.10599e-05
456.278 2.92056e-05
457.778 2.78149e-05
459.279 3.05964e-05
460.78 3.10599e-05
462.281 3.10599e-05
463.782 3.05964e-05
465.283 2.96692e-05
466.784 3.10599e-05
468.285 3.01328e-05
469.786 3.10599e-05
471.287 3.29143e-05
472.788 3.19871e-05
474.288 3.33778e-05
475.789 3.01328e-05
477.29 2.96692e-05
478.791 3.10599e-05
480.292 3.24507e-05
481.793 3.10599e-05
483.294 2.8742e-05
484.795 2.68877e-05
486.296 2.59606e-05
487.797 2.41062e-05
489.298 2.17883e-05
490.799 2.13247e-05
492.299 2.13247e-05
493.8 1.90068e-05
495.301 2.31791e-05
496.802 2.17883e-05
498.303 0
499.804 0
501.305 0
502.806 0
504.307 0
505.808 0
507.309 0
508.809 0
510.31 0
511.811 0
513.312 0
514.813 0
516.314 0
517.815 0
519.316 0
520.817 0
522.318 0
523.819 0
525.32 0
526.82 0
528.321 0
529.822 0
531.323 0
532.824 0
534.325 0
535.826 0
537.327 0
538.828 0
540.329 0
541.83 0
543.33 0
544.831 0
546.332 0
547.833 0
549.334 0
550.835 0
552.336 0
553.837 0
555.338 0
556.839 0
558.34 0
559.841 0
561.341 0
562.842 0
564.343 0
565.844 0
567.345 0
568.846 0
570.347 0
571.848 0
573.349 0
574.85 0
576.351 0
577.851 0
579.352 0
580.853 0
582.354 0
583.855 0
585.356 0
586.857 0
588.358 0
589.859 0
591.36 0
592.861 0
594.362 0
595.862 0
597.363 0
598.864 0
600.365 0
601.866 0
603.367 0
604.868 0
606.369 0
607.87 0
609.371 0
610.872 0
612.372 0
613.873 0
615.374 0
616.875 0
618.376 0
619.877 0
621.378 0
622.879 0
624.38 0
625.881 0
627.382 0
628.883 0
630.383 0
631.884 0
633.385 0
634.886 0
636.387 0
637.888 0
639.389 0
640.89 0
642.391 0
643.892 0
645.393 0
646.893 0
648.394 0
649.895 0
651.396 0
652.897 0
654.398 0
655.899 0
657.4 0
658.901 0
660.402 0
661.903 0
663.404 0
664.904 0
666.405 0
667.906 0
669.407 0
670.908 0
672.409 0
673.91 0
675.411 0
676.912 0
678.413 0
679.914 0
681.414 0
682.915 0
684.416 0
685.917 0
687.418 0
688.919 0
690.42 0
691.921 0
693.422 0
694.923 0
696.424 0
697.925 0
699.425 0
700.926 0
702.427 0
703.928 0
705.429 0
706.93 0
708.431 0
709.932 0
711.433 0
712.934 0
714.435 0
715.935 0
717.436 0
718.937 0
720.438 0
721.939 0
723.44 0
724.941 0
726.442 0
727.943 0
729.444 0
730.945 0
732.446 0
733.946 0
735.447 0
736.948 0
738.449 0
739.95 0
741.451 0
742.952 0
744.453 0
745.954 0
747.455 0
748.956 0
750.456 0
751.957 0
753.458 0
754.959 0
756.46 0
757.961 0
759.462 0
760.963 0
762.464 0
763.965 0
765.466 0
766.967 0
768.467 0
769.968 0
771.469 0
772.97 0
774.471 0
775.972 0
777.473 0
778.974 0
780.475 0
781.976 0
783.477 0
784.977 0
786.478 0
787.979 0
789.48 0
790.981 0
792.482 0
793.983 0
795.484 0
796.985 0
798.486 0
799.987 0
801.488 0
802.988 0
804.489 0
805.99 0
807.491 0
808.992 0
810.493 0
811.994 0
813.495 0
814.996 0
816.497 0
817.998 0
819.498 0
820.999 0
822.5 0
824.001 0
825.502 0
827.003 0
828.504 0
830.005 0
831.506 0
833.007 0
834.508 0
836.009 0
837.509 0
839.01 0
840.511 0
842.012 0
843.513 0
845.014 0
846.515 0
848.016 0
849.517 0
851.018 0
852.519 0
854.019 0
855.52 0
857.021 0
858.522 0
860.023 0
861.524 0
863.025 0
864.526 0
866.027 0
867.528 0
869.029 0
870.53 0
872.03 0
873.531 0
875.032 0
876.533 0
878.034 0
879.535 0
881.036 0
882.537 0
884.038 0
885.539 0
887.04 0
888.54 0
890.041 0
891.542 0
893.043 0
894.544 0
896.045 0
897.546 0
899.047 0
900.548 0
902.049 0
903.55 0
905.051 0
906.551 0
908.052 0
909.553 0
911.054 0
912.555 0
914.056 0
915.557 0
917.058 0
918.559 0
920.06 0
921.561 0
923.061 0
924.562 0
926.063 0
927.564 0
929.065 0
930.566 0
932.067 0
933.568 0
935.069 0
936.57 0
938.071 0
939.572 0
941.072 0
942.573 0
944.074 0
945.575 0
947.076 0
948.577 0
950.078 0
951.579 0
953.08 0
954.581 0
956.082 0
957.582 0
959.083 0
960.584 0
962.085 0
963.586 0
965.087 0
966.588 0
968.089 0
969.59 0
971.091 0
972.592 0
974.093 0
975.593 0
977.094 0
978.595 0
980.096 0
981.597 0
983.098 0
984.599 0
986.1 0
987.601 0
989.102 0
990.603 0
992.103 0
993.604 0
995.105 0
996.606 0
998.107 0
999.608 0
1001.11 0
1002.61 0
1004.11 0
1005.61 0
1007.11 0
1008.61 0
1010.11 0
1011.62 0
1013.12 0
1014.62 0
1016.12 0
1017.62 0
1019.12 0
1020.62 0
1022.12 0
1023.62 0
1025.12 0
1026.62 0
1028.13 0
1029.63 0
1031.13 0
1032.63 0
1034.13 0
1035.63 0
1037.13 0
1038.63 0
1040.13 0
1041.63 0
1043.13 0
1044.64 0
1046.14 0
1047.64 0
1049.14 0
1050.64 0
1052.14 0
1053.64 0
1055.14 0
1056.64 0
1058.14 0
1059.64 0
1061.15 0
1062.65 0
1064.15 0
1065.65 0
1067.15 0
1068.65 0
1070.15 0
1071.65 0
1073.15 0
1074.65 0
1076.15 0
1077.66 0
1079.16 0
1080.66 0
1082.16 0
1083.66 0
1085.16 0
1086.66 0
1088.16 0
1089.66 0
1091.16 0
1092.66 0
1094.17 0
1095.67 0
1097.17 0
1098.67 0
1100.17 0
1101.67 0
1103.17 0
1104.67 0
1106.17 0
1107.67 0
1109.17 0
1110.68 0
1112.18 0
1113.68 0
1115.18 0
1116.68 0
1118.18 0
1119.68 0
1121.18 0
1122.68 0
1124.18 0
1125.68 0
1127.19 0
1128.69 0
1130.19 0
1131.69 0
1133.19 0
1134.69 0
1136.19 0
1137.69 0
1139.19 0
1140.69 0
1142.19 0
1143.7 0
1145.2 0
1146.7 0
1148.2 0
1149.7 0
1151.2 0
1152.7 0
1154.2 0
1155.7 0
1157.2 0
1158.7 0
1160.21 0
1161.71 0
1163.21 0
1164.71 0
1166.21 0
1167.71 0
1169.21 0
1170.71 0
1172.21 0
1173.71 0
1175.21 0
1176.72 0
1178.22 0
1179.72 0
1181.22 0
1182.72 0
1184.22 0
1185.72 0
1187.22 0
1188.72 0
1190.22 0
1191.72 0
1193.23 0
1194.73 0
1196.23 0
1197.73 0
1199.23 0
1200.73 0
1202.23 0
1203.73 0
1205.23 0
1206.73 0
1208.23 0
1209.74 0
1211.24 0
1212.74 0
1214.24 0
1215.74 0
1217.24 0
1218.74 0
1220.24 0
1221.74 0
1223.24 0
1224.74 0
1226.25 0
1227.75 0
1229.25 0
1230.75 0
1232.25 0
1233.75 0
1235.25 0
1236.75 0
1238.25 0
1239.75 0
1241.26 0
1242.76 0
1244.26 0
1245.76 0
1247.26 0
1248.76 0
1250.26 0
1251.76 0
1253.26 0
1254.76 0
1256.26 0
1257.77 0
1259.27 0
1260.77 0
1262.27 0
1263.77 0
1265.27 0
1266.77 0
1268.27 0
1269.77 0
1271.27 0
1272.77 0
1274.28 0
1275.78 0
1277.28 0
1278.78 0
1280.28 0
1281.78 0
1283.28 0
1284.78 0
1286.28 0
1287.78 0
1289.28 0
1290.79 0
1292.29 0
1293.79 0
1295.29 0
1296.79 0
1298.29 0
1299.79 0
1301.29 0
1302.79 0
1304.29 0
1305.79 0
1307.3 0
1308.8 0
1310.3 0
1311.8 0
1313.3 0
1314.8 0
1316.3 0
1317.8 0
1319.3 0
1320.8 0
1322.3 0
1323.81 0
1325.31 0
1326.81 0
1328.31 0
1329.81 0
1331.31 0
1332.81 0
1334.31 0
1335.81 0
1337.31 0
1338.81 0
1340.32 0
1341.82 0
1343.32 0
1344.82 0
1346.32 0
1347.82 0
1349.32 0
1350.82 0
1352.32 0
1353.82 0
1355.32 0
1356.83 0
1358.33 0
1359.83 0
1361.33 0
1362.83 0
1364.33 0
1365.83 0
1367.33 0
1368.83 0
1370.33 0
1371.83 0
1373.34 0
1374.84 0
1376.34 0
1377.84 0
1379.34 0
1380.84 0
1382.34 0
1383.84 0
1385.34 0
1386.84 0
1388.34 0
1389.85 0
1391.35 0
1392.85 0
1394.35 0
1395.85 0
1397.35 0
1398.85 0
1400.35 0
1401.85 0
1403.35 0
1404.85 0
1406.36 0
1407.86 0
1409.36 0
1410.86 0
1412.36 0
1413.86 0
1415.36 0
1416.86 0
1418.36 0
1419.86 0
1421.36 0
1422.87 0
1424.37 0
1425.87 0
1427.37 0
1428.87 0
1430.37 0
1431.87 0
1433.37 0
1434.87 0
1436.37 0
1437.87 0
1439.38 0
1440.88 0
1442.38 0
1443.88 0
1445.38 0
1446.88 0
1448.38 0
1449.88 0
1451.38 0
1452.88 0
1454.38 0
1455.89 0
1457.39 0
1458.89 0
1460.39 0
1461.89 0
1463.39 0
1464.89 0
1466.39 0
1467.89 0
1469.39 0
1470.89 0
1472.4 0
1473.9 0
1475.4 0
1476.9 0
1478.4 0
1479.9 0
1481.4 0
1482.9 0
1484.4 0
1485.9 0
1487.4 0
1488.91 0
1490.41 0
1491.91 0
1493.41 0
1494.91 0
1496.41 0
1497.91 0
1499.41 0
1500.91 0
1502.41 0
1503.91 0
1505.42 0
1506.92 0
1508.42 0
1509.92 0
1511.42 0
1512.92 0
1514.42 0
1515.92 0
1517.42 0
1518.92 0
1520.42 0
1521.93 0
1523.43 0
1524.93 0
1526.43 0
1527.93 0
1529.43 0
1530.93 0
1532.43 0
1533.93 0
1535.43 0
1536.93 0
1538.44 0
1539.94 0
1541.44 0
1542.94 0
1544.44 0
1545.94 0
1547.44 0
1548.94 0
1550.44 0
1551.94 0
1553.44 0
1554.95 0
1556.45 0
1557.95 0
1559.45 0
1560.95 0
1562.45 0
1563.95 0
1565.45 0
1566.95 0
1568.45 0
1569.95 0
1571.46 0
1572.96 0
1574.46 0
1575.96 0
