-1575.96 0
-1574.46 0
-1572.96 0
-1571.46 0
-1569.95 0
-1568.45 0
-1566.95 0
-1565.45 0
-1563.95 0
-1562.45 0
-1560.95 0
-1559.45 0
-1557.95 0
-1556.45 0
-1554.95 0
-1553.44 0
-1551.94 0
-1550.44 0
-1548.94 0
-1547.44 0
-1545.94 0
-1544.44 0
-1542.94 0
-1541.44 0
-1539.94 0
-1538.44 0
-1536.93 0
-1535.43 0
-1533.93 0
-1532.43 0
-1530.93 0
-1529.43 0
-1527.93 0
-1526.43 0
-1524.93 0
-1523.43 0
-1521.93 0
-1520.42 0
-1518.92 0
-1517.42 0
-1515.92 0
-1514.42 0
-1512.92 0
-1511.42 0
-1509.92 0
-1508.42 0
-1506.92 0
-1505.42 0
-1503.91 0
-1502.41 0
-1500.91 0
-1499.41 0
-1497.91 0
-1496.41 0
-1494.91 0
-1493.41 0
-1491.91 0
-1490.41 0
-1488.91 0
-1487.4 0
-1485.9 0
-1484.4 0
-1482.9 0
-1481.4 0
-1479.9 0
-1478.4 0
-1476.9 0
-1475.4 0
-1473.9 0
-1472.4 0
-1470.89 0
-1469.39 0
-1467.89 0
-1466.39 0
-1464.89 0
-1463.39 0
-1461.89 0
-1460.39 0
-1458.89 0
-1457.39 0
-1455.89 0
-1454.38 0
-1452.88 0
-1451.38 0
-1449.88 0
-1448.38 0
-1446.88 0
-1445.38 0
-1443.88 0
-1442.38 0
-1440.88 0
-1439.38 0
-1437.87 0
-1436.37 0
-1434.87 0
-1433.37 0
-1431.87 0
-1430.37 0
-1428.87 0
-1427.37 0
-1425.87 0
-1424.37 0
-1422.87 0
-1421.36 0
-1419.86 0
-1418.36 0
-1416.86 0
-1415.36 0
-1413.86 0
-1412.36 0
-1410.86 0
-1409.36 0
-1407.86 0
-1406.36 0
-1404.85 0
-1403.35 0
-1401.85 0
-1400.35 0
-1398.85 0
-1397.35 0
-1395.85 0
-1394.35 0
-1392.85 0
-1391.35 0
-1389.85 0
-1388.34 0
-1386.84 0
-1385.34 0
-1383.84 0
-1382.34 0
-1380.84 0
-1379.34 0
-1377.84 0
-1376.34 0
-1374.84 0
-1373.34 0
-1371.83 0
-1370.33 0
-1368.83 0
-1367.33 0
-1365.83 0
-1364.33 0
-1362.83 0
-1361.33 0
-1359.83 0
-1358.33 0
-1356.83 0
-1355.32 0
-1353.82 0
-1352.32 0
-1350.82 0
-1349.32 0
-1347.82 0
-1346.32 0
-1344.82 0
-1343.32 0
-1341.82 0
-1340.32 0
-1338.81 0
-1337.31 0
-1335.81 0
-1334.31 0
-1332.81 0
-1331.31 0
-1329.81 0
-1328.31 0
-1326.81 0
-1325.31 0
-1323.81 0
-1322.3 0
-1320.8 0
-1319.3 0
-1317.8 0
-1316.3 0
-1314.8 0
-1313.3 0
-1311.8 0
-1310.3 0
-1308.8 0
-1307.3 0
-1305.79 0
-1304.29 0
-1302.79 0
-1301.29 0
-1299.79 0
-1298.29 0
-1296.79 0
-1295.29 0
-1293.79 0
-1292.29 0
-1290.79 0
-1289.28 0
-1287.78 0
-1286.28 0
-1284.78 0
-1283.28 0
-1281.78 0
-1280.28 0
-1278.78 0
-1277.28 0
-1275.78 0
-1274.28 0
-1272.77 0
-1271.27 0
-1269.77 0
-1268.27 0
-1266.77 0
-1265.27 0
-1263.77 0
-1262.27 0
-1260.77 0
-1259.27 0
-1257.77 0
-1256.26 0
-1254.76 0
-1253.26 0
-1251.76 0
-1250.26 0
-1248.76 0
-1247.26 0
-1245.76 0
-1244.26 0
-1242.76 0
-1241.26 0
-1239.75 0
-1238.25 0
-1236.75 0
-1235.25 0
-1233.75 0
-1232.25 0
-1230.75 0
-1229.25 0
-1227.75 0
-1226.25 0
-1224.74 0
-1223.24 0
-1221.74 0
-1220.24 0
-1218.74 0
-1217.24 0
-1215.74 0
-1214.24 0
-1212.74 0
-1211.24 0
-1209.74 0
-1208.23 0
-1206.73 0
-1205.23 0
-1203.73 0
-1202.23 0
-1200.73 0
-1199.23 0
-1197.73 0
-1196.23 0
-1194.73 0
-1193.23 0
-1191.72 0
-1190.22 0
-1188.72 0
-1187.22 0
-1185.72 0
-1184.22 0
-1182.72 0
-1181.22 0
-1179.72 0
-1178.22 0
-1176.72 0
-1175.21 0
-1173.71 0
-1172.21 0
-1170.71 0
-1169.21 0
-1167.71 0
-1166.21 0
-1164.71 0
-1163.21 0
-1161.71 0
-1160.21 0
-1158.7 0
-1157.2 0
-1155.7 0
-1154.2 0
-1152.7 0
-1151.2 0
-1149.7 0
-1148.2 0
-1146.7 0
-1145.2 0
-1143.7 0
-1142.19 0
-1140.69 0
-1139.19 0
-1137.69 0
-1136.19 0
-1134.69 0
-1133.19 0
-1131.69 0
-1130.19 0
-1128.69 0
-1127.19 0
-1125.68 0
-1124.18 0
-1122.68 0
-1121.18 0
-1119.68 0
-1118.18 0
-1116.68 0
-1115.18 0
-1113.68 0
-1112.18 0
-1110.68 0
-1109.17 0
-1107.67 0
-1106.17 0
-1104.67 0
-1103.17 0
-1101.67 0
-1100.17 0
-1098.67 0
-1097.17 0
-1095.67 0
-1094.17 0
-1092.66 0
-1091.16 0
-1089.66 0
-1088.16 0
-1086.66 0
-1085.16 0
-1083.66 0
-1082.16 0
-1080.66 0
-1079.16 0
-1077.66 0
-1076.15 0
-1074.65 0
-1073.15 0
-1071.65 0
-1070.15 0
-1068.65 0
-1067.15 0
-1065.65 0
-1064.15 0
-1062.65 0
-1061.15 0
-1059.64 0
-1058.14 0
-1056.64 0
-1055.14 0
-1053.64 0
-1052.14 0
-1050.64 0
-1049.14 0
-1047.64 0
-1046.14 0
-1044.64 0
-1043.13 0
-1041.63 0
-1040.13 0
-1038.63 0
-1037.13 0
-1035.63 0
-1034.13 0
-1032.63 0
-1031.13 0
-1029.63 0
-1028.13 0
-1026.62 0
-1025.12 0
-1023.62 0
-1022.12 0
-1020.62 0
-1019.12 0
-1017.62 0
-1016.12 0
-1014.62 0
-1013.12 0
-1011.62 0
-1010.11 0
-1008.61 0
-1007.11 0
-1005.61 0
-1004.11 0
-1002.61 0
-1001.11 0
-999.608 0
-998.107 0
-996.606 0
-995.105 0
-993.604 0
-992.103 0
-990.603 0
-989.102 0
-987.601 0
-986.1 0
-984.599 0
-983.098 0
-981.597 0
-980.096 0
-978.595 0
-977.094 0
-975.593 0
-974.093 0
-972.592 0
-971.091 0
-969.59 0
-968.089 0
-966.588 0
-965.087 0
-963.586 0
-962.085 0
-960.584 0
-959.083 0
-957.582 0
-956.082 0
-954.581 0
-953.08 0
-951.579 0
-950.078 0
-948.577 0
-947.076 0
-945.575 0
-944.074 0
-942.573 0
-941.072 0
-939.572 0
-938.071 0
-936.57 0
-935.069 0
-933.568 0
-932.067 0
-930.566 0
-929.065 0
-927.564 0
-926.063 0
-924.562 0
-923.061 0
-921.561 0
-920.06 0
-918.559 0
-917.058 0
-915.557 0
-914.056 0
-912.555 0
-911.054 0
-909.553 0
-908.052 0
-906.551 0
-905.051 0
-903.55 0
-902.049 0
-900.548 0
-899.047 0
-897.546 0
-896.045 0
-894.544 0
-893.043 0
-891.542 0
-890.041 0
-888.54 0
-887.04 0
-885.539 0
-884.038 0
-882.537 0
-881.036 0
-879.535 0
-878.034 0
-876.533 0
-875.032 0
-873.531 0
-872.03 0
-870.53 0
-869.029 0
-867.528 0
-866.027 0
-864.526 0
-863.025 0
-861.524 0
-860.023 0
-858.522 0
-857.021 0
-855.52 0
-854.019 0
-852.519 0
-851.018 0
-849.517 0
-848.016 0
-846.515 0
-845.014 0
-843.513 0
-842.012 0
-840.511 0
-839.01 0
-837.509 0
-836.009 0
-834.508 0
-833.007 0
-831.506 0
-830.005 0
-828.504 0
-827.003 0
-825.502 0
-824.001 0
-822.5 0
-820.999 0
-819.498 0
-817.998 0
-816.497 0
-814.996 0
-813.495 0
-811.994 0
-810.493 0
-808.992 0
-807.491 0
-805.99 0
-804.489 0
-802.988 0
-801.488 0
-799.987 0
-798.486 0
-796.985 0
-795.484 0
-793.983 0
-792.482 0
-790.981 0
-789.48 0
-787.979 0
-786.478 0
-784.977 0
-783.477 0
-781.976 0
-780.475 0
-778.974 0
-777.473 0
-775.972 0
-774.471 0
-772.97 0
-771.469 0
-769.968 0
-768.467 0
-766.967 0
-765.466 0
-763.965 0
-762.464 0
-760.963 0
-759.462 0
-757.961 0
-756.46 0
-754.959 0
-753.458 0
-751.957 0
-750.456 0
-748.956 0
-747.455 0
-745.954 0
-744.453 0
-742.952 0
-741.451 0
-739.95 0
-738.449 0
-736.948 0
-735.447 0
-733.946 0
-732.446 0
-730.945 0
-729.444 0
-727.943 0
-726.442 0
-724.941 0
-723.44 0
-721.939 0
-720.438 0
-718.937 0
-717.436 0
-715.935 0
-714.435 0
-712.934 0
-711.433 0
-709.932 0
-708.431 0
-706.93 0
-705.429 0
-703.928 0
-702.427 0
-700.926 0
-699.425 0
-697.925 0
-696.424 0
-694.923 0
-693.422 0
-691.921 0
-690.42 0
-688.919 0
-687.418 0
-685.917 0
-684.416 0
-682.915 0
-681.414 0
-679.914 0
-678.413 0
-676.912 0
-675.411 0
-673.91 0
-672.409 0
-670.908 0
-669.407 0
-667.906 0
-666.405 0
-664.904 0
-663.404 0
-661.903 0
-660.402 0
-658.901 0
-657.4 0
-655.899 0
-654.398 0
-652.897 0
-651.396 0
-649.895 0
-648.394 0
-646.893 0
-645.393 0
-643.892 0
-642.391 0
-640.89 0
-639.389 0
-637.888 0
-636.387 0
-634.886 0
-633.385 0
-631.884 0
-630.383 0
-628.883 0
-627.382 0
-625.881 0
-624.38 0
-622.879 0
-621.378 0
-619.877 0
-618.376 0
-616.875 0
-615.374 0
-613.873 0
-612.372 0
-610.872 0
-609.371 0
-607.87 0
-606.369 0
-604.868 0
-603.367 0
-601.866 0
-600.365 0
-598.864 0
-597.363 0
-595.862 0
-594.362 0
-592.861 0
-591.36 0
-589.859 0
-588.358 0
-586.857 0
-585.356 0
-583.855 0
-582.354 0
-580.853 0
-579.352 0
-577.851 0
-576.351 0
-574.85 0
-573.349 0
-571.848 0
-570.347 0
-568.846 0
-567.345 0
-565.844 0
-564.343 0
-562.842 0
-561.341 0
-559.841 0
-558.34 0
-556.839 0
-555.338 0
-553.837 0
-552.336 0
-550.835 0
-549.334 0
-547.833 0
-546.332 0
-544.831 0
-543.33 0
-541.83 0
-540.329 0
-538.828 0
-537.327 0
-535.826 0
-534.325 0
-532.824 0
-531.323 0
-529.822 0
-528.321 0
-526.82 0
-525.32 0
-523.819 0
-522.318 0
-520.817 0
-519.316 0
-517.815 0
-516.314 0
-514.813 0
-513.312 0
-511.811 0
-510.31 0
-508.809 0
-507.309 0
-505.808 0
-504.307 0
-502.806 0
-501.305 0
-499.804 0
-498.303 0
-496.802 0
-495.301 0
-493.8 0
-492.299 0
-490.799 0
-489.298 4.22387e-05
-487.797 4.1652e-05
-486.296 4.19454e-05
-484.795 4.3412e-05
-483.294 4.48786e-05
-481.793 4.60519e-05
-480.292 4.60519e-05
-478.791 4.63452e-05
-477.29 4.81052e-05
-475.789 4.72252e-05
-474.288 4.86918e-05
-472.788 5.01585e-05
-471.287 4.92785e-05
-469.786 4.98651e-05
-468.285 5.04518e-05
-466.784 4.86918e-05
-465.283 4.95718e-05
-463.782 4.92785e-05
-462.281 4.95718e-05
-460.78 5.13318e-05
-459.279 5.07451e-05
-457.778 5.22117e-05
-456.278 5.19184e-05
-454.777 5.19184e-05
-453.276 5.04518e-05
-451.775 5.10384e-05
-450.274 5.10384e-05
-448.773 5.30917e-05
-447.272 5.22117e-05
-445.771 5.25051e-05
-444.27 5.39717e-05
-442.769 5.54383e-05
-441.268 5.48517e-05
-439.767 5.48517e-05
-438.267 5.54383e-05
-436.766 5.63183e-05
-435.265 5.60249e-05
-433.764 5.60249e-05
-432.263 5.54383e-05
-430.762 5.5145e-05
-429.261 5.57316e-05
-427.76 5.48517e-05
-426.259 5.69049e-05
-424.758 5.66116e-05
-423.257 5.74916e-05
-421.757 5.86649e-05
-420.256 5.92515e-05
-418.755 6.10115e-05
-417.254 6.27714e-05
-415.753 6.24781e-05
-414.252 6.30647e-05
-412.751 6.18914e-05
-411.25 6.15981e-05
-409.749 6.18914e-05
-408.248 6.21848e-05
-406.747 6.24781e-05
-405.246 6.24781e-05
-403.746 6.5118e-05
-402.245 6.48247e-05
-400.744 6.77579e-05
-399.243 6.77579e-05
-397.742 6.95179e-05
-396.241 7.01045e-05
-394.74 7.18645e-05
-393.239 7.30378e-05
-391.738 7.53844e-05
-390.237 7.5971e-05
-388.736 7.62644e-05
-387.236 7.83176e-05
-385.735 7.89043e-05
-384.234 8.06642e-05
-382.733 8.44775e-05
-381.232 8.65307e-05
-379.731 8.7704e-05
-378.23 9.09306e-05
-376.729 9.23972e-05
-375.228 9.65037e-05
-373.727 9.82637e-05
-372.226 9.97303e-05
-370.725 0.000102077
-369.225 0.000104424
-367.724 0.000106183
-366.223 0.00010677
-364.722 0.000108237
-363.221 0.000107943
-361.72 0.00010853
-360.219 0.00011117
-358.718 0.00011293
-357.217 0.000115277
-355.716 0.00011645
-354.215 0.00011821
-352.715 0.000119676
-351.214 0.000121436
-349.713 0.00012173
-348.212 0.000125543
-346.711 0.000127303
-345.21 0.000129649
-343.709 0.000132876
-342.208 0.000133463
-340.707 0.000136689
-339.206 0.000139622
-337.705 0.000141382
-336.205 0.000144609
-334.704 0.000146662
-333.203 0.000146662
-331.702 0.000149009
-330.201 0.000151649
-328.7 0.000154582
-327.199 0.000158395
-325.698 0.000161329
-324.197 0.000163675
-322.696 0.000166902
-321.195 0.000172182
-319.694 0.000174528
-318.194 0.000176581
-316.693 0.000180395
-315.192 0.000181861
-313.691 0.000184795
-312.19 0.000185675
-310.689 0.000186848
-309.188 0.000189488
-307.687 0.000191541
-306.186 0.000194474
-304.685 0.000198581
-303.184 0.000201514
-301.684 0.000205914
-300.183 0.000210607
-298.682 0.00021178
-297.181 0.000215594
-295.68 0.000219407
-294.179 0.00022234
-292.678 0.000226153
-291.177 0.000229086
-289.676 0.000231726
-288.175 0.000234366
-286.674 0.000239353
-285.173 0.000241113
-283.673 0.000243753
-282.172 0.000246099
-280.671 0.000248446
-279.17 0.000251966
-277.669 0.000254899
-276.168 0.000257832
-274.667 0.000262819
-273.166 0.000265752
-271.665 0.000266925
-270.164 0.000270738
-268.663 0.000274258
-267.163 0.000278952
-265.662 0.000280712
-264.161 0.000284231
-262.66 0.000290098
-261.159 0.000295378
-259.658 0.000300071
-258.157 0.000304471
-256.656 0.000307698
-255.155 0.000311804
-253.654 0.000317377
-252.153 0.00032031
-250.652 0.000325884
-249.152 0.000328524
-247.651 0.000332043
-246.15 0.000337617
-244.649 0.000342896
-243.148 0.00035023
-241.647 0.000356096
-240.146 0.000362256
-238.645 0.000369882
-237.144 0.000377802
-235.643 0.000386015
-234.142 0.000393641
-232.642 0.000402735
-231.141 0.000413588
-229.64 0.000421214
-228.139 0.000431774
-226.638 0.000440573
-225.137 0.000450253
-223.636 0.000461106
-222.135 0.000471079
-220.634 0.000481052
-219.133 0.000492492
-217.632 0.000505105
-216.131 0.000518598
-214.631 0.000532971
-213.13 0.000546757
-211.629 0.00056377
-210.128 0.000579316
-208.627 0.000597502
-207.126 0.000615101
-205.625 0.000634461
-204.124 0.000655287
-202.623 0.000676993
-201.122 0.000699872
-199.621 0.000722165
-198.121 0.000748271
-196.62 0.000771737
-195.119 0.000799603
-193.618 0.000826588
-192.117 0.000855041
-190.616 0.000886427
-189.115 0.000916639
-187.614 0.000947438
-186.113 0.000978824
-184.612 0.00101344
-183.111 0.00104717
-181.61 0.00108031
-180.11 0.00111551
-178.609 0.00115365
-177.108 0.00119266
-175.607 0.00123196
-174.106 0.00127186
-172.605 0.0013094
-171.104 0.00134988
-169.603 0.00138889
-168.102 0.00142732
-166.601 0.00146662
-165.1 0.00150593
-163.6 0.00154171
-162.099 0.00157838
-160.598 0.00161387
-159.097 0.00165083
-157.596 0.0016875
-156.095 0.00172181
-154.594 0.00175731
-153.093 0.00179163
-151.592 0.00182565
-150.091 0.00185762
-148.59 0.00189077
-147.089 0.00192098
-145.589 0.0019509
-144.088 0.00197994
-142.587 0.00200986
-141.086 0.00203861
-139.585 0.00206325
-138.084 0.00208876
-136.583 0.00211428
-135.082 0.00213922
-133.581 0.00215975
-132.08 0.00218145
-130.579 0.00220169
-129.079 0.00222135
-127.578 0.00223983
-126.077 0.00225889
-124.576 0.00227268
-123.075 0.00228823
-121.574 0.00230553
-120.073 0.00231697
-118.572 0.00233076
-117.071 0.0023419
-115.57 0.002351
-114.069 0.00236302
-112.568 0.00237212
-111.068 0.00238033
-109.567 0.0023903
-108.066 0.00239764
-106.565 0.00240673
-105.064 0.00241523
-103.563 0.00242198
-102.062 0.00243078
-100.561 0.00243753
-99.0603 0.00244691
-97.5593 0.00245249
-96.0584 0.00246041
-94.5575 0.00246803
-93.0566 0.00247713
-91.5557 0.00248856
-90.0548 0.00249707
-88.5539 0.00250822
-87.053 0.0025223
-85.552 0.00253168
-84.0511 0.00254606
-82.5502 0.00255779
-81.0493 0.00257158
-79.5484 0.00258478
-78.0475 0.00259768
-76.5466 0.00261235
-75.0456 0.0026276
-73.5447 0.00264344
-72.0438 0.00266133
-70.5429 0.0026804
-69.042 0.00270328
-67.5411 0.00272322
-66.0402 0.00274552
-64.5393 0.00277192
-63.0383 0.00279626
-61.5374 0.00282413
-60.0365 0.00285082
-58.5356 0.00287693
-57.0347 0.00290743
-55.5338 0.00293764
-54.0329 0.0029658
-52.532 0.00299748
-51.031 0.00302887
-49.5301 0.0030626
-48.0292 0.00309545
-46.5283 0.00313065
-45.0274 0.00316556
-43.5265 0.00320076
-42.0256 0.00323566
-40.5246 0.00326998
-39.0237 0.00330518
-37.5228 0.00334009
-36.0219 0.0033747
-34.521 0.00341019
-33.0201 0.00344422
-31.5192 0.00347971
-30.0183 0.00351315
-28.5173 0.00354805
-27.0164 0.00358237
-25.5155 0.00361493
-24.0146 0.00364514
-22.5137 0.0036733
-21.0128 0.00370058
-19.5119 0.00372903
-18.011 0.00375455
-16.51 0.00377655
-15.0091 0.00379914
-13.5082 0.00381879
-12.0073 0.00383463
-10.5064 0.00385047
-9.00548 0.00386426
-7.50456 0.00387511
-6.00365 0.0038842
-4.50274 0.00389183
-3.00183 0.00389652
-1.50091 0.00389623
0 0.00389682
1.50091 0.00389418
3.00183 0.0038889
4.50274 0.0038801
6.00365 0.00386866
7.50456 0.00385428
9.00548 0.00384021
10.5064 0.00381997
12.0073 0.00379943
13.5082 0.00377626
15.0091 0.00375074
16.51 0.00372141
18.011 0.00369061
19.5119 0.0036601
21.0128 0.00362666
22.5137 0.00359235
24.0146 0.00355421
25.5155 0.00351784
27.0164 0.00347795
28.5173 0.00343806
30.0183 0.00339816
31.5192 0.00335387
33.0201 0.00331193
34.521 0.00327086
36.0219 0.00322422
37.5228 0.00317876
39.0237 0.00313417
40.5246 0.00308812
42.0256 0.00304266
43.5265 0.00299895
45.0274 0.0029529
46.5283 0.00290685
48.0292 0.00286314
49.5301 0.0028212
51.031 0.00277837
52.532 0.00273642
54.0329 0.00269595
55.5338 0.00265664
57.0347 0.00261675
58.5356 0.00257656
60.0365 0.00253784
61.5374 0.00250176
63.0383 0.00246246
64.5393 0.00242579
66.0402 0.00238942
67.5411 0.00235393
69.042 0.00232108
70.5429 0.00228852
72.0438 0.00225596
73.5447 0.00222487
75.0456 0.00219612
76.5466 0.00216796
78.0475 0.00214186
79.5484 0.00211546
81.0493 0.00208818
82.5502 0.00206589
84.0511 0.00204271
85.552 0.00201778
87.053 0.0019949
88.5539 0.00197378
90.0548 0.00195237
91.5557 0.00193125
93.0566 0.00191072
94.5575 0.00189194
96.0584 0.00187288
97.5593 0.00185645
99.0603 0.00184003
100.561 0.00182243
102.062 0.00180776
103.563 0.0017928
105.064 0.00177579
106.565 0.00176112
108.066 0.00174792
109.567 0.0017312
111.068 0.00171888
112.568 0.00170275
114.069 0.00169043
115.57 0.00167723
117.071 0.00166403
118.572 0.00164819
120.073 0.0016347
121.574 0.0016171
123.075 0.00160302
124.576 0.00158366
126.077 0.00156841
127.578 0.00154875
129.079 0.00153526
130.579 0.00151531
132.08 0.00149889
133.581 0.00148158
135.082 0.00146369
136.583 0.00144668
138.084 0.00142849
139.585 0.00140854
141.086 0.0013886
142.587 0.00136836
144.088 0.00134695
145.589 0.00132612
147.089 0.00130119
148.59 0.00127978
150.091 0.00125748
151.592 0.00123578
153.093 0.0012126
154.594 0.00118767
156.095 0.00116479
157.596 0.00114309
159.097 0.00111698
160.598 0.00109469
162.099 0.00107034
163.6 0.00104805
165.1 0.00102282
166.601 0.00099965
168.102 0.000975597
169.603 0.000952132
171.104 0.000929545
172.605 0.000906959
174.106 0.0008832
175.607 0.000860907
177.108 0.000839788
178.609 0.000817789
180.11 0.000798429
181.61 0.000775844
183.111 0.000758537
184.612 0.000740938
186.113 0.000719232
187.614 0.000704859
189.115 0.000687259
190.616 0.00066878
192.117 0.000653527
193.618 0.000635341
195.119 0.000620968
196.62 0.000604542
198.121 0.000589582
199.621 0.000575503
201.122 0.000559663
202.623 0.000546757
204.124 0.000530917
205.625 0.000520064
207.126 0.000505691
208.627 0.000496305
210.128 0.000482519
211.629 0.000470786
213.13 0.000460226
214.631 0.000449666
216.131 0.000438813
217.632 0.000427667
219.133 0.000418867
220.634 0.000409188
222.135 0.000401561
223.636 0.000391295
225.137 0.000384842
226.638 0.000378095
228.139 0.000368709
229.64 0.000362256
231.141 0.000356096
232.642 0.000350229
234.142 0.00034495
235.643 0.000338497
237.144 0.00033263
238.645 0.000328524
240.146 0.000320017
241.647 0.000315324
243.148 0.000310631
244.649 0.000307111
246.15 0.000300071
247.651 0.000296258
249.152 0.000291565
250.652 0.000285405
252.153 0.000280712
253.654 0.000276312
255.155 0.000272205
256.656 0.000266632
258.157 0.000263699
259.658 0.000261059
261.159 0.000257539
262.66 0.000254312
264.161 0.000252259
265.662 0.000249912
267.163 0.000244926
268.663 0.000244633
270.164 0.000238179
271.665 0.000235246
273.166 0.000232313
274.667 0.000227326
276.168 0.00022234
277.669 0.000219407
279.17 0.000216473
280.671 0.000214127
282.172 0.000212367
283.673 0.000209727
285.173 0.000207674
286.674 0.000203861
288.175 0.000202981
289.676 0.000201221
291.177 0.000199754
292.678 0.000197994
294.179 0.000196234
295.68 0.000193008
297.181 0.000190661
298.682 0.000188021
300.183 0.000186554
301.684 0.000184501
303.184 0.000181275
304.685 0.000178048
306.186 0.000175115
307.687 0.000170715
309.188 0.000170128
310.689 0.000167195
312.19 0.000163675
313.691 0.000161622
315.192 0.000160742
316.693 0.000157809
318.194 0.000157515
319.694 0.000156342
321.195 0.000153115
322.696 0.000151355
324.197 0.000150769
325.698 0.000148422
327.199 0.000146076
328.7 0.000144316
330.201 0.000141676
331.702 0.000139623
333.203 0.000137276
334.704 0.000134049
336.205 0.000129943
337.705 0.00012789
339.206 0.00012701
340.707 0.000125836
342.208 0.000124076
343.709 0.000122903
345.21 0.00012349
346.711 0.000121143
348.212 0.000119676
349.713 0.000120263
351.214 0.000118796
352.715 0.00011733
354.215 0.00011557
355.716 0.000114397
357.217 0.000114397
358.718 0.000110583
360.219 0.000108823
361.72 0.000108237
363.221 0.000107943
364.722 0.00010501
366.223 0.000104424
367.724 0.000104424
369.225 0.000103837
370.725 0.00010237
372.226 0.00010325
373.727 0.000102077
375.228 0.000101197
376.729 0.00010061
378.23 9.82637e-05
379.731 9.56238e-05
381.232 9.50371e-05
382.733 9.38638e-05
384.234 9.44505e-05
385.735 9.18106e-05
387.236 8.7704e-05
388.736 8.88773e-05
390.237 8.7704e-05
391.738 8.56508e-05
393.239 8.47708e-05
394.74 8.82907e-05
396.241 8.8584e-05
397.742 8.71174e-05
399.243 8.97573e-05
400.744 8.79974e-05
402.245 8.91707e-05
403.746 9.00506e-05
405.246 9.09306e-05
406.747 8.97573e-05
408.248 9.15172e-05
409.749 9.00506e-05
411.25 8.7704e-05
412.751 8.47708e-05
414.252 8.47708e-05
415.753 8.30108e-05
417.254 8.15442e-05
418.755 8.06643e-05
420.256 8.12509e-05
421.757 8.06642e-05
423.257 7.94909e-05
424.758 7.7731e-05
426.259 7.71443e-05
427.76 7.65577e-05
429.261 7.62644e-05
430.762 7.47977e-05
432.263 7.45044e-05
433.764 7.36244e-05
435.265 7.06912e-05
436.766 7.18645e-05
438.267 7.06912e-05
439.767 6.95179e-05
441.268 7.03979e-05
442.769 7.12778e-05
444.27 7.18645e-05
445.771 7.15712e-05
447.272 6.95179e-05
448.773 6.86379e-05
450.274 7.09845e-05
451.775 6.83446e-05
453.276 6.92246e-05
454.777 6.77579e-05
456.278 6.80513e-05
457.778 6.83446e-05
459.279 6.74646e-05
460.78 6.77579e-05
462.281 6.6878e-05
463.782 6.62913e-05
465.283 6.62913e-05
466.784 6.27714e-05
468.285 6.30647e-05
469.786 6.24781e-05
471.287 6.36514e-05
472.788 6.27714e-05
474.288 6.33581e-05
475.789 6.27714e-05
477.29 6.39447e-05
478.791 6.15981e-05
480.292 6.13048e-05
481.793 6.21848e-05
483.294 6.07181e-05
484.795 6.13048e-05
486.296 6.24781e-05
487.797 5.95448e-05
489.298 5.92515e-05
490.799 0
492.299 0
493.8 0
495.301 0
496.802 0
498.303 0
499.804 0
501.305 0
502.806 0
504.307 0
505.808 0
507.309 0
508.809 0
510.31 0
511.811 0
513.312 0
514.813 0
516.314 0
517.815 0
519.316 0
520.817 0
522.318 0
523.819 0
525.32 0
526.82 0
528.321 0
529.822 0
531.323 0
532.824 0
534.325 0
535.826 0
537.327 0
538.828 0
540.329 0
541.83 0
543.33 0
544.831 0
546.332 0
547.833 0
549.334 0
550.835 0
552.336 0
553.837 0
555.338 0
556.839 0
558.34 0
559.841 0
561.341 0
562.842 0
564.343 0
565.844 0
567.345 0
568.846 0
570.347 0
571.848 0
573.349 0
574.85 0
576.351 0
577.851 0
579.352 0
580.853 0
582.354 0
583.855 0
585.356 0
586.857 0
588.358 0
589.859 0
591.36 0
592.861 0
594.362 0
595.862 0
597.363 0
598.864 0
600.365 0
601.866 0
603.367 0
604.868 0
606.369 0
607.87 0
609.371 0
610.872 0
612.372 0
613.873 0
615.374 0
616.875 0
618.376 0
619.877 0
621.378 0
622.879 0
624.38 0
625.881 0
627.382 0
628.883 0
630.383 0
631.884 0
633.385 0
634.886 0
636.387 0
637.888 0
639.389 0
640.89 0
642.391 0
643.892 0
645.393 0
646.893 0
648.394 0
649.895 0
651.396 0
652.897 0
654.398 0
655.899 0
657.4 0
658.901 0
660.402 0
661.903 0
663.404 0
664.904 0
666.405 0
667.906 0
669.407 0
670.908 0
672.409 0
673.91 0
675.411 0
676.912 0
678.413 0
679.914 0
681.414 0
682.915 0
684.416 0
685.917 0
687.418 0
688.919 0
690.42 0
691.921 0
693.422 0
694.923 0
696.424 0
697.925 0
699.425 0
700.926 0
702.427 0
703.928 0
705.429 0
706.93 0
708.431 0
709.932 0
711.433 0
712.934 0
714.435 0
715.935 0
717.436 0
718.937 0
720.438 0
721.939 0
723.44 0
724.941 0
726.442 0
727.943 0
729.444 0
730.945 0
732.446 0
733.946 0
735.447 0
736.948 0
738.449 0
739.95 0
741.451 0
742.952 0
744.453 0
745.954 0
747.455 0
748.956 0
750.456 0
751.957 0
753.458 0
754.959 0
756.46 0
757.961 0
759.462 0
760.963 0
762.464 0
763.965 0
765.466 0
766.967 0
768.467 0
769.968 0
771.469 0
772.97 0
774.471 0
775.972 0
777.473 0
778.974 0
780.475 0
781.976 0
783.477 0
784.977 0
786.478 0
787.979 0
789.48 0
790.981 0
792.482 0
793.983 0
795.484 0
796.985 0
798.486 0
799.987 0
801.488 0
802.988 0
804.489 0
805.99 0
807.491 0
808.992 0
810.493 0
811.994 0
813.495 0
814.996 0
816.497 0
817.998 0
819.498 0
820.999 0
822.5 0
824.001 0
825.502 0
827.003 0
828.504 0
830.005 0
831.506 0
833.007 0
834.508 0
836.009 0
837.509 0
839.01 0
840.511 0
842.012 0
843.513 0
845.014 0
846.515 0
848.016 0
849.517 0
851.018 0
852.519 0
854.019 0
855.52 0
857.021 0
858.522 0
860.023 0
861.524 0
863.025 0
864.526 0
866.027 0
867.528 0
869.029 0
870.53 0
872.03 0
873.531 0
875.032 0
876.533 0
878.034 0
879.535 0
881.036 0
882.537 0
884.038 0
885.539 0
887.04 0
888.54 0
890.041 0
891.542 0
893.043 0
894.544 0
896.045 0
897.546 0
899.047 0
900.548 0
902.049 0
903.55 0
905.051 0
906.551 0
908.052 0
909.553 0
911.054 0
912.555 0
914.056 0
915.557 0
917.058 0
918.559 0
920.06 0
921.561 0
923.061 0
924.562 0
926.063 0
927.564 0
929.065 0
930.566 0
932.067 0
933.568 0
935.069 0
936.57 0
938.071 0
939.572 0
941.072 0
942.573 0
944.074 0
945.575 0
947.076 0
948.577 0
950.078 0
951.579 0
953.08 0
954.581 0
956.082 0
957.582 0
959.083 0
960.584 0
962.085 0
963.586 0
965.087 0
966.588 0
968.089 0
969.59 0
971.091 0
972.592 0
974.093 0
975.593 0
977.094 0
978.595 0
980.096 0
981.597 0
983.098 0
984.599 0
986.1 0
987.601 0
989.102 0
990.603 0
992.103 0
993.604 0
995.105 0
996.606 0
998.107 0
999.608 0
1001.11 0
1002.61 0
1004.11 0
1005.61 0
1007.11 0
1008.61 0
1010.11 0
1011.62 0
1013.12 0
1014.62 0
1016.12 0
1017.62 0
1019.12 0
1020.62 0
1022.12 0
1023.62 0
1025.12 0
1026.62 0
1028.13 0
1029.63 0
1031.13 0
1032.63 0
1034.13 0
1035.63 0
1037.13 0
1038.63 0
1040.13 0
1041.63 0
1043.13 0
1044.64 0
1046.14 0
1047.64 0
1049.14 0
1050.64 0
1052.14 0
1053.64 0
1055.14 0
1056.64 0
1058.14 0
1059.64 0
1061.15 0
1062.65 0
1064.15 0
1065.65 0
1067.15 0
1068.65 0
1070.15 0
1071.65 0
1073.15 0
1074.65 0
1076.15 0
1077.66 0
1079.16 0
1080.66 0
1082.16 0
1083.66 0
1085.16 0
1086.66 0
1088.16 0
1089.66 0
1091.16 0
1092.66 0
1094.17 0
1095.67 0
1097.17 0
1098.67 0
1100.17 0
1101.67 0
1103.17 0
1104.67 0
1106.17 0
1107.67 0
1109.17 0
1110.68 0
1112.18 0
1113.68 0
1115.18 0
1116.68 0
1118.18 0
1119.68 0
1121.18 0
1122.68 0
1124.18 0
1125.68 0
1127.19 0
1128.69 0
1130.19 0
1131.69 0
1133.19 0
1134.69 0
1136.19 0
1137.69 0
1139.19 0
1140.69 0
1142.19 0
1143.7 0
1145.2 0
1146.7 0
1148.2 0
1149.7 0
1151.2 0
1152.7 0
1154.2 0
1155.7 0
1157.2 0
1158.7 0
1160.21 0
1161.71 0
1163.21 0
1164.71 0
1166.21 0
1167.71 0
1169.21 0
1170.71 0
1172.21 0
1173.71 0
1175.21 0
1176.72 0
1178.22 0
1179.72 0
1181.22 0
1182.72 0
1184.22 0
1185.72 0
1187.22 0
1188.72 0
1190.22 0
1191.72 0
1193.23 0
1194.73 0
1196.23 0
1197.73 0
1199.23 0
1200.73 0
1202.23 0
1203.73 0
1205.23 0
1206.73 0
1208.23 0
1209.74 0
1211.24 0
1212.74 0
1214.24 0
1215.74 0
1217.24 0
1218.74 0
1220.24 0
1221.74 0
1223.24 0
1224.74 0
1226.25 0
1227.75 0
1229.25 0
1230.75 0
1232.25 0
1233.75 0
1235.25 0
1236.75 0
1238.25 0
1239.75 0
1241.26 0
1242.76 0
1244.26 0
1245.76 0
1247.26 0
1248.76 0
1250.26 0
1251.76 0
1253.26 0
1254.76 0
1256.26 0
1257.77 0
1259.27 0
1260.77 0
1262.27 0
1263.77 0
1265.27 0
1266.77 0
1268.27 0
1269.77 0
1271.27 0
1272.77 0
1274.28 0
1275.78 0
1277.28 0
1278.78 0
1280.28 0
1281.78 0
1283.28 0
1284.78 0
1286.28 0
1287.78 0
1289.28 0
1290.79 0
1292.29 0
1293.79 0
1295.29 0
1296.79 0
1298.29 0
1299.79 0
1301.29 0
1302.79 0
1304.29 0
1305.79 0
1307.3 0
1308.8 0
1310.3 0
1311.8 0
1313.3 0
1314.8 0
1316.3 0
1317.8 0
1319.3 0
1320.8 0
1322.3 0
1323.81 0
1325.31 0
1326.81 0
1328.31 0
1329.81 0
1331.31 0
1332.81 0
1334.31 0
1335.81 0
1337.31 0
1338.81 0
1340.32 0
1341.82 0
1343.32 0
1344.82 0
1346.32 0
1347.82 0
1349.32 0
1350.82 0
1352.32 0
1353.82 0
1355.32 0
1356.83 0
1358.33 0
1359.83 0
1361.33 0
1362.83 0
1364.33 0
1365.83 0
1367.33 0
1368.83 0
1370.33 0
1371.83 0
1373.34 0
1374.84 0
1376.34 0
1377.84 0
1379.34 0
1380.84 0
1382.34 0
1383.84 0
1385.34 0
1386.84 0
1388.34 0
1389.85 0
1391.35 0
1392.85 0
1394.35 0
1395.85 0
1397.35 0
1398.85 0
1400.35 0
1401.85 0
1403.35 0
1404.85 0
1406.36 0
1407.86 0
1409.36 0
1410.86 0
1412.36 0
1413.86 0
1415.36 0
1416.86 0
1418.36 0
1419.86 0
1421.36 0
1422.87 0
1424.37 0
1425.87 0
1427.37 0
1428.87 0
1430.37 0
1431.87 0
1433.37 0
1434.87 0
1436.37 0
1437.87 0
1439.38 0
1440.88 0
1442.38 0
1443.88 0
1445.38 0
1446.88 0
1448.38 0
1449.88 0
1451.38 0
1452.88 0
1454.38 0
1455.89 0
1457.39 0
1458.89 0
1460.39 0
1461.89 0
1463.39 0
1464.89 0
1466.39 0
1467.89 0
1469.39 0
1470.89 0
1472.4 0
1473.9 0
1475.4 0
1476.9 0
1478.4 0
1479.9 0
1481.4 0
1482.9 0
1484.4 0
1485.9 0
1487.4 0
1488.91 0
1490.41 0
1491.91 0
1493.41 0
1494.91 0
1496.41 0
1497.91 0
1499.41 0
1500.91 0
1502.41 0
1503.91 0
1505.42 0
1506.92 0
1508.42 0
1509.92 0
1511.42 0
1512.92 0
1514.42 0
1515.92 0
1517.42 0
1518.92 0
1520.42 0
1521.93 0
1523.43 0
1524.93 0
1526.43 0
1527.93 0
1529.43 0
1530.93 0
1532.43 0
1533.93 0
1535.43 0
1536.93 0
1538.44 0
1539.94 0
1541.44 0
1542.94 0
1544.44 0
1545.94 0
1547.44 0
1548.94 0
1550.44 0
1551.94 0
1553.44 0
1554.95 0
1556.45 0
1557.95 0
1559.45 0
1560.95 0
1562.45 0
1563.95 0
1565.45 0
1566.95 0
1568.45 0
1569.95 0
1571.46 0
1572.96 0
1574.46 0
1575.96 0
