-1575.96 0
-1574.46 0
-1572.96 0
-1571.46 0
-1569.95 0
-1568.45 0
-1566.95 0
-1565.45 0
-1563.95 0
-1562.45 0
-1560.95 0
-1559.45 0
-1557.95 0
-1556.45 0
-1554.95 0
-1553.44 0
-1551.94 0
-1550.44 0
-1548.94 0
-1547.44 0
-1545.94 0
-1544.44 0
-1542.94 0
-1541.44 0
-1539.94 0
-1538.44 0
-1536.93 0
-1535.43 0
-1533.93 0
-1532.43 0
-1530.93 0
-1529.43 0
-1527.93 0
-1526.43 0
-1524.93 0
-1523.43 0
-1521.93 0
-1520.42 0
-1518.92 0
-1517.42 0
-1515.92 0
-1514.42 0
-1512.92 0
-1511.42 0
-1509.92 0
-1508.42 0
-1506.92 0
-1505.42 0
-1503.91 0
-1502.41 0
-1500.91 0
-1499.41 0
-1497.91 0
-1496.41 0
-1494.91 0
-1493.41 0
-1491.91 0
-1490.41 0
-1488.91 0
-1487.4 0
-1485.9 0
-1484.4 0
-1482.9 0
-1481.4 0
-1479.9 0
-1478.4 0
-1476.9 0
-1475.4 0
-1473.9 0
-1472.4 0
-1470.89 0
-1469.39 0
-1467.89 0
-1466.39 0
-1464.89 0
-1463.39 0
-1461.89 0
-1460.39 0
-1458.89 0
-1457.39 0
-1455.89 0
-1454.38 0
-1452.88 0
-1451.38 0
-1449.88 0
-1448.38 0
-1446.88 0
-1445.38 0
-1443.88 0
-1442.38 0
-1440.88 0
-1439.38 0
-1437.87 0
-1436.37 0
-1434.87 0
-1433.37 0
-1431.87 0
-1430.37 0
-1428.87 0
-1427.37 0
-1425.87 0
-1424.37 0
-1422.87 0
-1421.36 0
-1419.86 0
-1418.36 0
-1416.86 0
-1415.36 0
-1413.86 0
-1412.36 0
-1410.86 0
-1409.36 0
-1407.86 0
-1406.36 0
-1404.85 0
-1403.35 0
-1401.85 0
-1400.35 0
-1398.85 0
-1397.35 0
-1395.85 0
-1394.35 0
-1392.85 0
-1391.35 0
-1389.85 0
-1388.34 0
-1386.84 0
-1385.34 0
-1383.84 0
-1382.34 0
-1380.84 0
-1379.34 0
-1377.84 0
-1376.34 0
-1374.84 0
-1373.34 0
-1371.83 0
-1370.33 0
-1368.83 0
-1367.33 0
-1365.83 0
-1364.33 0
-1362.83 0
-1361.33 0
-1359.83 0
-1358.33 0
-1356.83 0
-1355.32 0
-1353.82 0
-1352.32 0
-1350.82 0
-1349.32 0
-1347.82 0
-1346.32 0
-1344.82 0
-1343.32 0
-1341.82 0
-1340.32 0
-1338.81 0
-1337.31 0
-1335.81 0
-1334.31 0
-1332.81 0
-1331.31 0
-1329.81 0
-1328.31 0
-1326.81 0
-1325.31 0
-1323.81 0
-1322.3 0
-1320.8 0
-1319.3 0
-1317.8 0
-1316.3 0
-1314.8 0
-1313.3 0
-1311.8 0
-1310.3 0
-1308.8 0
-1307.3 0
-1305.79 0
-1304.29 0
-1302.79 0
-1301.29 0
-1299.79 0
-1298.29 0
-1296.79 0
-1295.29 0
-1293.79 0
-1292.29 0
-1290.79 0
-1289.28 0
-1287.78 0
-1286.28 0
-1284.78 0
-1283.28 0
-1281.78 0
-1280.28 0
-1278.78 0
-1277.28 0
-1275.78 0
-1274.28 0
-1272.77 0
-1271.27 0
-1269.77 0
-1268.27 0
-1266.77 0
-1265.27 0
-1263.77 0
-1262.27 0
-1260.77 0
-1259.27 0
-1257.77 0
-1256.26 0
-1254.76 0
-1253.26 0
-1251.76 0
-1250.26 0
-1248.76 0
-1247.26 0
-1245.76 0
-1244.26 0
-1242.76 0
-1241.26 0
-1239.75 0
-1238.25 0
-1236.75 0
-1235.25 0
-1233.75 0
-1232.25 0
-1230.75 0
-1229.25 0
-1227.75 0
-1226.25 0
-1224.74 0
-1223.24 0
-1221.74 0
-1220.24 0
-1218.74 0
-1217.24 0
-1215.74 0
-1214.24 0
-1212.74 0
-1211.24 0
-1209.74 0
-1208.23 0
-1206.73 0
-1205.23 0
-1203.73 0
-1202.23 0
-1200.73 0
-1199.23 0
-1197.73 0
-1196.23 0
-1194.73 0
-1193.23 0
-1191.72 0
-1190.22 0
-1188.72 0
-1187.22 0
-1185.72 0
-1184.22 0
-1182.72 0
-1181.22 0
-1179.72 0
-1178.22 0
-1176.72 0
-1175.21 0
-1173.71 0
-1172.21 0
-1170.71 0
-1169.21 0
-1167.71 0
-1166.21 0
-1164.71 0
-1163.21 0
-1161.71 0
-1160.21 0
-1158.7 0
-1157.2 0
-1155.7 0
-1154.2 0
-1152.7 0
-1151.2 0
-1149.7 0
-1148.2 0
-1146.7 0
-1145.2 0
-1143.7 0
-1142.19 0
-1140.69 0
-1139.19 0
-1137.69 0
-1136.19 0
-1134.69 0
-1133.19 0
-1131.69 0
-1130.19 0
-1128.69 0
-1127.19 0
-1125.68 0
-1124.18 0
-1122.68 0
-1121.18 0
-1119.68 0
-1118.18 0
-1116.68 0
-1115.18 0
-1113.68 0
-1112.18 0
-1110.68 0
-1109.17 0
-1107.67 0
-1106.17 0
-1104.67 0
-1103.17 0
-1101.67 0
-1100.17 0
-1098.67 0
-1097.17 0
-1095.67 0
-1094.17 0
-1092.66 0
-1091.16 0
-1089.66 0
-1088.16 0
-1086.66 0
-1085.16 0
-1083.66 0
-1082.16 0
-1080.66 0
-1079.16 0
-1077.66 0
-1076.15 0
-1074.65 0
-1073.15 0
-1071.65 0
-1070.15 0
-1068.65 0
-1067.15 0
-1065.65 0
-1064.15 0
-1062.65 0
-1061.15 0
-1059.64 0
-1058.14 0
-1056.64 0
-1055.14 0
-1053.64 0
-1052.14 0
-1050.64 0
-1049.14 0
-1047.64 0
-1046.14 0
-1044.64 0
-1043.13 0
-1041.63 0
-1040.13 0
-1038.63 0
-1037.13 0
-1035.63 0
-1034.13 0
-1032.63 0
-1031.13 0
-1029.63 0
-1028.13 0
-1026.62 0
-1025.12 0
-1023.62 0
-1022.12 0
-1020.62 0
-1019.12 0
-1017.62 0
-1016.12 0
-1014.62 0
-1013.12 0
-1011.62 0
-1010.11 0
-1008.61 0
-1007.11 0
-1005.61 0
-1004.11 0
-1002.61 0
-1001.11 0
-999.608 0
-998.107 0
-996.606 0
-995.105 0
-993.604 0
-992.103 0
-990.603 0
-989.102 0
-987.601 0
-986.1 0
-984.599 0
-983.098 0
-981.597 0
-980.096 0
-978.595 0
-977.094 0
-975.593 0
-974.093 0
-972.592 0
-971.091 0
-969.59 0
-968.089 0
-966.588 0
-965.087 0
-963.586 0
-962.085 0
-960.584 0
-959.083 0
-957.582 0
-956.082 0
-954.581 0
-953.08 0
-951.579 0
-950.078 0
-948.577 0
-947.076 0
-945.575 0
-944.074 0
-942.573 0
-941.072 0
-939.572 0
-938.071 0
-936.57 0
-935.069 0
-933.568 0
-932.067 0
-930.566 0
-929.065 0
-927.564 0
-926.063 0
-924.562 0
-923.061 0
-921.561 0
-920.06 0
-918.559 0
-917.058 0
-915.557 0
-914.056 0
-912.555 0
-911.054 0
-909.553 0
-908.052 0
-906.551 0
-905.051 0
-903.55 0
-902.049 0
-900.548 0
-899.047 0
-897.546 0
-896.045 0
-894.544 0
-893.043 0
-891.542 0
-890.041 0
-888.54 0
-887.04 0
-885.539 0
-884.038 0
-882.537 0
-881.036 0
-879.535 0
-878.034 0
-876.533 0
-875.032 0
-873.531 0
-872.03 0
-870.53 0
-869.029 0
-867.528 0
-866.027 0
-864.526 0
-863.025 0
-861.524 0
-860.023 0
-858.522 0
-857.021 0
-855.52 0
-854.019 0
-852.519 0
-851.018 0
-849.517 0
-848.016 0
-846.515 0
-845.014 0
-843.513 0
-842.012 0
-840.511 0
-839.01 0
-837.509 0
-836.009 0
-834.508 0
-833.007 0
-831.506 0
-830.005 0
-828.504 0
-827.003 0
-825.502 0
-824.001 0
-822.5 0
-820.999 0
-819.498 0
-817.998 0
-816.497 0
-814.996 0
-813.495 0
-811.994 0
-810.493 0
-808.992 0
-807.491 0
-805.99 0
-804.489 0
-802.988 0
-801.488 0
-799.987 0
-798.486 0
-796.985 0
-795.484 0
-793.983 0
-792.482 0
-790.981 0
-789.48 0
-787.979 0
-786.478 0
-784.977 0
-783.477 0
-781.976 0
-780.475 0
-778.974 0
-777.473 0
-775.972 0
-774.471 0
-772.97 0
-771.469 0
-769.968 0
-768.467 0
-766.967 0
-765.466 0
-763.965 0
-762.464 0
-760.963 0
-759.462 0
-757.961 0
-756.46 0
-754.959 0
-753.458 0
-751.957 0
-750.456 0
-748.956 0
-747.455 0
-745.954 0
-744.453 0
-742.952 0
-741.451 0
-739.95 0
-738.449 0
-736.948 0
-735.447 0
-733.946 0
-732.446 0
-730.945 0
-729.444 0
-727.943 0
-726.442 0
-724.941 0
-723.44 0
-721.939 0
-720.438 0
-718.937 0
-717.436 0
-715.935 0
-714.435 0
-712.934 0
-711.433 0
-709.932 0
-708.431 0
-706.93 0
-705.429 0
-703.928 0
-702.427 0
-700.926 0
-699.425 0
-697.925 0
-696.424 0
-694.923 0
-693.422 0
-691.921 0
-690.42 0
-688.919 0
-687.418 0
-685.917 0
-684.416 0
-682.915 0
-681.414 0
-679.914 0
-678.413 0
-676.912 0
-675.411 0
-673.91 0
-672.409 0
-670.908 0
-669.407 0
-667.906 0
-666.405 0
-664.904 0
-663.404 0
-661.903 0
-660.402 0
-658.901 0
-657.4 0
-655.899 0
-654.398 0
-652.897 0
-651.396 0
-649.895 0
-648.394 0
-646.893 0
-645.393 0
-643.892 0
-642.391 0
-640.89 0
-639.389 0
-637.888 0
-636.387 0
-634.886 0
-633.385 0
-631.884 0
-630.383 0
-628.883 0
-627.382 0
-625.881 0
-624.38 0
-622.879 0
-621.378 0
-619.877 0
-618.376 0
-616.875 0
-615.374 0
-613.873 0
-612.372 0
-610.872 0
-609.371 0
-607.87 0
-606.369 0
-604.868 0
-603.367 0
-601.866 0
-600.365 0
-598.864 0
-597.363 0
-595.862 0
-594.362 0
-592.861 0
-591.36 0
-589.859 0
-588.358 0
-586.857 0
-585.356 0
-583.855 0
-582.354 0
-580.853 0
-579.352 0
-577.851 0
-576.351 0
-574.85 0
-573.349 0
-571.848 0
-570.347 0
-568.846 0
-567.345 0
-565.844 0
-564.343 0
-562.842 0
-561.341 0
-559.841 0
-558.34 0
-556.839 0
-555.338 0
-553.837 0
-552.336 0
-550.835 0
-549.334 0
-547.833 0
-546.332 0
-544.831 0
-543.33 0
-541.83 0
-540.329 0
-538.828 0
-537.327 0
-535.826 0
-534.325 0
-532.824 0
-531.323 0
-529.822 0
-528.321 0
-526.82 0
-525.32 0
-523.819 0
-522.318 0
-520.817 0
-519.316 0
-517.815 0
-516.314 0
-514.813 0
-513.312 0
-511.811 0
-510.31 0
-508.809 0
-507.309 0
-505.808 0
-504.307 0
-502.806 0
-501.305 0
-499.804 0
-498.303 0
-496.802 0
-495.301 0
-493.8 6.02577e-05
-492.299 6.02577e-05
-490.799 5.84983e-05
-489.298 5.89382e-05
-487.797 6.02577e-05
-486.296 5.76186e-05
-484.795 5.71788e-05
-483.294 5.40999e-05
-481.793 5.23406e-05
-480.292 5.54195e-05
-478.791 5.45398e-05
-477.29 5.49796e-05
-475.789 5.58593e-05
-474.288 5.58593e-05
-472.788 5.6739e-05
-471.287 5.9378e-05
-469.786 5.80585e-05
-468.285 5.9378e-05
-466.784 5.84983e-05
-465.283 5.6739e-05
-463.782 5.54195e-05
-462.281 5.27804e-05
-460.78 5.27804e-05
-459.279 5.14609e-05
-457.778 5.01414e-05
-456.278 5.19008e-05
-454.777 5.10211e-05
-453.276 5.05812e-05
-451.775 4.97016e-05
-450.274 5.14609e-05
-448.773 5.49796e-05
-447.272 5.49796e-05
-445.771 5.6739e-05
-444.27 5.71788e-05
-442.769 5.9378e-05
-441.268 5.45398e-05
-439.767 5.40999e-05
-438.267 5.45398e-05
-436.766 5.49796e-05
-435.265 5.49796e-05
-433.764 5.54195e-05
-432.263 5.54195e-05
-430.762 5.49796e-05
-429.261 5.45398e-05
-427.76 5.45398e-05
-426.259 5.10211e-05
-424.758 5.23406e-05
-423.257 4.88219e-05
-421.757 5.10211e-05
-420.256 5.23406e-05
-418.755 5.19008e-05
-417.254 5.14609e-05
-415.753 5.19008e-05
-414.252 5.10211e-05
-412.751 5.10211e-05
-411.25 5.14609e-05
-409.749 5.19007e-05
-408.248 5.01414e-05
-406.747 5.10211e-05
-405.246 5.27804e-05
-403.746 5.19008e-05
-402.245 5.05812e-05
-400.744 5.14609e-05
-399.243 5.32203e-05
-397.742 5.27804e-05
-396.241 5.27804e-05
-394.74 5.45398e-05
-393.239 5.58593e-05
-391.738 5.58593e-05
-390.237 5.49796e-05
-388.736 5.14609e-05
-387.236 5.19008e-05
-385.735 5.14609e-05
-384.234 5.14609e-05
-382.733 5.19008e-05
-381.232 5.19008e-05
-379.731 5.05812e-05
-378.23 5.32203e-05
-376.729 5.40999e-05
-375.228 5.36601e-05
-373.727 5.84983e-05
-372.226 5.89381e-05
-370.725 5.62991e-05
-369.225 5.6739e-05
-367.724 5.62991e-05
-366.223 5.27804e-05
-364.722 5.14609e-05
-363.221 5.40999e-05
-361.72 5.54195e-05
-360.219 5.32203e-05
-358.718 4.88219e-05
-357.217 5.27804e-05
-355.716 5.40999e-05
-354.215 5.36601e-05
-352.715 5.23406e-05
-351.214 5.23406e-05
-349.713 5.23406e-05
-348.212 5.49796e-05
-346.711 5.49796e-05
-345.21 5.58593e-05
-343.709 5.80585e-05
-342.208 5.9378e-05
-340.707 6.11373e-05
-339.206 6.24568e-05
-337.705 6.42162e-05
-336.205 6.50959e-05
-334.704 6.4656e-05
-333.203 6.59755e-05
-331.702 6.72951e-05
-330.201 6.68552e-05
-328.7 6.55357e-05
-327.199 6.55357e-05
-325.698 6.77349e-05
-324.197 6.81747e-05
-322.696 7.08138e-05
-321.195 6.99341e-05
-319.694 6.99341e-05
-318.194 7.21333e-05
-316.693 7.52121e-05
-315.192 7.65316e-05
-313.691 8.00503e-05
-312.19 8.22495e-05
-310.689 8.22495e-05
-309.188 8.6208e-05
-307.687 8.48885e-05
-306.186 8.48885e-05
-304.685 8.44487e-05
-303.184 8.97267e-05
-301.684 8.88471e-05
-300.183 8.88471e-05
-298.682 8.97267e-05
-297.181 9.23658e-05
-295.68 9.36853e-05
-294.179 9.63243e-05
-292.678 9.80836e-05
-291.177 0.000101162
-289.676 0.000102042
-288.175 0.000105121
-286.674 0.00010732
-285.173 0.000105121
-283.673 0.000106441
-282.172 0.0001082
-280.671 0.00010732
-279.17 0.000106001
-277.669 0.00010776
-276.168 0.00010908
-274.667 0.00010776
-273.166 0.00010864
-271.665 0.000109519
-270.164 0.000110839
-268.663 0.000113918
-267.163 0.000117436
-265.662 0.000119636
-264.161 0.000117876
-262.66 0.000117876
-261.159 0.000117436
-259.658 0.000119636
-258.157 0.000120955
-256.656 0.000122714
-255.155 0.000126233
-253.654 0.000124034
-252.153 0.000123594
-250.652 0.000124474
-249.152 0.000124914
-247.651 0.000126233
-246.15 0.000127993
-244.649 0.000131951
-243.148 0.00013503
-241.647 0.000138549
-240.146 0.000139868
-238.645 0.000146466
-237.144 0.000151304
-235.643 0.000153943
-234.142 0.000157022
-232.642 0.0001623
-231.141 0.000168458
-229.64 0.000170657
-228.139 0.000174615
-226.638 0.000184731
-225.137 0.000193088
-223.636 0.000199246
-222.135 0.000207163
-220.634 0.000217279
-219.133 0.000229155
-217.632 0.00024367
-216.131 0.000255105
-214.631 0.00026962
-213.13 0.000285894
-211.629 0.000300848
-210.128 0.000319321
-208.627 0.000337355
-207.126 0.000356708
-205.625 0.000380459
-204.124 0.00040289
-202.623 0.000427081
-201.122 0.000453472
-199.621 0.000482941
-198.121 0.00051285
-196.62 0.000542759
-195.119 0.000577066
-193.618 0.000614452
-192.117 0.000649639
-190.616 0.000684386
-189.115 0.000724411
-187.614 0.000766196
-186.113 0.000810179
-184.612 0.000855482
-183.111 0.000901225
-181.61 0.000948288
-180.11 0.000994911
-178.609 0.00104285
-177.108 0.00109299
-175.607 0.00114577
-174.106 0.00120075
-172.605 0.00125397
-171.104 0.00130544
-169.603 0.00136173
-168.102 0.00141847
-166.601 0.00147345
-165.1 0.00152667
-163.6 0.00157989
-162.099 0.00163047
-160.598 0.00168238
-159.097 0.00173164
-157.596 0.00178002
-156.095 0.00182532
-154.594 0.00186887
-153.093 0.00191329
-151.592 0.00195551
-150.091 0.00199554
-148.59 0.00203336
-147.089 0.00206899
-145.589 0.00210286
-144.088 0.00213761
-142.587 0.00217015
-141.086 0.00219654
-139.585 0.00222733
-138.084 0.00225284
-136.583 0.0022722
-135.082 0.00229331
-133.581 0.00230826
-132.08 0.0023263
-130.579 0.00234037
-129.079 0.00235093
-127.578 0.00235489
-126.077 0.00235533
-124.576 0.00235621
-123.075 0.00235357
-121.574 0.00235005
-120.073 0.00234169
-118.572 0.00233289
-117.071 0.00232014
-115.57 0.00230562
-114.069 0.00229551
-112.568 0.00227967
-111.068 0.00226296
-109.567 0.00224229
-108.066 0.00222469
-106.565 0.00220226
-105.064 0.00217851
-103.563 0.00215784
-102.062 0.00213321
-100.561 0.00211166
-99.0603 0.00208922
-97.5593 0.00206679
-96.0584 0.00204392
-94.5575 0.00202589
-93.0566 0.0020061
-91.5557 0.00198938
-90.0548 0.00197355
-88.5539 0.00196167
-87.053 0.00195595
-85.552 0.00194936
-84.0511 0.00194188
-82.5502 0.001941
-81.0493 0.00194672
-79.5484 0.001952
-78.0475 0.00196431
-76.5466 0.00197971
-75.0456 0.00199818
-73.5447 0.00202457
-72.0438 0.00204788
-70.5429 0.00208659
-69.042 0.00212573
-67.5411 0.00217147
-66.0402 0.00222073
-64.5393 0.00227659
-63.0383 0.00234301
-61.5374 0.00240635
-60.0365 0.002482
-58.5356 0.00256029
-57.0347 0.00264386
-55.5338 0.00272963
-54.0329 0.00282023
-52.532 0.0029148
-51.031 0.003012
-49.5301 0.00311316
-48.0292 0.00321521
-46.5283 0.00332253
-45.0274 0.00343161
-43.5265 0.00354157
-42.0256 0.00365724
-40.5246 0.00377512
-39.0237 0.0038886
-37.5228 0.00401439
-36.0219 0.00413183
-34.521 0.00425542
-33.0201 0.00438033
-31.5192 0.00449997
-30.0183 0.00462092
-28.5173 0.00473616
-27.0164 0.00484876
-25.5155 0.00496004
-24.0146 0.00506472
-22.5137 0.00516632
-21.0128 0.00526748
-19.5119 0.00536073
-18.011 0.00544738
-16.51 0.00553138
-15.0091 0.00560484
-13.5082 0.00567565
-12.0073 0.00573371
-10.5064 0.00578957
-9.00548 0.00583531
-7.50456 0.00587182
-6.00365 0.00590349
-4.50274 0.00592108
-3.00183 0.00593648
-1.50091 0.00594439
0 0.00594483
1.50091 0.00594
3.00183 0.00592548
4.50274 0.00590129
6.00365 0.00587138
7.50456 0.00583311
9.00548 0.00578517
10.5064 0.00573415
12.0073 0.00566422
13.5082 0.0055956
15.0091 0.00551335
16.51 0.00542099
18.011 0.00532378
19.5119 0.00521954
21.0128 0.0051087
22.5137 0.00499478
24.0146 0.00486943
25.5155 0.00474188
27.0164 0.00461213
28.5173 0.0044749
30.0183 0.00433679
31.5192 0.00419296
33.0201 0.00404782
34.521 0.00390223
36.0219 0.00375269
37.5228 0.00360534
39.0237 0.00345976
40.5246 0.00331505
42.0256 0.00317122
43.5265 0.0030274
45.0274 0.00288797
46.5283 0.0027481
48.0292 0.00261087
49.5301 0.0024776
51.031 0.00234609
52.532 0.00221414
54.0329 0.00209186
55.5338 0.00196871
57.0347 0.00185083
58.5356 0.00173779
60.0365 0.00163575
61.5374 0.00153547
63.0383 0.00144178
64.5393 0.0013591
66.0402 0.001283
67.5411 0.00121351
69.042 0.00114797
70.5429 0.00109431
72.0438 0.00104637
73.5447 0.00100415
75.0456 0.00096984
76.5466 0.00094081
78.0475 0.000921897
79.5484 0.000906503
81.0493 0.000899466
82.5502 0.000894628
84.0511 0.000899026
85.552 0.000909142
87.053 0.000919258
88.5539 0.000934653
90.0548 0.000957964
91.5557 0.000979077
93.0566 0.00100811
94.5575 0.00104197
96.0584 0.00107716
97.5593 0.00111455
99.0603 0.00115809
100.561 0.00120163
102.062 0.00124694
103.563 0.00129268
105.064 0.0013415
106.565 0.00138944
108.066 0.00144134
109.567 0.00149149
111.068 0.00154295
112.568 0.00159221
114.069 0.00164147
115.57 0.00168501
117.071 0.00172724
118.572 0.0017677
120.073 0.00180245
121.574 0.00183588
123.075 0.00186403
124.576 0.00188558
126.077 0.00190933
127.578 0.00192385
129.079 0.00193572
130.579 0.00194408
132.08 0.00194804
133.581 0.00194848
135.082 0.00194364
136.583 0.0019344
138.084 0.00191989
139.585 0.00190141
141.086 0.00187634
142.587 0.00184907
144.088 0.00181389
145.589 0.00177562
147.089 0.00173076
148.59 0.00168677
150.091 0.00163795
151.592 0.00158781
153.093 0.00152975
154.594 0.00147521
156.095 0.00141627
157.596 0.00135866
159.097 0.00130016
160.598 0.00124078
162.099 0.00118052
163.6 0.00111894
165.1 0.00106177
166.601 0.00100239
168.102 0.000939491
169.603 0.000883192
171.104 0.000824694
172.605 0.000763117
174.106 0.000705058
175.607 0.000649639
177.108 0.000595099
178.609 0.000543198
180.11 0.000492177
181.61 0.000446434
183.111 0.000401571
184.612 0.000359786
186.113 0.000318002
187.614 0.000282375
189.115 0.000248068
190.616 0.000212881
192.117 0.000182972
193.618 0.000150424
195.119 0.000126233
196.62 9.94031e-05
198.121 7.65316e-05
199.621 5.58593e-05
201.122 3.95853e-05
202.623 2.46309e-05
204.124 1.40748e-05
205.625 7.47722e-06
207.126 7.47721e-06
208.627 0
210.128 0
211.629 2.63904e-06
213.13 2.63904e-06
214.631 7.47724e-06
216.131 1.36349e-05
217.632 1.93528e-05
219.133 3.03488e-05
220.634 3.87057e-05
222.135 4.97016e-05
223.636 6.37764e-05
225.137 7.43324e-05
226.638 8.84072e-05
228.139 0.000104241
229.64 0.000118316
231.141 0.000132391
232.642 0.000148665
234.142 0.000164499
235.643 0.000181213
237.144 0.000195727
238.645 0.000210682
240.146 0.000222118
241.647 0.000241471
243.148 0.000251587
244.649 0.000262143
246.15 0.000275338
247.651 0.000284574
249.152 0.000293371
250.652 0.000300848
252.153 0.000303927
253.654 0.000311844
255.155 0.000314923
256.656 0.000317562
258.157 0.000318442
259.658 0.000318442
261.159 0.000319761
262.66 0.000314923
264.161 0.000312284
265.662 0.000306566
267.163 0.000301288
268.663 0.000292052
270.164 0.000285014
271.665 0.000274458
273.166 0.000266981
274.667 0.000255985
276.168 0.000245869
277.669 0.000235753
279.17 0.000222557
280.671 0.000213321
282.172 0.000203205
283.673 0.000193088
285.173 0.000182972
286.674 0.000171976
288.175 0.0001623
289.676 0.000151744
291.177 0.000140748
292.678 0.000131511
294.179 0.000119196
295.68 0.000111719
297.181 0.000101602
298.682 9.50048e-05
300.183 8.57682e-05
301.684 7.87308e-05
303.184 7.08137e-05
304.685 6.24568e-05
306.186 5.80585e-05
307.687 4.92617e-05
309.188 4.53032e-05
310.689 4.13447e-05
312.19 3.73861e-05
313.691 3.60666e-05
315.192 3.43073e-05
316.693 3.34276e-05
318.194 3.34276e-05
319.694 3.21081e-05
321.195 3.43073e-05
322.696 3.60666e-05
324.197 3.7826e-05
325.698 4.09048e-05
327.199 4.44235e-05
328.7 4.66227e-05
330.201 5.05812e-05
331.702 5.23406e-05
333.203 5.40999e-05
334.704 5.9378e-05
336.205 6.28967e-05
337.705 6.81747e-05
339.206 7.34528e-05
340.707 7.96105e-05
342.208 8.44487e-05
343.709 8.66479e-05
345.21 9.19259e-05
346.711 9.89633e-05
348.212 0.000104241
349.713 0.000109959
351.214 0.000114358
352.715 0.000120075
354.215 0.000124474
355.716 0.000125354
357.217 0.00013415
358.718 0.000138988
360.219 0.000139428
361.72 0.000138988
363.221 0.000142067
364.722 0.000143387
366.223 0.000142507
367.724 0.000141188
369.225 0.000139428
370.725 0.000139868
372.226 0.000140748
373.727 0.000138549
375.228 0.000136789
376.729 0.000137229
378.23 0.00013591
379.731 0.000133271
381.232 0.000127553
382.733 0.000127113
384.234 0.000124474
385.735 0.000121835
387.236 0.000117876
388.736 0.000113478
390.237 0.00010776
391.738 0.000103362
393.239 0.000101602
394.74 0.000100283
396.241 9.54446e-05
397.742 9.28056e-05
399.243 8.75276e-05
400.744 8.70877e-05
402.245 7.87308e-05
403.746 7.65316e-05
405.246 7.25731e-05
406.747 7.16934e-05
408.248 6.64154e-05
409.749 6.24569e-05
411.25 6.02577e-05
412.751 5.71788e-05
414.252 5.80585e-05
415.753 5.6739e-05
417.254 5.6739e-05
418.755 5.80585e-05
420.256 5.6739e-05
421.757 5.45398e-05
423.257 5.32203e-05
424.758 5.27804e-05
426.259 5.14609e-05
427.76 5.05812e-05
429.261 5.10211e-05
430.762 5.05812e-05
432.263 5.01414e-05
433.764 4.79422e-05
435.265 5.01414e-05
436.766 4.97016e-05
438.267 5.19008e-05
439.767 5.40999e-05
441.268 5.45398e-05
442.769 5.71788e-05
444.27 6.02577e-05
445.771 6.2017e-05
447.272 6.50959e-05
448.773 6.68552e-05
450.274 6.99341e-05
451.775 6.59755e-05
453.276 6.72951e-05
454.777 6.94942e-05
456.278 6.94942e-05
457.778 7.08138e-05
459.279 7.38926e-05
460.78 7.5652e-05
462.281 7.69715e-05
463.782 7.91707e-05
465.283 8.04902e-05
466.784 8.18097e-05
468.285 8.22495e-05
469.786 8.31292e-05
471.287 8.40089e-05
472.788 8.48885e-05
474.288 8.48885e-05
475.789 8.53284e-05
477.29 8.57682e-05
478.791 8.53284e-05
480.292 8.3569e-05
481.793 8.31292e-05
483.294 8.093e-05
484.795 8.22495e-05
486.296 8.00503e-05
487.797 7.47723e-05
489.298 7.47723e-05
490.799 7.25731e-05
492.299 7.16934e-05
493.8 7.16934e-05
495.301 0
496.802 0
498.303 0
499.804 0
501.305 0
502.806 0
504.307 0
505.808 0
507.309 0
508.809 0
510.31 0
511.811 0
513.312 0
514.813 0
516.314 0
517.815 0
519.316 0
520.817 0
522.318 0
523.819 0
525.32 0
526.82 0
528.321 0
529.822 0
531.323 0
532.824 0
534.325 0
535.826 0
537.327 0
538.828 0
540.329 0
541.83 0
543.33 0
544.831 0
546.332 0
547.833 0
549.334 0
550.835 0
552.336 0
553.837 0
555.338 0
556.839 0
558.34 0
559.841 0
561.341 0
562.842 0
564.343 0
565.844 0
567.345 0
568.846 0
570.347 0
571.848 0
573.349 0
574.85 0
576.351 0
577.851 0
579.352 0
580.853 0
582.354 0
583.855 0
585.356 0
586.857 0
588.358 0
589.859 0
591.36 0
592.861 0
594.362 0
595.862 0
597.363 0
598.864 0
600.365 0
601.866 0
603.367 0
604.868 0
606.369 0
607.87 0
609.371 0
610.872 0
612.372 0
613.873 0
615.374 0
616.875 0
618.376 0
619.877 0
621.378 0
622.879 0
624.38 0
625.881 0
627.382 0
628.883 0
630.383 0
631.884 0
633.385 0
634.886 0
636.387 0
637.888 0
639.389 0
640.89 0
642.391 0
643.892 0
645.393 0
646.893 0
648.394 0
649.895 0
651.396 0
652.897 0
654.398 0
655.899 0
657.4 0
658.901 0
660.402 0
661.903 0
663.404 0
664.904 0
666.405 0
667.906 0
669.407 0
670.908 0
672.409 0
673.91 0
675.411 0
676.912 0
678.413 0
679.914 0
681.414 0
682.915 0
684.416 0
685.917 0
687.418 0
688.919 0
690.42 0
691.921 0
693.422 0
694.923 0
696.424 0
697.925 0
699.425 0
700.926 0
702.427 0
703.928 0
705.429 0
706.93 0
708.431 0
709.932 0
711.433 0
712.934 0
714.435 0
715.935 0
717.436 0
718.937 0
720.438 0
721.939 0
723.44 0
724.941 0
726.442 0
727.943 0
729.444 0
730.945 0
732.446 0
733.946 0
735.447 0
736.948 0
738.449 0
739.95 0
741.451 0
742.952 0
744.453 0
745.954 0
747.455 0
748.956 0
750.456 0
751.957 0
753.458 0
754.959 0
756.46 0
757.961 0
759.462 0
760.963 0
762.464 0
763.965 0
765.466 0
766.967 0
768.467 0
769.968 0
771.469 0
772.97 0
774.471 0
775.972 0
777.473 0
778.974 0
780.475 0
781.976 0
783.477 0
784.977 0
786.478 0
787.979 0
789.48 0
790.981 0
792.482 0
793.983 0
795.484 0
796.985 0
798.486 0
799.987 0
801.488 0
802.988 0
804.489 0
805.99 0
807.491 0
808.992 0
810.493 0
811.994 0
813.495 0
814.996 0
816.497 0
817.998 0
819.498 0
820.999 0
822.5 0
824.001 0
825.502 0
827.003 0
828.504 0
830.005 0
831.506 0
833.007 0
834.508 0
836.009 0
837.509 0
839.01 0
840.511 0
842.012 0
843.513 0
845.014 0
846.515 0
848.016 0
849.517 0
851.018 0
852.519 0
854.019 0
855.52 0
857.021 0
858.522 0
860.023 0
861.524 0
863.025 0
864.526 0
866.027 0
867.528 0
869.029 0
870.53 0
872.03 0
873.531 0
875.032 0
876.533 0
878.034 0
879.535 0
881.036 0
882.537 0
884.038 0
885.539 0
887.04 0
888.54 0
890.041 0
891.542 0
893.043 0
894.544 0
896.045 0
897.546 0
899.047 0
900.548 0
902.049 0
903.55 0
905.051 0
906.551 0
908.052 0
909.553 0
911.054 0
912.555 0
914.056 0
915.557 0
917.058 0
918.559 0
920.06 0
921.561 0
923.061 0
924.562 0
926.063 0
927.564 0
929.065 0
930.566 0
932.067 0
933.568 0
935.069 0
936.57 0
938.071 0
939.572 0
941.072 0
942.573 0
944.074 0
945.575 0
947.076 0
948.577 0
950.078 0
951.579 0
953.08 0
954.581 0
956.082 0
957.582 0
959.083 0
960.584 0
962.085 0
963.586 0
965.087 0
966.588 0
968.089 0
969.59 0
971.091 0
972.592 0
974.093 0
975.593 0
977.094 0
978.595 0
980.096 0
981.597 0
983.098 0
984.599 0
986.1 0
987.601 0
989.102 0
990.603 0
992.103 0
993.604 0
995.105 0
996.606 0
998.107 0
999.608 0
1001.11 0
1002.61 0
1004.11 0
1005.61 0
1007.11 0
1008.61 0
1010.11 0
1011.62 0
1013.12 0
1014.62 0
1016.12 0
1017.62 0
1019.12 0
1020.62 0
1022.12 0
1023.62 0
1025.12 0
1026.62 0
1028.13 0
1029.63 0
1031.13 0
1032.63 0
1034.13 0
1035.63 0
1037.13 0
1038.63 0
1040.13 0
1041.63 0
1043.13 0
1044.64 0
1046.14 0
1047.64 0
1049.14 0
1050.64 0
1052.14 0
1053.64 0
1055.14 0
1056.64 0
1058.14 0
1059.64 0
1061.15 0
1062.65 0
1064.15 0
1065.65 0
1067.15 0
1068.65 0
1070.15 0
1071.65 0
1073.15 0
1074.65 0
1076.15 0
1077.66 0
1079.16 0
1080.66 0
1082.16 0
1083.66 0
1085.16 0
1086.66 0
1088.16 0
1089.66 0
1091.16 0
1092.66 0
1094.17 0
1095.67 0
1097.17 0
1098.67 0
1100.17 0
1101.67 0
1103.17 0
1104.67 0
1106.17 0
1107.67 0
1109.17 0
1110.68 0
1112.18 0
1113.68 0
1115.18 0
1116.68 0
1118.18 0
1119.68 0
1121.18 0
1122.68 0
1124.18 0
1125.68 0
1127.19 0
1128.69 0
1130.19 0
1131.69 0
1133.19 0
1134.69 0
1136.19 0
1137.69 0
1139.19 0
1140.69 0
1142.19 0
1143.7 0
1145.2 0
1146.7 0
1148.2 0
1149.7 0
1151.2 0
1152.7 0
1154.2 0
1155.7 0
1157.2 0
1158.7 0
1160.21 0
1161.71 0
1163.21 0
1164.71 0
1166.21 0
1167.71 0
1169.21 0
1170.71 0
1172.21 0
1173.71 0
1175.21 0
1176.72 0
1178.22 0
1179.72 0
1181.22 0
1182.72 0
1184.22 0
1185.72 0
1187.22 0
1188.72 0
1190.22 0
1191.72 0
1193.23 0
1194.73 0
1196.23 0
1197.73 0
1199.23 0
1200.73 0
1202.23 0
1203.73 0
1205.23 0
1206.73 0
1208.23 0
1209.74 0
1211.24 0
1212.74 0
1214.24 0
1215.74 0
1217.24 0
1218.74 0
1220.24 0
1221.74 0
1223.24 0
1224.74 0
1226.25 0
1227.75 0
1229.25 0
1230.75 0
1232.25 0
1233.75 0
1235.25 0
1236.75 0
1238.25 0
1239.75 0
1241.26 0
1242.76 0
1244.26 0
1245.76 0
1247.26 0
1248.76 0
1250.26 0
1251.76 0
1253.26 0
1254.76 0
1256.26 0
1257.77 0
1259.27 0
1260.77 0
1262.27 0
1263.77 0
1265.27 0
1266.77 0
1268.27 0
1269.77 0
1271.27 0
1272.77 0
1274.28 0
1275.78 0
1277.28 0
1278.78 0
1280.28 0
1281.78 0
1283.28 0
1284.78 0
1286.28 0
1287.78 0
1289.28 0
1290.79 0
1292.29 0
1293.79 0
1295.29 0
1296.79 0
1298.29 0
1299.79 0
1301.29 0
1302.79 0
1304.29 0
1305.79 0
1307.3 0
1308.8 0
1310.3 0
1311.8 0
1313.3 0
1314.8 0
1316.3 0
1317.8 0
1319.3 0
1320.8 0
1322.3 0
1323.81 0
1325.31 0
1326.81 0
1328.31 0
1329.81 0
1331.31 0
1332.81 0
1334.31 0
1335.81 0
1337.31 0
1338.81 0
1340.32 0
1341.82 0
1343.32 0
1344.82 0
1346.32 0
1347.82 0
1349.32 0
1350.82 0
1352.32 0
1353.82 0
1355.32 0
1356.83 0
1358.33 0
1359.83 0
1361.33 0
1362.83 0
1364.33 0
1365.83 0
1367.33 0
1368.83 0
1370.33 0
1371.83 0
1373.34 0
1374.84 0
1376.34 0
1377.84 0
1379.34 0
1380.84 0
1382.34 0
1383.84 0
1385.34 0
1386.84 0
1388.34 0
1389.85 0
1391.35 0
1392.85 0
1394.35 0
1395.85 0
1397.35 0
1398.85 0
1400.35 0
1401.85 0
1403.35 0
1404.85 0
1406.36 0
1407.86 0
1409.36 0
1410.86 0
1412.36 0
1413.86 0
1415.36 0
1416.86 0
1418.36 0
1419.86 0
1421.36 0
1422.87 0
1424.37 0
1425.87 0
1427.37 0
1428.87 0
1430.37 0
1431.87 0
1433.37 0
1434.87 0
1436.37 0
1437.87 0
1439.38 0
1440.88 0
1442.38 0
1443.88 0
1445.38 0
1446.88 0
1448.38 0
1449.88 0
1451.38 0
1452.88 0
1454.38 0
1455.89 0
1457.39 0
1458.89 0
1460.39 0
1461.89 0
1463.39 0
1464.89 0
1466.39 0
1467.89 0
1469.39 0
1470.89 0
1472.4 0
1473.9 0
1475.4 0
1476.9 0
1478.4 0
1479.9 0
1481.4 0
1482.9 0
1484.4 0
1485.9 0
1487.4 0
1488.91 0
1490.41 0
1491.91 0
1493.41 0
1494.91 0
1496.41 0
1497.91 0
1499.41 0
1500.91 0
1502.41 0
1503.91 0
1505.42 0
1506.92 0
1508.42 0
1509.92 0
1511.42 0
1512.92 0
1514.42 0
1515.92 0
1517.42 0
1518.92 0
1520.42 0
1521.93 0
1523.43 0
1524.93 0
1526.43 0
1527.93 0
1529.43 0
1530.93 0
1532.43 0
1533.93 0
1535.43 0
1536.93 0
1538.44 0
1539.94 0
1541.44 0
1542.94 0
1544.44 0
1545.94 0
1547.44 0
1548.94 0
1550.44 0
1551.94 0
1553.44 0
1554.95 0
1556.45 0
1557.95 0
1559.45 0
1560.95 0
1562.45 0
1563.95 0
1565.45 0
1566.95 0
1568.45 0
1569.95 0
1571.46 0
1572.96 0
1574.46 0
1575.96 0
