-1574.67 0
-1573.17 0
-1571.67 0
-1570.17 0
-1568.67 0
-1567.17 0
-1565.67 0
-1564.16 0
-1562.66 0
-1561.16 0
-1559.66 0
-1558.16 0
-1556.66 0
-1555.16 0
-1553.66 0
-1552.15 0
-1550.65 0
-1549.15 0
-1547.65 0
-1546.15 0
-1544.65 0
-1543.15 0
-1541.65 0
-1540.15 0
-1538.64 0
-1537.14 0
-1535.64 0
-1534.14 0
-1532.64 0
-1531.14 0
-1529.64 0
-1528.14 0
-1526.64 0
-1525.13 0
-1523.63 0
-1522.13 0
-1520.63 0
-1519.13 0
-1517.63 0
-1516.13 0
-1514.63 0
-1513.13 0
-1511.62 0
-1510.12 0
-1508.62 0
-1507.12 0
-1505.62 0
-1504.12 0
-1502.62 0
-1501.12 0
-1499.62 0
-1498.11 0
-1496.61 0
-1495.11 0
-1493.61 0
-1492.11 0
-1490.61 0
-1489.11 0
-1487.61 0
-1486.11 0
-1484.6 0
-1483.1 0
-1481.6 0
-1480.1 0
-1478.6 0
-1477.1 0
-1475.6 0
-1474.1 0
-1472.6 0
-1471.09 0
-1469.59 0
-1468.09 0
-1466.59 0
-1465.09 0
-1463.59 0
-1462.09 0
-1460.59 0
-1459.09 0
-1457.58 0
-1456.08 0
-1454.58 0
-1453.08 0
-1451.58 0
-1450.08 0
-1448.58 0
-1447.08 0
-1445.58 0
-1444.07 0
-1442.57 0
-1441.07 0
-1439.57 0
-1438.07 0
-1436.57 0
-1435.07 0
-1433.57 0
-1432.07 0
-1430.56 0
-1429.06 0
-1427.56 0
-1426.06 0
-1424.56 0
-1423.06 0
-1421.56 0
-1420.06 0
-1418.56 0
-1417.05 0
-1415.55 0
-1414.05 0
-1412.55 0
-1411.05 0
-1409.55 0
-1408.05 0
-1406.55 0
-1405.05 0
-1403.54 0
-1402.04 0
-1400.54 0
-1399.04 0
-1397.54 0
-1396.04 0
-1394.54 0
-1393.04 0
-1391.54 0
-1390.03 0
-1388.53 0
-1387.03 0
-1385.53 0
-1384.03 0
-1382.53 0
-1381.03 0
-1379.53 0
-1378.03 0
-1376.52 0
-1375.02 0
-1373.52 0
-1372.02 0
-1370.52 0
-1369.02 0
-1367.52 0
-1366.02 0
-1364.52 0
-1363.01 0
-1361.51 0
-1360.01 0
-1358.51 0
-1357.01 0
-1355.51 0
-1354.01 0
-1352.51 0
-1351.01 0
-1349.5 0
-1348 0
-1346.5 0
-1345 0
-1343.5 0
-1342 0
-1340.5 0
-1339 0
-1337.5 0
-1335.99 0
-1334.49 0
-1332.99 0
-1331.49 0
-1329.99 0
-1328.49 0
-1326.99 0
-1325.49 0
-1323.99 0
-1322.48 0
-1320.98 0
-1319.48 0
-1317.98 0
-1316.48 0
-1314.98 0
-1313.48 0
-1311.98 0
-1310.48 0
-1308.97 0
-1307.47 0
-1305.97 0
-1304.47 0
-1302.97 0
-1301.47 0
-1299.97 0
-1298.47 0
-1296.97 0
-1295.46 0
-1293.96 0
-1292.46 0
-1290.96 0
-1289.46 0
-1287.96 0
-1286.46 0
-1284.96 0
-1283.46 0
-1281.95 0
-1280.45 0
-1278.95 0
-1277.45 0
-1275.95 0
-1274.45 0
-1272.95 0
-1271.45 0
-1269.94 0
-1268.44 0
-1266.94 0
-1265.44 0
-1263.94 0
-1262.44 0
-1260.94 0
-1259.44 0
-1257.94 0
-1256.43 0
-1254.93 0
-1253.43 0
-1251.93 0
-1250.43 0
-1248.93 0
-1247.43 0
-1245.93 0
-1244.43 0
-1242.92 0
-1241.42 0
-1239.92 0
-1238.42 0
-1236.92 0
-1235.42 0
-1233.92 0
-1232.42 0
-1230.92 0
-1229.41 0
-1227.91 0
-1226.41 0
-1224.91 0
-1223.41 0
-1221.91 0
-1220.41 0
-1218.91 0
-1217.41 0
-1215.9 0
-1214.4 0
-1212.9 0
-1211.4 0
-1209.9 0
-1208.4 0
-1206.9 0
-1205.4 0
-1203.9 0
-1202.39 0
-1200.89 0
-1199.39 0
-1197.89 0
-1196.39 0
-1194.89 0
-1193.39 0
-1191.89 0
-1190.39 0
-1188.88 0
-1187.38 0
-1185.88 0
-1184.38 0
-1182.88 0
-1181.38 0
-1179.88 0
-1178.38 0
-1176.88 0
-1175.37 0
-1173.87 0
-1172.37 0
-1170.87 0
-1169.37 0
-1167.87 0
-1166.37 0
-1164.87 0
-1163.37 0
-1161.86 0
-1160.36 0
-1158.86 0
-1157.36 0
-1155.86 0
-1154.36 0
-1152.86 0
-1151.36 0
-1149.86 0
-1148.35 0
-1146.85 0
-1145.35 0
-1143.85 0
-1142.35 0
-1140.85 0
-1139.35 0
-1137.85 0
-1136.35 0
-1134.84 0
-1133.34 0
-1131.84 0
-1130.34 0
-1128.84 0
-1127.34 0
-1125.84 0
-1124.34 0
-1122.84 0
-1121.33 0
-1119.83 0
-1118.33 0
-1116.83 0
-1115.33 0
-1113.83 0
-1112.33 0
-1110.83 0
-1109.33 0
-1107.82 0
-1106.32 0
-1104.82 0
-1103.32 0
-1101.82 0
-1100.32 0
-1098.82 0
-1097.32 0
-1095.82 0
-1094.31 0
-1092.81 0
-1091.31 0
-1089.81 0
-1088.31 0
-1086.81 0
-1085.31 0
-1083.81 0
-1082.31 0
-1080.8 0
-1079.3 0
-1077.8 0
-1076.3 0
-1074.8 0
-1073.3 0
-1071.8 0
-1070.3 0
-1068.8 0
-1067.29 0
-1065.79 0
-1064.29 0
-1062.79 0
-1061.29 0
-1059.79 0
-1058.29 0
-1056.79 0
-1055.29 0
-1053.78 0
-1052.28 0
-1050.78 0
-1049.28 0
-1047.78 0
-1046.28 0
-1044.78 0
-1043.28 0
-1041.78 0
-1040.27 0
-1038.77 0
-1037.27 0
-1035.77 0
-1034.27 0
-1032.77 0
-1031.27 0
-1029.77 0
-1028.27 0
-1026.76 0
-1025.26 0
-1023.76 0
-1022.26 0
-1020.76 0
-1019.26 0
-1017.76 0
-1016.26 0
-1014.76 0
-1013.25 0
-1011.75 0
-1010.25 0
-1008.75 0
-1007.25 0
-1005.75 0
-1004.25 0
-1002.75 0
-1001.25 0
-999.744 0
-998.243 0
-996.742 0
-995.241 0
-993.739 0
-992.238 0
-990.737 0
-989.236 0
-987.735 0
-986.234 0
-984.733 0
-983.232 0
-981.731 0
-980.229 0
-978.728 0
-977.227 0
-975.726 0
-974.225 0
-972.724 0
-971.223 0
-969.722 0
-968.22 0
-966.719 0
-965.218 0
-963.717 0
-962.216 0
-960.715 0
-959.214 0
-957.713 0
-956.212 0
-954.71 0
-953.209 0
-951.708 0
-950.207 0
-948.706 0
-947.205 0
-945.704 0
-944.203 0
-942.701 0
-941.2 0
-939.699 0
-938.198 0
-936.697 0
-935.196 0
-933.695 0
-932.194 0
-930.693 0
-929.191 0
-927.69 0
-926.189 0
-924.688 0
-923.187 0
-921.686 0
-920.185 0
-918.684 0
-917.182 0
-915.681 0
-914.18 0
-912.679 0
-911.178 0
-909.677 0
-908.176 0
-906.675 0
-905.174 0
-903.672 0
-902.171 0
-900.67 0
-899.169 0
-897.668 0
-896.167 0
-894.666 0
-893.165 0
-891.663 0
-890.162 0
-888.661 0
-887.16 0
-885.659 0
-884.158 0
-882.657 0
-881.156 0
-879.655 0
-878.153 0
-876.652 0
-875.151 0
-873.65 0
-872.149 0
-870.648 0
-869.147 0
-867.646 0
-866.145 0
-864.643 0
-863.142 0
-861.641 0
-860.14 0
-858.639 0
-857.138 0
-855.637 0
-854.136 0
-852.634 0
-851.133 0
-849.632 0
-848.131 0
-846.63 0
-845.129 0
-843.628 0
-842.127 0
-840.626 0
-839.124 0
-837.623 0
-836.122 0
-834.621 0
-833.12 0
-831.619 0
-830.118 0
-828.617 0
-827.115 0
-825.614 0
-824.113 0
-822.612 0
-821.111 0
-819.61 0
-818.109 0
-816.608 0
-815.107 0
-813.605 0
-812.104 0
-810.603 0
-809.102 0
-807.601 0
-806.1 0
-804.599 0
-803.098 0
-801.596 0
-800.095 0
-798.594 0
-797.093 0
-795.592 0
-794.091 0
-792.59 0
-791.089 0
-789.588 0
-788.086 0
-786.585 0
-785.084 0
-783.583 0
-782.082 0
-780.581 0
-779.08 0
-777.579 0
-776.077 0
-774.576 0
-773.075 0
-771.574 0
-770.073 0
-768.572 0
-767.071 0
-765.57 0
-764.069 0
-762.567 0
-761.066 0
-759.565 0
-758.064 0
-756.563 0
-755.062 0
-753.561 0
-752.06 0
-750.558 0
-749.057 0
-747.556 0
-746.055 0
-744.554 0
-743.053 0
-741.552 0
-740.051 0
-738.55 0
-737.048 0
-735.547 0
-734.046 0
-732.545 0
-731.044 0
-729.543 0
-728.042 0
-726.541 0
-725.04 0
-723.538 0
-722.037 0
-720.536 0
-719.035 0
-717.534 0
-716.033 0
-714.532 0
-713.031 0
-711.529 0
-710.028 0
-708.527 0
-707.026 0
-705.525 0
-704.024 0
-702.523 0
-701.022 0
-699.521 0
-698.019 0
-696.518 0
-695.017 0
-693.516 0
-692.015 0
-690.514 0
-689.013 0
-687.512 0
-686.01 0
-684.509 0
-683.008 0
-681.507 0
-680.006 0
-678.505 0
-677.004 0
-675.503 0
-674.002 0
-672.5 0
-670.999 0
-669.498 0
-667.997 0
-666.496 0
-664.995 0
-663.494 0
-661.993 0
-660.491 0
-658.99 0
-657.489 0
-655.988 0
-654.487 0
-652.986 0
-651.485 0
-649.984 0
-648.483 0
-646.981 0
-645.48 0
-643.979 0
-642.478 0
-640.977 0
-639.476 0
-637.975 0
-636.474 0
-634.972 0
-633.471 0
-631.97 0
-630.469 0
-628.968 0
-627.467 0
-625.966 0
-624.465 0
-622.964 0
-621.462 0
-619.961 0
-618.46 0
-616.959 0
-615.458 0
-613.957 0
-612.456 0
-610.955 0
-609.453 0
-607.952 0
-606.451 0
-604.95 0
-603.449 0
-601.948 0
-600.447 0
-598.946 0
-597.445 0
-595.943 0
-594.442 0
-592.941 0
-591.44 0
-589.939 0
-588.438 0
-586.937 0
-585.436 0
-583.935 0
-582.433 0
-580.932 0
-579.431 0
-577.93 0
-576.429 0
-574.928 0
-573.427 0
-571.926 0
-570.424 0
-568.923 0
-567.422 0
-565.921 0
-564.42 0
-562.919 0
-561.418 0
-559.917 0
-558.416 0
-556.914 0
-555.413 0
-553.912 0
-552.411 0
-550.91 0
-549.409 0
-547.908 0
-546.407 0
-544.905 0
-543.404 0
-541.903 0
-540.402 0
-538.901 0
-537.4 0
-535.899 0
-534.398 0
-532.897 0
-531.395 0
-529.894 0
-528.393 0
-526.892 0
-525.391 0
-523.89 0
-522.389 0
-520.888 0
-519.386 0
-517.885 0
-516.384 0
-514.883 0
-513.382 0
-511.881 0
-510.38 0
-508.879 0
-507.378 0
-505.876 0
-504.375 0
-502.874 9.55499e-05
-501.373 9.59146e-05
-499.872 9.73734e-05
-498.371 9.99262e-05
-496.87 0.000103573
-495.369 0.000105032
-493.867 0.000106491
-492.366 0.000109408
-490.865 0.000110138
-489.364 0.000111232
-487.863 0.000111961
-486.362 0.000111232
-484.861 0.000113055
-483.36 0.000114514
-481.859 0.000116337
-480.357 0.000117067
-478.856 0.000118161
-477.355 0.000120714
-475.854 0.000121079
-474.353 0.000122173
-472.852 0.000121079
-471.351 0.000121808
-469.85 0.000120714
-468.349 0.000122173
-466.847 0.000122173
-465.346 0.000123631
-463.845 0.00012509
-462.344 0.000127278
-460.843 0.000124725
-459.342 0.000126549
-457.841 0.000128372
-456.34 0.000126914
-454.838 0.000127643
-453.337 0.000128737
-451.836 0.00012509
-450.335 0.000126184
-448.834 0.000127278
-447.333 0.00012582
-445.832 0.00012582
-444.331 0.000125455
-442.83 0.000125455
-441.328 0.000124361
-439.827 0.00012509
-438.326 0.000123996
-436.825 0.00012509
-435.324 0.000123996
-433.823 0.000123267
-432.322 0.000122537
-430.821 0.000121079
-429.319 0.000120349
-427.818 0.000121079
-426.317 0.000118526
-424.816 0.000118161
-423.315 0.000116702
-421.814 0.000115973
-420.313 0.000116702
-418.812 0.000116337
-417.311 0.000115973
-415.809 0.000113785
-414.308 0.000113055
-412.807 0.00011342
-411.306 0.00011342
-409.805 0.000113055
-408.304 0.000110138
-406.803 0.000110138
-405.302 0.00010722
-403.8 0.00010722
-402.299 0.000108314
-400.798 0.000106491
-399.297 0.000106855
-397.796 0.000109408
-396.295 0.000109773
-394.794 0.000109044
-393.293 0.000108679
-391.792 0.000106491
-390.29 0.000106126
-388.789 0.000106126
-387.288 0.00010722
-385.787 0.000105397
-384.286 0.000103573
-382.785 0.000103938
-381.284 0.000104303
-379.783 0.000102479
-378.281 9.95615e-05
-376.78 0.000100656
-375.279 9.99262e-05
-373.778 9.77381e-05
-372.277 9.59146e-05
-370.776 9.37264e-05
-369.275 9.26323e-05
-367.774 9.00795e-05
-366.273 9.22676e-05
-364.771 9.26323e-05
-363.27 9.11736e-05
-361.769 9.19029e-05
-360.268 9.04442e-05
-358.767 8.89854e-05
-357.266 8.86207e-05
-355.765 8.86207e-05
-354.264 8.97148e-05
-352.762 9.00795e-05
-351.261 8.89854e-05
-349.76 8.71619e-05
-348.259 8.93501e-05
-346.758 8.93501e-05
-345.257 8.93501e-05
-343.756 8.71619e-05
-342.255 8.75266e-05
-340.754 8.89854e-05
-339.252 8.67972e-05
-337.751 8.49737e-05
-336.25 8.46091e-05
-334.749 8.38797e-05
-333.248 8.3515e-05
-331.747 8.3515e-05
-330.246 8.24209e-05
-328.745 8.3515e-05
-327.244 8.27856e-05
-325.742 7.95033e-05
-324.241 7.76799e-05
-322.74 7.76799e-05
-321.239 7.69505e-05
-319.738 7.33036e-05
-318.237 7.14801e-05
-316.736 7.25742e-05
-315.235 7.18448e-05
-313.733 7.18448e-05
-312.232 6.85625e-05
-310.731 6.63744e-05
-309.23 6.63744e-05
-307.729 6.74684e-05
-306.228 6.63744e-05
-304.727 6.74684e-05
-303.226 7.00213e-05
-301.725 7.0386e-05
-300.223 7.07507e-05
-298.722 7.00213e-05
-297.221 6.81978e-05
-295.72 6.85625e-05
-294.219 6.81978e-05
-292.718 6.85625e-05
-291.217 6.67391e-05
-289.716 6.52803e-05
-288.214 6.30921e-05
-286.713 6.34568e-05
-285.212 6.05392e-05
-283.711 5.83511e-05
-282.21 5.61629e-05
-280.709 5.61629e-05
-279.208 5.39747e-05
-277.707 5.32454e-05
-276.206 5.2516e-05
-274.704 5.2516e-05
-273.203 5.14219e-05
-271.702 5.17866e-05
-270.201 5.361e-05
-268.7 5.32454e-05
-267.199 5.361e-05
-265.698 5.32454e-05
-264.197 5.39747e-05
-262.695 5.32454e-05
-261.194 5.7257e-05
-259.693 5.61629e-05
-258.192 5.361e-05
-256.691 5.21513e-05
-255.19 5.39747e-05
-253.689 5.06925e-05
-252.188 5.10572e-05
-250.687 5.10572e-05
-249.185 5.21513e-05
-247.684 5.21513e-05
-246.183 5.2516e-05
-244.682 5.361e-05
-243.181 5.14219e-05
-241.68 5.2516e-05
-240.179 5.32454e-05
-238.678 5.54335e-05
-237.176 5.76217e-05
-235.675 5.98099e-05
-234.174 5.90805e-05
-232.673 6.05392e-05
-231.172 6.30921e-05
-229.671 6.52803e-05
-228.17 6.78331e-05
-226.669 6.89272e-05
-225.168 7.11154e-05
-223.666 7.58564e-05
-222.165 8.02327e-05
-220.664 8.20562e-05
-219.163 8.64325e-05
-217.662 9.04442e-05
-216.161 9.55499e-05
-214.66 0.00010102
-213.159 0.000107585
-211.657 0.000114149
-210.156 0.000122537
-208.655 0.000129831
-207.154 0.000140407
-205.653 0.000147337
-204.152 0.000159371
-202.651 0.000170312
-201.15 0.000180888
-199.649 0.000193653
-198.147 0.000205323
-196.646 0.000221369
-195.145 0.000234863
-193.644 0.000253098
-192.143 0.000269874
-190.642 0.000287379
-189.141 0.000308167
-187.64 0.000323484
-186.139 0.000346824
-184.637 0.000369435
-183.136 0.00039387
-181.635 0.000418304
-180.134 0.000443104
-178.633 0.000472279
-177.132 0.000497079
-175.631 0.000527348
-174.13 0.000555065
-172.628 0.000590076
-171.127 0.000617063
-169.626 0.000649156
-168.125 0.000684167
-166.624 0.000717719
-165.123 0.000752729
-163.622 0.000788469
-162.121 0.000826033
-160.62 0.000861408
-159.118 0.000899336
-157.617 0.000935806
-156.116 0.000973734
-154.615 0.00100911
-153.114 0.00104521
-151.613 0.00108387
-150.112 0.00112034
-148.611 0.00115608
-147.109 0.00119255
-145.608 0.00123121
-144.107 0.0012695
-142.606 0.00130524
-141.105 0.00133879
-139.604 0.0013738
-138.103 0.0014121
-136.602 0.0014431
-135.101 0.00147519
-133.599 0.00150911
-132.098 0.00154229
-130.597 0.00157366
-129.096 0.0016032
-127.595 0.00163201
-126.094 0.00166191
-124.593 0.00168708
-123.092 0.0017126
-121.59 0.00174105
-120.089 0.00176804
-118.588 0.00179065
-117.087 0.00181691
-115.586 0.00183915
-114.085 0.00186468
-112.584 0.00188802
-111.083 0.00191209
-109.582 0.00193543
-108.08 0.00195841
-106.579 0.00198357
-105.078 0.00200655
-103.577 0.00203354
-102.076 0.00205542
-100.575 0.00207912
-99.0737 0.00210611
-97.5726 0.00213091
-96.0715 0.00215936
-94.5704 0.00218707
-93.0693 0.00221224
-91.5681 0.00224214
-90.067 0.00227241
-88.5659 0.00230232
-87.0648 0.00233477
-85.5637 0.00236796
-84.0626 0.00240151
-82.5614 0.00243652
-81.0603 0.00247591
-79.5592 0.00251165
-78.0581 0.00254994
-76.557 0.00258641
-75.0558 0.00262543
-73.5547 0.00266665
-72.0536 0.00270786
-70.5525 0.00274907
-69.0514 0.00279356
-67.5503 0.00284061
-66.0491 0.00288546
-64.548 0.0029336
-63.0469 0.0029843
-61.5458 0.00303499
-60.0447 0.00308933
-58.5436 0.0031444
-57.0424 0.00319983
-55.5413 0.00325709
-54.0402 0.00331361
-52.5391 0.00337306
-51.038 0.00343615
-49.5369 0.00349195
-48.0357 0.00355614
-46.5346 0.00361668
-45.0335 0.00367649
-43.5324 0.00373702
-42.0313 0.00379683
-40.5302 0.00386139
-39.029 0.00391828
-37.5279 0.00397809
-36.0268 0.00403826
-34.5257 0.00409479
-33.0246 0.00415168
-31.5235 0.00420821
-30.0223 0.00426328
-28.5212 0.00431652
-27.0201 0.00436977
-25.519 0.00441937
-24.0179 0.00446641
-22.5168 0.00451492
-21.0156 0.00455759
-19.5145 0.00460026
-18.0134 0.00463928
-16.5123 0.00467648
-15.0112 0.00470857
-13.5101 0.00473629
-12.0089 0.00475999
-10.5078 0.00478479
-9.0067 0.00480558
-7.50558 0.0048209
-6.00447 0.00483293
-4.50335 0.0048457
-3.00223 0.00485408
-1.50112 0.00485627
0 0.004857
1.50112 0.00485335
3.00223 0.00484752
4.50335 0.00483877
6.00447 0.00482199
7.50558 0.00480485
9.0067 0.00478406
10.5078 0.00475853
12.0089 0.00472972
13.5101 0.00470055
15.0112 0.00466663
16.5123 0.00463089
18.0134 0.00459333
19.5145 0.00455102
21.0156 0.0045069
22.5168 0.00446313
24.0179 0.0044139
25.519 0.00436284
27.0201 0.0043147
28.5212 0.00425781
30.0223 0.0042042
31.5235 0.00414986
33.0246 0.00409333
34.5257 0.00403461
36.0268 0.0039759
37.5279 0.00392156
39.029 0.00386211
40.5302 0.00380157
42.0313 0.00374395
43.5324 0.00368487
45.0335 0.00362579
46.5346 0.00356452
48.0357 0.00350508
49.5369 0.00344673
51.038 0.00338473
52.5391 0.00332711
54.0402 0.00326949
55.5413 0.00321551
57.0424 0.00316154
58.5436 0.00311011
60.0447 0.00305869
61.5458 0.00301019
63.0469 0.0029646
64.548 0.00291901
66.0491 0.00287343
67.5503 0.00282966
69.0514 0.00278918
70.5525 0.00274834
72.0536 0.00270676
73.5547 0.00266701
75.0558 0.00262835
76.557 0.00259079
78.0581 0.00255396
79.5592 0.00251603
81.0603 0.00248138
82.5614 0.00244601
84.0626 0.00241282
85.5637 0.00238036
87.0648 0.00235009
88.5659 0.00232019
90.067 0.00228919
91.5681 0.00225965
93.0693 0.00223047
94.5704 0.0022064
96.0715 0.00217613
97.5726 0.00214696
99.0737 0.00212143
100.575 0.00209553
102.076 0.00206782
103.577 0.00204047
105.078 0.00201421
106.579 0.00198686
108.08 0.00196169
109.582 0.00193689
111.083 0.00190991
112.584 0.00188802
114.085 0.00186067
115.586 0.00183988
117.087 0.00181581
118.588 0.00179065
120.089 0.00176585
121.59 0.00174105
123.092 0.00171333
124.593 0.00168817
126.094 0.00166045
127.595 0.00163237
129.096 0.00160393
130.597 0.00157402
132.098 0.00154339
133.599 0.00151275
135.101 0.00148066
136.602 0.00144674
138.103 0.00141501
139.604 0.00138438
141.105 0.00135156
142.606 0.00132019
144.107 0.00128737
145.608 0.00125491
147.109 0.00122355
148.611 0.00119182
150.112 0.00116192
151.613 0.00112946
153.114 0.0010981
154.615 0.00106892
156.116 0.00103829
157.617 0.00100437
159.118 0.00097264
160.62 0.000943829
162.121 0.000911007
163.622 0.000879643
165.123 0.000849373
166.624 0.000820927
168.125 0.000791387
169.626 0.00076367
171.127 0.000735589
172.628 0.000709696
174.13 0.000684167
175.631 0.00066192
177.132 0.000637851
178.633 0.000618522
180.134 0.000596275
181.635 0.000573664
183.136 0.000557253
184.637 0.000536466
186.139 0.000518231
187.64 0.000502184
189.141 0.000484679
190.642 0.000468997
192.143 0.00045368
193.644 0.000440916
195.145 0.000429245
196.646 0.000411011
198.147 0.000402258
199.649 0.0003884
201.15 0.000378188
202.651 0.000368341
204.152 0.000360318
205.653 0.000349013
207.154 0.000339166
208.655 0.000331872
210.156 0.000324943
211.657 0.00031619
213.159 0.000308532
214.66 0.000301967
216.161 0.000296861
217.662 0.000288838
219.163 0.000284826
220.664 0.000280085
222.165 0.000273156
223.666 0.000270239
225.168 0.000265498
226.669 0.000261121
228.17 0.000257839
229.671 0.000253463
231.172 0.000248722
232.673 0.000245075
234.174 0.000241063
235.675 0.000235228
237.176 0.000233769
238.678 0.000230852
240.179 0.000229393
241.68 0.000223922
243.181 0.00022137
244.682 0.000218817
246.183 0.000216264
247.684 0.000211888
249.185 0.000208605
250.687 0.000205323
252.188 0.000203135
253.689 0.000202041
255.19 0.000200217
256.691 0.000198759
258.192 0.000198759
259.693 0.0001973
261.194 0.00019657
262.695 0.000193653
264.197 0.000192194
265.698 0.000189276
267.199 0.00018563
268.7 0.0001849
270.201 0.00018563
271.702 0.000183441
273.203 0.000181618
274.704 0.000181983
276.206 0.000177971
277.707 0.000176877
279.208 0.000174324
280.709 0.000170312
282.21 0.000168854
283.711 0.00016703
285.212 0.000165207
286.713 0.000164842
288.214 0.000164477
289.716 0.000163383
291.217 0.00016083
292.718 0.000161924
294.219 0.000159736
295.72 0.000157548
297.221 0.000155725
298.722 0.000154995
300.223 0.000153536
301.725 0.000151348
303.226 0.000148795
304.727 0.000147701
306.228 0.000145148
307.729 0.000144054
309.23 0.00014296
310.731 0.000141137
312.232 0.000139678
313.733 0.000138584
315.235 0.000137854
316.736 0.000133843
318.237 0.000132384
319.738 0.000133843
321.239 0.000131655
322.74 0.000129467
324.241 0.000129831
325.742 0.000126914
327.244 0.000126184
328.745 0.000126184
330.246 0.000125455
331.747 0.000123996
333.248 0.000122537
334.749 0.000120714
336.25 0.000119984
337.751 0.000118161
339.252 0.000116337
340.754 0.000114879
342.255 0.000113785
343.756 0.000112691
345.257 0.000110138
346.758 0.000108679
348.259 0.00010795
349.76 0.00010795
351.261 0.000109044
352.762 0.00010722
354.264 0.000107585
355.765 0.000108314
357.266 0.000107585
358.767 0.000106126
360.268 0.000106126
361.769 0.000106855
363.27 0.000104667
364.771 0.000104667
366.273 0.000106126
367.774 0.000102479
369.275 0.00010175
370.776 9.84674e-05
372.277 9.73734e-05
373.778 9.40911e-05
375.279 9.15382e-05
376.78 9.19029e-05
378.281 9.22676e-05
379.783 9.08089e-05
381.284 9.26323e-05
382.785 9.44558e-05
384.286 9.33617e-05
385.787 9.48205e-05
387.288 9.26323e-05
388.789 9.55499e-05
390.29 9.44558e-05
391.792 9.37264e-05
393.293 9.04442e-05
394.794 9.15382e-05
396.295 9.15382e-05
397.796 9.19029e-05
399.297 9.08089e-05
400.798 9.04442e-05
402.299 9.08089e-05
403.8 9.33617e-05
405.302 9.48205e-05
406.803 9.2997e-05
408.304 9.04442e-05
409.805 9.04442e-05
411.306 8.8256e-05
412.807 8.75266e-05
414.308 8.75266e-05
415.809 8.71619e-05
417.311 8.4609e-05
418.812 8.42444e-05
420.313 8.16915e-05
421.814 8.13268e-05
423.315 8.20562e-05
424.816 8.24209e-05
426.317 8.24209e-05
427.818 7.9868e-05
429.319 7.95033e-05
430.821 7.95033e-05
432.322 7.91386e-05
433.823 7.84093e-05
435.324 7.76799e-05
436.825 7.73152e-05
438.326 7.5127e-05
439.827 7.43976e-05
441.328 7.43976e-05
442.83 7.40329e-05
444.331 7.29389e-05
445.832 7.40329e-05
447.333 7.43976e-05
448.834 7.43976e-05
450.335 7.5127e-05
451.836 7.40329e-05
453.337 7.36682e-05
454.838 7.40329e-05
456.34 7.36682e-05
457.841 6.96566e-05
459.342 6.89272e-05
460.843 6.81978e-05
462.344 6.67391e-05
463.845 6.89272e-05
465.346 7.07507e-05
466.847 7.07507e-05
468.349 6.85625e-05
469.85 6.81978e-05
471.351 6.81978e-05
472.852 6.5645e-05
474.353 6.41862e-05
475.854 6.34568e-05
477.355 6.1998e-05
478.856 6.23627e-05
480.357 6.1998e-05
481.859 6.16333e-05
483.36 6.05392e-05
484.861 6.38215e-05
486.362 6.30921e-05
487.863 6.23627e-05
489.364 6.34568e-05
490.865 6.30921e-05
492.366 6.09039e-05
493.867 6.12686e-05
495.369 5.83511e-05
496.87 5.83511e-05
498.371 5.68923e-05
499.872 5.83511e-05
501.373 5.68923e-05
502.874 5.7257e-05
504.375 0
505.876 0
507.378 0
508.879 0
510.38 0
511.881 0
513.382 0
514.883 0
516.384 0
517.885 0
519.386 0
520.888 0
522.389 0
523.89 0
525.391 0
526.892 0
528.393 0
529.894 0
531.395 0
532.897 0
534.398 0
535.899 0
537.4 0
538.901 0
540.402 0
541.903 0
543.404 0
544.905 0
546.407 0
547.908 0
549.409 0
550.91 0
552.411 0
553.912 0
555.413 0
556.914 0
558.416 0
559.917 0
561.418 0
562.919 0
564.42 0
565.921 0
567.422 0
568.923 0
570.424 0
571.926 0
573.427 0
574.928 0
576.429 0
577.93 0
579.431 0
580.932 0
582.433 0
583.935 0
585.436 0
586.937 0
588.438 0
589.939 0
591.44 0
592.941 0
594.442 0
595.943 0
597.445 0
598.946 0
600.447 0
601.948 0
603.449 0
604.95 0
606.451 0
607.952 0
609.453 0
610.955 0
612.456 0
613.957 0
615.458 0
616.959 0
618.46 0
619.961 0
621.462 0
622.964 0
624.465 0
625.966 0
627.467 0
628.968 0
630.469 0
631.97 0
633.471 0
634.972 0
636.474 0
637.975 0
639.476 0
640.977 0
642.478 0
643.979 0
645.48 0
646.981 0
648.483 0
649.984 0
651.485 0
652.986 0
654.487 0
655.988 0
657.489 0
658.99 0
660.491 0
661.993 0
663.494 0
664.995 0
666.496 0
667.997 0
669.498 0
670.999 0
672.5 0
674.002 0
675.503 0
677.004 0
678.505 0
680.006 0
681.507 0
683.008 0
684.509 0
686.01 0
687.512 0
689.013 0
690.514 0
692.015 0
693.516 0
695.017 0
696.518 0
698.019 0
699.521 0
701.022 0
702.523 0
704.024 0
705.525 0
707.026 0
708.527 0
710.028 0
711.529 0
713.031 0
714.532 0
716.033 0
717.534 0
719.035 0
720.536 0
722.037 0
723.538 0
725.04 0
726.541 0
728.042 0
729.543 0
731.044 0
732.545 0
734.046 0
735.547 0
737.048 0
738.55 0
740.051 0
741.552 0
743.053 0
744.554 0
746.055 0
747.556 0
749.057 0
750.558 0
752.06 0
753.561 0
755.062 0
756.563 0
758.064 0
759.565 0
761.066 0
762.567 0
764.069 0
765.57 0
767.071 0
768.572 0
770.073 0
771.574 0
773.075 0
774.576 0
776.077 0
777.579 0
779.08 0
780.581 0
782.082 0
783.583 0
785.084 0
786.585 0
788.086 0
789.588 0
791.089 0
792.59 0
794.091 0
795.592 0
797.093 0
798.594 0
800.095 0
801.596 0
803.098 0
804.599 0
806.1 0
807.601 0
809.102 0
810.603 0
812.104 0
813.605 0
815.107 0
816.608 0
818.109 0
819.61 0
821.111 0
822.612 0
824.113 0
825.614 0
827.115 0
828.617 0
830.118 0
831.619 0
833.12 0
834.621 0
836.122 0
837.623 0
839.124 0
840.626 0
842.127 0
843.628 0
845.129 0
846.63 0
848.131 0
849.632 0
851.133 0
852.634 0
854.136 0
855.637 0
857.138 0
858.639 0
860.14 0
861.641 0
863.142 0
864.643 0
866.145 0
867.646 0
869.147 0
870.648 0
872.149 0
873.65 0
875.151 0
876.652 0
878.153 0
879.655 0
881.156 0
882.657 0
884.158 0
885.659 0
887.16 0
888.661 0
890.162 0
891.663 0
893.165 0
894.666 0
896.167 0
897.668 0
899.169 0
900.67 0
902.171 0
903.672 0
905.174 0
906.675 0
908.176 0
909.677 0
911.178 0
912.679 0
914.18 0
915.681 0
917.182 0
918.684 0
920.185 0
921.686 0
923.187 0
924.688 0
926.189 0
927.69 0
929.191 0
930.693 0
932.194 0
933.695 0
935.196 0
936.697 0
938.198 0
939.699 0
941.2 0
942.701 0
944.203 0
945.704 0
947.205 0
948.706 0
950.207 0
951.708 0
953.209 0
954.71 0
956.212 0
957.713 0
959.214 0
960.715 0
962.216 0
963.717 0
965.218 0
966.719 0
968.22 0
969.722 0
971.223 0
972.724 0
974.225 0
975.726 0
977.227 0
978.728 0
980.229 0
981.731 0
983.232 0
984.733 0
986.234 0
987.735 0
989.236 0
990.737 0
992.238 0
993.739 0
995.241 0
996.742 0
998.243 0
999.744 0
1001.25 0
1002.75 0
1004.25 0
1005.75 0
1007.25 0
1008.75 0
1010.25 0
1011.75 0
1013.25 0
1014.76 0
1016.26 0
1017.76 0
1019.26 0
1020.76 0
1022.26 0
1023.76 0
1025.26 0
1026.76 0
1028.27 0
1029.77 0
1031.27 0
1032.77 0
1034.27 0
1035.77 0
1037.27 0
1038.77 0
1040.27 0
1041.78 0
1043.28 0
1044.78 0
1046.28 0
1047.78 0
1049.28 0
1050.78 0
1052.28 0
1053.78 0
1055.29 0
1056.79 0
1058.29 0
1059.79 0
1061.29 0
1062.79 0
1064.29 0
1065.79 0
1067.29 0
1068.8 0
1070.3 0
1071.8 0
1073.3 0
1074.8 0
1076.3 0
1077.8 0
1079.3 0
1080.8 0
1082.31 0
1083.81 0
1085.31 0
1086.81 0
1088.31 0
1089.81 0
1091.31 0
1092.81 0
1094.31 0
1095.82 0
1097.32 0
1098.82 0
1100.32 0
1101.82 0
1103.32 0
1104.82 0
1106.32 0
1107.82 0
1109.33 0
1110.83 0
1112.33 0
1113.83 0
1115.33 0
1116.83 0
1118.33 0
1119.83 0
1121.33 0
1122.84 0
1124.34 0
1125.84 0
1127.34 0
1128.84 0
1130.34 0
1131.84 0
1133.34 0
1134.84 0
1136.35 0
1137.85 0
1139.35 0
1140.85 0
1142.35 0
1143.85 0
1145.35 0
1146.85 0
1148.35 0
1149.86 0
1151.36 0
1152.86 0
1154.36 0
1155.86 0
1157.36 0
1158.86 0
1160.36 0
1161.86 0
1163.37 0
1164.87 0
1166.37 0
1167.87 0
1169.37 0
1170.87 0
1172.37 0
1173.87 0
1175.37 0
1176.88 0
1178.38 0
1179.88 0
1181.38 0
1182.88 0
1184.38 0
1185.88 0
1187.38 0
1188.88 0
1190.39 0
1191.89 0
1193.39 0
1194.89 0
1196.39 0
1197.89 0
1199.39 0
1200.89 0
1202.39 0
1203.9 0
1205.4 0
1206.9 0
1208.4 0
1209.9 0
1211.4 0
1212.9 0
1214.4 0
1215.9 0
1217.41 0
1218.91 0
1220.41 0
1221.91 0
1223.41 0
1224.91 0
1226.41 0
1227.91 0
1229.41 0
1230.92 0
1232.42 0
1233.92 0
1235.42 0
1236.92 0
1238.42 0
1239.92 0
1241.42 0
1242.92 0
1244.43 0
1245.93 0
1247.43 0
1248.93 0
1250.43 0
1251.93 0
1253.43 0
1254.93 0
1256.43 0
1257.94 0
1259.44 0
1260.94 0
1262.44 0
1263.94 0
1265.44 0
1266.94 0
1268.44 0
1269.94 0
1271.45 0
1272.95 0
1274.45 0
1275.95 0
1277.45 0
1278.95 0
1280.45 0
1281.95 0
1283.46 0
1284.96 0
1286.46 0
1287.96 0
1289.46 0
1290.96 0
1292.46 0
1293.96 0
1295.46 0
1296.97 0
1298.47 0
1299.97 0
1301.47 0
1302.97 0
1304.47 0
1305.97 0
1307.47 0
1308.97 0
1310.48 0
1311.98 0
1313.48 0
1314.98 0
1316.48 0
1317.98 0
1319.48 0
1320.98 0
1322.48 0
1323.99 0
1325.49 0
1326.99 0
1328.49 0
1329.99 0
1331.49 0
1332.99 0
1334.49 0
1335.99 0
1337.5 0
1339 0
1340.5 0
1342 0
1343.5 0
1345 0
1346.5 0
1348 0
1349.5 0
1351.01 0
1352.51 0
1354.01 0
1355.51 0
1357.01 0
1358.51 0
1360.01 0
1361.51 0
1363.01 0
1364.52 0
1366.02 0
1367.52 0
1369.02 0
1370.52 0
1372.02 0
1373.52 0
1375.02 0
1376.52 0
1378.03 0
1379.53 0
1381.03 0
1382.53 0
1384.03 0
1385.53 0
1387.03 0
1388.53 0
1390.03 0
1391.54 0
1393.04 0
1394.54 0
1396.04 0
1397.54 0
1399.04 0
1400.54 0
1402.04 0
1403.54 0
1405.05 0
1406.55 0
1408.05 0
1409.55 0
1411.05 0
1412.55 0
1414.05 0
1415.55 0
1417.05 0
1418.56 0
1420.06 0
1421.56 0
1423.06 0
1424.56 0
1426.06 0
1427.56 0
1429.06 0
1430.56 0
1432.07 0
1433.57 0
1435.07 0
1436.57 0
1438.07 0
1439.57 0
1441.07 0
1442.57 0
1444.07 0
1445.58 0
1447.08 0
1448.58 0
1450.08 0
1451.58 0
1453.08 0
1454.58 0
1456.08 0
1457.58 0
1459.09 0
1460.59 0
1462.09 0
1463.59 0
1465.09 0
1466.59 0
1468.09 0
1469.59 0
1471.09 0
1472.6 0
1474.1 0
1475.6 0
1477.1 0
1478.6 0
1480.1 0
1481.6 0
1483.1 0
1484.6 0
1486.11 0
1487.61 0
1489.11 0
1490.61 0
1492.11 0
1493.61 0
1495.11 0
1496.61 0
1498.11 0
1499.62 0
1501.12 0
1502.62 0
1504.12 0
1505.62 0
1507.12 0
1508.62 0
1510.12 0
1511.62 0
1513.13 0
1514.63 0
1516.13 0
1517.63 0
1519.13 0
1520.63 0
1522.13 0
1523.63 0
1525.13 0
1526.64 0
1528.14 0
1529.64 0
1531.14 0
1532.64 0
1534.14 0
1535.64 0
1537.14 0
1538.64 0
1540.15 0
1541.65 0
1543.15 0
1544.65 0
1546.15 0
1547.65 0
1549.15 0
1550.65 0
1552.15 0
1553.66 0
1555.16 0
1556.66 0
1558.16 0
1559.66 0
1561.16 0
1562.66 0
1564.16 0
1565.67 0
1567.17 0
1568.67 0
1570.17 0
1571.67 0
1573.17 0
1574.67 0
