-1575.96 0
-1574.46 0
-1572.96 0
-1571.46 0
-1569.95 0
-1568.45 0
-1566.95 0
-1565.45 0
-1563.95 0
-1562.45 0
-1560.95 0
-1559.45 0
-1557.95 0
-1556.45 0
-1554.95 0
-1553.44 0
-1551.94 0
-1550.44 0
-1548.94 0
-1547.44 0
-1545.94 0
-1544.44 0
-1542.94 0
-1541.44 0
-1539.94 0
-1538.44 0
-1536.93 0
-1535.43 0
-1533.93 0
-1532.43 0
-1530.93 0
-1529.43 0
-1527.93 0
-1526.43 0
-1524.93 0
-1523.43 0
-1521.93 0
-1520.42 0
-1518.92 0
-1517.42 0
-1515.92 0
-1514.42 0
-1512.92 0
-1511.42 0
-1509.92 0
-1508.42 0
-1506.92 0
-1505.42 0
-1503.91 0
-1502.41 0
-1500.91 0
-1499.41 0
-1497.91 0
-1496.41 0
-1494.91 0
-1493.41 0
-1491.91 0
-1490.41 0
-1488.91 0
-1487.4 0
-1485.9 0
-1484.4 0
-1482.9 0
-1481.4 0
-1479.9 0
-1478.4 0
-1476.9 0
-1475.4 0
-1473.9 0
-1472.4 0
-1470.89 0
-1469.39 0
-1467.89 0
-1466.39 0
-1464.89 0
-1463.39 0
-1461.89 0
-1460.39 0
-1458.89 0
-1457.39 0
-1455.89 0
-1454.38 0
-1452.88 0
-1451.38 0
-1449.88 0
-1448.38 0
-1446.88 0
-1445.38 0
-1443.88 0
-1442.38 0
-1440.88 0
-1439.38 0
-1437.87 0
-1436.37 0
-1434.87 0
-1433.37 0
-1431.87 0
-1430.37 0
-1428.87 0
-1427.37 0
-1425.87 0
-1424.37 0
-1422.87 0
-1421.36 0
-1419.86 0
-1418.36 0
-1416.86 0
-1415.36 0
-1413.86 0
-1412.36 0
-1410.86 0
-1409.36 0
-1407.86 0
-1406.36 0
-1404.85 0
-1403.35 0
-1401.85 0
-1400.35 0
-1398.85 0
-1397.35 0
-1395.85 0
-1394.35 0
-1392.85 0
-1391.35 0
-1389.85 0
-1388.34 0
-1386.84 0
-1385.34 0
-1383.84 0
-1382.34 0
-1380.84 0
-1379.34 0
-1377.84 0
-1376.34 0
-1374.84 0
-1373.34 0
-1371.83 0
-1370.33 0
-1368.83 0
-1367.33 0
-1365.83 0
-1364.33 0
-1362.83 0
-1361.33 0
-1359.83 0
-1358.33 0
-1356.83 0
-1355.32 0
-1353.82 0
-1352.32 0
-1350.82 0
-1349.32 0
-1347.82 0
-1346.32 0
-1344.82 0
-1343.32 0
-1341.82 0
-1340.32 0
-1338.81 0
-1337.31 0
-1335.81 0
-1334.31 0
-1332.81 0
-1331.31 0
-1329.81 0
-1328.31 0
-1326.81 0
-1325.31 0
-1323.81 0
-1322.3 0
-1320.8 0
-1319.3 0
-1317.8 0
-1316.3 0
-1314.8 0
-1313.3 0
-1311.8 0
-1310.3 0
-1308.8 0
-1307.3 0
-1305.79 0
-1304.29 0
-1302.79 0
-1301.29 0
-1299.79 0
-1298.29 0
-1296.79 0
-1295.29 0
-1293.79 0
-1292.29 0
-1290.79 0
-1289.28 0
-1287.78 0
-1286.28 0
-1284.78 0
-1283.28 0
-1281.78 0
-1280.28 0
-1278.78 0
-1277.28 0
-1275.78 0
-1274.28 0
-1272.77 0
-1271.27 0
-1269.77 0
-1268.27 0
-1266.77 0
-1265.27 0
-1263.77 0
-1262.27 0
-1260.77 0
-1259.27 0
-1257.77 0
-1256.26 0
-1254.76 0
-1253.26 0
-1251.76 0
-1250.26 0
-1248.76 0
-1247.26 0
-1245.76 0
-1244.26 0
-1242.76 0
-1241.26 0
-1239.75 0
-1238.25 0
-1236.75 0
-1235.25 0
-1233.75 0
-1232.25 0
-1230.75 0
-1229.25 0
-1227.75 0
-1226.25 0
-1224.74 0
-1223.24 0
-1221.74 0
-1220.24 0
-1218.74 0
-1217.24 0
-1215.74 0
-1214.24 0
-1212.74 0
-1211.24 0
-1209.74 0
-1208.23 0
-1206.73 0
-1205.23 0
-1203.73 0
-1202.23 0
-1200.73 0
-1199.23 0
-1197.73 0
-1196.23 0
-1194.73 0
-1193.23 0
-1191.72 0
-1190.22 0
-1188.72 0
-1187.22 0
-1185.72 0
-1184.22 0
-1182.72 0
-1181.22 0
-1179.72 0
-1178.22 0
-1176.72 0
-1175.21 0
-1173.71 0
-1172.21 0
-1170.71 0
-1169.21 0
-1167.71 0
-1166.21 0
-1164.71 0
-1163.21 0
-1161.71 0
-1160.21 0
-1158.7 0
-1157.2 0
-1155.7 0
-1154.2 0
-1152.7 0
-1151.2 0
-1149.7 0
-1148.2 0
-1146.7 0
-1145.2 0
-1143.7 0
-1142.19 0
-1140.69 0
-1139.19 0
-1137.69 0
-1136.19 0
-1134.69 0
-1133.19 0
-1131.69 0
-1130.19 0
-1128.69 0
-1127.19 0
-1125.68 0
-1124.18 0
-1122.68 0
-1121.18 0
-1119.68 0
-1118.18 0
-1116.68 0
-1115.18 0
-1113.68 0
-1112.18 0
-1110.68 0
-1109.17 0
-1107.67 0
-1106.17 0
-1104.67 0
-1103.17 0
-1101.67 0
-1100.17 0
-1098.67 0
-1097.17 0
-1095.67 0
-1094.17 0
-1092.66 0
-1091.16 0
-1089.66 0
-1088.16 0
-1086.66 0
-1085.16 0
-1083.66 0
-1082.16 0
-1080.66 0
-1079.16 0
-1077.66 0
-1076.15 0
-1074.65 0
-1073.15 0
-1071.65 0
-1070.15 0
-1068.65 0
-1067.15 0
-1065.65 0
-1064.15 0
-1062.65 0
-1061.15 0
-1059.64 0
-1058.14 0
-1056.64 0
-1055.14 0
-1053.64 0
-1052.14 0
-1050.64 0
-1049.14 0
-1047.64 0
-1046.14 0
-1044.64 0
-1043.13 0
-1041.63 0
-1040.13 0
-1038.63 0
-1037.13 0
-1035.63 0
-1034.13 0
-1032.63 0
-1031.13 0
-1029.63 0
-1028.13 0
-1026.62 0
-1025.12 0
-1023.62 0
-1022.12 0
-1020.62 0
-1019.12 0
-1017.62 0
-1016.12 0
-1014.62 0
-1013.12 0
-1011.62 0
-1010.11 0
-1008.61 0
-1007.11 0
-1005.61 0
-1004.11 0
-1002.61 0
-1001.11 0
-999.608 0
-998.107 0
-996.606 0
-995.105 0
-993.604 0
-992.103 0
-990.603 0
-989.102 0
-987.601 0
-986.1 0
-984.599 0
-983.098 0
-981.597 0
-980.096 0
-978.595 0
-977.094 0
-975.593 0
-974.093 0
-972.592 0
-971.091 0
-969.59 0
-968.089 0
-966.588 0
-965.087 0
-963.586 0
-962.085 0
-960.584 0
-959.083 0
-957.582 0
-956.082 0
-954.581 0
-953.08 0
-951.579 0
-950.078 0
-948.577 0
-947.076 0
-945.575 0
-944.074 0
-942.573 0
-941.072 0
-939.572 0
-938.071 0
-936.57 0
-935.069 0
-933.568 0
-932.067 0
-930.566 0
-929.065 0
-927.564 0
-926.063 0
-924.562 0
-923.061 0
-921.561 0
-920.06 0
-918.559 0
-917.058 0
-915.557 0
-914.056 0
-912.555 0
-911.054 0
-909.553 0
-908.052 0
-906.551 0
-905.051 0
-903.55 0
-902.049 0
-900.548 0
-899.047 0
-897.546 0
-896.045 0
-894.544 0
-893.043 0
-891.542 0
-890.041 0
-888.54 0
-887.04 0
-885.539 0
-884.038 0
-882.537 0
-881.036 0
-879.535 0
-878.034 0
-876.533 0
-875.032 0
-873.531 0
-872.03 0
-870.53 0
-869.029 0
-867.528 0
-866.027 0
-864.526 0
-863.025 0
-861.524 0
-860.023 0
-858.522 0
-857.021 0
-855.52 0
-854.019 0
-852.519 0
-851.018 0
-849.517 0
-848.016 0
-846.515 0
-845.014 0
-843.513 0
-842.012 0
-840.511 0
-839.01 0
-837.509 0
-836.009 0
-834.508 0
-833.007 0
-831.506 0
-830.005 0
-828.504 0
-827.003 0
-825.502 0
-824.001 0
-822.5 0
-820.999 0
-819.498 0
-817.998 0
-816.497 0
-814.996 0
-813.495 0
-811.994 0
-810.493 0
-808.992 0
-807.491 0
-805.99 0
-804.489 0
-802.988 0
-801.488 0
-799.987 0
-798.486 0
-796.985 0
-795.484 0
-793.983 0
-792.482 0
-790.981 0
-789.48 0
-787.979 0
-786.478 0
-784.977 0
-783.477 0
-781.976 0
-780.475 0
-778.974 0
-777.473 0
-775.972 0
-774.471 0
-772.97 0
-771.469 0
-769.968 0
-768.467 0
-766.967 0
-765.466 0
-763.965 0
-762.464 0
-760.963 0
-759.462 0
-757.961 0
-756.46 0
-754.959 0
-753.458 0
-751.957 0
-750.456 0
-748.956 0
-747.455 0
-745.954 0
-744.453 0
-742.952 0
-741.451 0
-739.95 0
-738.449 0
-736.948 0
-735.447 0
-733.946 0
-732.446 0
-730.945 0
-729.444 0
-727.943 0
-726.442 0
-724.941 0
-723.44 0
-721.939 0
-720.438 0
-718.937 0
-717.436 0
-715.935 0
-714.435 0
-712.934 0
-711.433 0
-709.932 0
-708.431 0
-706.93 0
-705.429 0
-703.928 0
-702.427 0
-700.926 0
-699.425 0
-697.925 0
-696.424 0
-694.923 0
-693.422 0
-691.921 0
-690.42 0
-688.919 0
-687.418 0
-685.917 0
-684.416 0
-682.915 0
-681.414 0
-679.914 0
-678.413 0
-676.912 0
-675.411 0
-673.91 0
-672.409 0
-670.908 0
-669.407 0
-667.906 0
-666.405 0
-664.904 0
-663.404 0
-661.903 0
-660.402 0
-658.901 0
-657.4 0
-655.899 0
-654.398 0
-652.897 0
-651.396 0
-649.895 0
-648.394 0
-646.893 0
-645.393 0
-643.892 0
-642.391 0
-640.89 0
-639.389 0
-637.888 0
-636.387 0
-634.886 0
-633.385 0
-631.884 0
-630.383 0
-628.883 0
-627.382 0
-625.881 0
-624.38 0
-622.879 0
-621.378 0
-619.877 0
-618.376 0
-616.875 0
-615.374 0
-613.873 0
-612.372 0
-610.872 0
-609.371 0
-607.87 0
-606.369 0
-604.868 0
-603.367 0
-601.866 0
-600.365 0
-598.864 0
-597.363 0
-595.862 0
-594.362 0
-592.861 0
-591.36 0
-589.859 0
-588.358 0
-586.857 0
-585.356 0
-583.855 0
-582.354 0
-580.853 0
-579.352 0
-577.851 0
-576.351 0
-574.85 0
-573.349 0
-571.848 0
-570.347 0
-568.846 0
-567.345 0
-565.844 0
-564.343 0
-562.842 0
-561.341 0
-559.841 0
-558.34 0
-556.839 0
-555.338 0
-553.837 0
-552.336 0
-550.835 0
-549.334 0
-547.833 0
-546.332 0
-544.831 0
-543.33 0
-541.83 0
-540.329 0
-538.828 0
-537.327 0
-535.826 0
-534.325 0
-532.824 0
-531.323 0
-529.822 0
-528.321 0
-526.82 0
-525.32 0
-523.819 0
-522.318 0
-520.817 0
-519.316 0
-517.815 0
-516.314 0
-514.813 0
-513.312 0
-511.811 0
-510.31 0
-508.809 0
-507.309 0.000161398
-505.808 0.000161834
-504.307 0.000161834
-502.806 0.000163579
-501.305 0.000163579
-499.804 0.000162707
-498.303 0.000163579
-496.802 0.000164452
-495.301 0.000164888
-493.8 0.000163579
-492.299 0.000160962
-490.799 0.000161834
-489.298 0.000161398
-487.797 0.000158345
-486.296 0.000158345
-484.795 0.000156164
-483.294 0.000154419
-481.793 0.000152238
-480.292 0.000152674
-478.791 0.000155291
-477.29 0.000158781
-475.789 0.000160526
-474.288 0.000161834
-472.788 0.000163579
-471.287 0.000166197
-469.786 0.00016576
-468.285 0.000165324
-466.784 0.000162271
-465.283 0.000163143
-463.782 0.000163579
-462.281 0.000163579
-460.78 0.000162707
-459.279 0.000163143
-457.778 0.000163579
-456.278 0.000164888
-454.777 0.000164888
-453.276 0.000165324
-451.775 0.000164452
-450.274 0.000164452
-448.773 0.000164888
-447.272 0.000165324
-445.771 0.000161834
-444.27 0.000164016
-442.769 0.000163143
-441.268 0.000163579
-439.767 0.00016009
-438.267 0.000158781
-436.766 0.000162271
-435.265 0.000163143
-433.764 0.000161834
-432.263 0.000160962
-430.762 0.000159217
-429.261 0.000159653
-427.76 0.00016009
-426.259 0.000159217
-424.758 0.000160526
-423.257 0.000157909
-421.757 0.0001566
-420.256 0.000157472
-418.755 0.000157909
-417.254 0.000157472
-415.753 0.000159217
-414.252 0.000160526
-412.751 0.000160962
-411.25 0.000160962
-409.749 0.000161398
-408.248 0.000164016
-406.747 0.000166633
-405.246 0.000167069
-403.746 0.000166197
-402.245 0.00016576
-400.744 0.000161398
-399.243 0.000162707
-397.742 0.000163143
-396.241 0.000160962
-394.74 0.000159217
-393.239 0.000159653
-391.738 0.000160962
-390.237 0.000160962
-388.736 0.000159653
-387.236 0.000161398
-385.735 0.000161398
-384.234 0.000161398
-382.733 0.000160962
-381.232 0.00016009
-379.731 0.000159217
-378.23 0.000158345
-376.729 0.00016009
-375.228 0.000161398
-373.727 0.000161834
-372.226 0.000162707
-370.725 0.000163143
-369.225 0.00016576
-367.724 0.000165324
-366.223 0.000164888
-364.722 0.000166197
-363.221 0.000165324
-361.72 0.000162707
-360.219 0.000162271
-358.718 0.000159217
-357.217 0.000160962
-355.716 0.000161834
-354.215 0.000160962
-352.715 0.00016009
-351.214 0.000161398
-349.713 0.000162271
-348.212 0.000164452
-346.711 0.000165324
-345.21 0.000167505
-343.709 0.000167069
-342.208 0.000164888
-340.707 0.000165324
-339.206 0.000166633
-337.705 0.000166633
-336.205 0.000164888
-334.704 0.000164452
-333.203 0.000164016
-331.702 0.000163143
-330.201 0.000162271
-328.7 0.000161398
-327.199 0.000162707
-325.698 0.000161398
-324.197 0.00016009
-322.696 0.00016009
-321.195 0.000159653
-319.694 0.000157036
-318.194 0.000159653
-316.693 0.000158781
-315.192 0.000161834
-313.691 0.000163579
-312.19 0.00016576
-310.689 0.000167069
-309.188 0.000168814
-307.687 0.000166197
-306.186 0.000167069
-304.685 0.000167069
-303.184 0.000166633
-301.684 0.000165324
-300.183 0.000162707
-298.682 0.00016009
-297.181 0.000161834
-295.68 0.000162271
-294.179 0.000161834
-292.678 0.000161398
-291.177 0.000163143
-289.676 0.000163579
-288.175 0.00016576
-286.674 0.000164888
-285.173 0.000166633
-283.673 0.00016576
-282.172 0.000164016
-280.671 0.000164888
-279.17 0.000165324
-277.669 0.000162707
-276.168 0.000163579
-274.667 0.00016576
-273.166 0.000166197
-271.665 0.000167505
-270.164 0.000167941
-268.663 0.000170122
-267.163 0.000170995
-265.662 0.000170122
-264.161 0.000170995
-262.66 0.00017274
-261.159 0.000174048
-259.658 0.000174485
-258.157 0.000171867
-256.656 0.000171867
-255.155 0.000171431
-253.654 0.000170995
-252.153 0.000170123
-250.652 0.000167941
-249.152 0.000170123
-247.651 0.000167941
-246.15 0.00016925
-244.649 0.000170123
-243.148 0.000174485
-241.647 0.000177102
-240.146 0.000177538
-238.645 0.000180592
-237.144 0.000181028
-235.643 0.000183645
-234.142 0.000186262
-232.642 0.000188443
-231.141 0.000189752
-229.64 0.000191061
-228.139 0.000193678
-226.638 0.000196731
-225.137 0.000201094
-223.636 0.000206328
-222.135 0.000209818
-220.634 0.000212871
-219.133 0.000218978
-217.632 0.00022683
-216.131 0.000234682
-214.631 0.000241661
-213.13 0.000251694
-211.629 0.000263908
-210.128 0.000270015
-208.627 0.000283101
-207.126 0.000299241
-205.625 0.000314509
-204.124 0.000328904
-202.623 0.000347661
-201.122 0.000365109
-199.621 0.000388665
-198.121 0.000406549
-196.62 0.000435339
-195.119 0.000458022
-193.618 0.000486812
-192.117 0.00051473
-190.616 0.000547446
-189.115 0.000580162
-187.614 0.000615495
-186.113 0.000652573
-184.612 0.000694886
-183.111 0.000735889
-181.61 0.000778202
-180.11 0.000822696
-178.609 0.000867625
-177.108 0.000915609
-175.607 0.000964464
-174.106 0.00101245
-172.605 0.00106087
-171.104 0.00111147
-169.603 0.00116207
-168.102 0.00121703
-166.601 0.00126807
-165.1 0.00131954
-163.6 0.00137188
-162.099 0.00142554
-160.598 0.00147876
-159.097 0.00152849
-157.596 0.00158214
-156.095 0.00163187
-154.594 0.00167898
-153.093 0.00172565
-151.592 0.00177146
-150.091 0.00181639
-148.59 0.00186044
-147.089 0.00190232
-145.589 0.00194114
-144.088 0.00197997
-142.587 0.00201137
-141.086 0.00204234
-139.585 0.00207288
-138.084 0.00209949
-136.583 0.00212479
-135.082 0.00214703
-133.581 0.00217059
-132.08 0.00218978
-130.579 0.00220287
-129.079 0.00221988
-127.578 0.0022273
-126.077 0.00223733
-124.576 0.00224213
-123.075 0.00224213
-121.574 0.00224082
-120.073 0.00223646
-118.572 0.00222817
-117.071 0.00222163
-115.57 0.00221116
-114.069 0.00220069
-112.568 0.00218542
-111.068 0.00216972
-109.567 0.00215271
-108.066 0.00213395
-106.565 0.00210996
-105.064 0.00209294
-103.563 0.00206895
-102.062 0.00204627
-100.561 0.00202271
-99.0603 0.00199567
-97.5593 0.00197168
-96.0584 0.00194856
-94.5575 0.00192369
-93.0566 0.00190668
-91.5557 0.00188313
-90.0548 0.00186393
-88.5539 0.00184997
-87.053 0.00183689
-85.552 0.00182555
-84.0511 0.00181944
-82.5502 0.00181464
-81.0493 0.00181377
-79.5484 0.00181595
-78.0475 0.00182293
-76.5466 0.00183602
-75.0456 0.0018491
-73.5447 0.00187309
-72.0438 0.00189578
-70.5429 0.00193067
-69.042 0.00196688
-67.5411 0.00200963
-66.0402 0.00205892
-64.5393 0.00210996
-63.0383 0.00217059
-61.5374 0.00223908
-60.0365 0.00230931
-58.5356 0.00238957
-57.0347 0.00247332
-55.5338 0.00256405
-54.0329 0.00265784
-52.532 0.00275642
-51.031 0.00285588
-49.5301 0.00296057
-48.0292 0.00306264
-46.5283 0.00317824
-45.0274 0.00328642
-43.5265 0.00340027
-42.0256 0.00351543
-40.5246 0.00363234
-39.0237 0.00375491
-37.5228 0.00388054
-36.0219 0.0040053
-34.521 0.00413485
-33.0201 0.0042631
-31.5192 0.00438916
-30.0183 0.00451479
-28.5173 0.00463868
-27.0164 0.00475384
-25.5155 0.00487118
-24.0146 0.00498023
-22.5137 0.00508579
-21.0128 0.00518787
-19.5119 0.00528514
-18.011 0.00537849
-16.51 0.00546661
-15.0091 0.0055473
-13.5082 0.00562539
-12.0073 0.00569169
-10.5064 0.0057532
-9.00548 0.00580511
-7.50456 0.0058496
-6.00365 0.00588668
-4.50274 0.00591154
-3.00183 0.00592856
-1.50091 0.00593946
0 0.00594164
1.50091 0.0059351
3.00183 0.00592027
4.50274 0.00589628
6.00365 0.00586705
7.50456 0.00582605
9.00548 0.00578024
10.5064 0.00572397
12.0073 0.00565941
13.5082 0.005587
15.0091 0.00550586
16.51 0.00541426
18.011 0.00531175
19.5119 0.00520314
21.0128 0.00509146
22.5137 0.00496845
24.0146 0.00484588
25.5155 0.00471371
27.0164 0.00458066
28.5173 0.00443671
30.0183 0.00429363
31.5192 0.00414532
33.0201 0.00399526
34.521 0.00384303
36.0219 0.00368904
37.5228 0.00353419
39.0237 0.00337977
40.5246 0.00323058
42.0256 0.00308184
43.5265 0.00293352
45.0274 0.00278434
46.5283 0.00263908
48.0292 0.002496
49.5301 0.0023538
51.031 0.00221421
52.532 0.0020768
54.0329 0.00194638
55.5338 0.00181944
57.0347 0.00169512
58.5356 0.00158127
60.0365 0.00147134
61.5374 0.00137276
63.0383 0.00127766
64.5393 0.00119609
66.0402 0.00111365
67.5411 0.0010408
69.042 0.000972316
70.5429 0.000911683
72.0438 0.000858901
73.5447 0.000815716
75.0456 0.000775149
76.5466 0.000741124
78.0475 0.000716696
79.5484 0.000697503
81.0493 0.000683108
82.5502 0.000676565
84.0511 0.000673947
85.552 0.000680054
87.053 0.000692704
88.5539 0.000706663
90.0548 0.000730219
91.5557 0.00075421
93.0566 0.000783437
94.5575 0.000815716
96.0584 0.000850177
97.5593 0.000889
99.0603 0.00092695
100.561 0.00096839
102.062 0.00101114
103.563 0.0010565
105.064 0.00110274
106.565 0.0011516
108.066 0.00120133
109.567 0.001248
111.068 0.0012986
112.568 0.00134571
114.069 0.001395
115.57 0.00143863
117.071 0.00147919
118.572 0.00152281
120.073 0.00156338
121.574 0.0015961
123.075 0.00163187
124.576 0.00165761
126.077 0.00167898
127.578 0.00170123
129.079 0.00171606
130.579 0.00172784
132.08 0.00173133
133.581 0.00173307
135.082 0.00173045
136.583 0.00172391
138.084 0.00171039
139.585 0.00169207
141.086 0.00166851
142.587 0.00164583
144.088 0.00161355
145.589 0.0015817
147.089 0.00154244
148.59 0.00150537
150.091 0.00146131
151.592 0.00141376
153.093 0.00136447
154.594 0.00131387
156.095 0.0012637
157.596 0.00120743
159.097 0.00115814
160.598 0.00110231
162.099 0.0010456
163.6 0.000991945
165.1 0.000933929
166.601 0.000879839
168.102 0.000824877
169.603 0.000765116
171.104 0.000710153
172.605 0.000655626
174.106 0.000602845
175.607 0.000550499
177.108 0.000499462
178.609 0.000451479
180.11 0.000406113
181.61 0.000361619
183.111 0.00032236
184.612 0.000282665
186.113 0.000244715
187.614 0.000213307
189.115 0.000183209
190.616 0.000152674
192.117 0.000131736
193.618 0.000104255
195.119 8.41888e-05
196.62 6.58678e-05
198.121 4.7547e-05
199.621 3.35882e-05
201.122 1.78846e-05
202.623 1.00328e-05
204.124 4.3621e-06
205.625 0
207.126 4.36186e-07
208.627 1.74481e-06
210.128 6.10691e-06
211.629 1.0469e-05
213.13 2.00656e-05
214.631 2.79175e-05
216.131 3.83865e-05
217.632 4.9728e-05
219.133 6.67403e-05
220.634 8.02628e-05
222.135 9.42217e-05
223.636 0.000107744
225.137 0.000125629
226.638 0.000141769
228.139 0.000157909
229.64 0.000177102
231.141 0.000194987
232.642 0.000214616
234.142 0.000230756
235.643 0.000249077
237.144 0.000266525
238.645 0.000282665
240.146 0.000297933
241.647 0.000313636
243.148 0.000327595
244.649 0.000338936
246.15 0.000350278
247.651 0.000362492
249.152 0.000374706
250.652 0.000382121
252.153 0.000391282
253.654 0.00039957
255.155 0.00040524
256.656 0.000406985
258.157 0.000410039
259.658 0.000410039
261.159 0.000408294
262.66 0.000404804
264.161 0.000402187
265.662 0.000398697
267.163 0.000391282
268.663 0.000385175
270.164 0.000379504
271.665 0.000369907
273.166 0.000362492
274.667 0.000352459
276.168 0.00034199
277.669 0.000332393
279.17 0.000319307
280.671 0.000307965
282.172 0.000292698
283.673 0.000279612
285.173 0.000267834
286.674 0.000254748
288.175 0.000243406
289.676 0.000231628
291.177 0.000222904
292.678 0.000209818
294.179 0.00020153
295.68 0.00018888
297.181 0.000182773
298.682 0.000170123
300.183 0.000161398
301.684 0.000154419
303.184 0.000147876
304.685 0.000142205
306.186 0.000134353
307.687 0.000130427
309.188 0.000128682
310.689 0.000123884
312.19 0.000120831
313.691 0.000119958
315.192 0.000116468
316.693 0.000117341
318.194 0.000118649
319.694 0.000118649
321.195 0.000119522
322.696 0.000122575
324.197 0.000125193
325.698 0.00012781
327.199 0.000131736
328.7 0.000135662
330.201 0.00014046
331.702 0.000146567
333.203 0.000154855
334.704 0.000160526
336.205 0.000165324
337.705 0.000170123
339.206 0.000179283
340.707 0.00018539
342.208 0.00018888
343.709 0.00019804
345.21 0.000202838
346.711 0.000206328
348.212 0.000211999
349.713 0.000216797
351.214 0.000221159
352.715 0.000225085
354.215 0.000228575
355.716 0.000231192
357.217 0.000235118
358.718 0.000238608
360.219 0.000242534
361.72 0.000242534
363.221 0.00024646
364.722 0.000247332
366.223 0.000247768
367.724 0.000249949
369.225 0.000250385
370.725 0.000249513
372.226 0.000248204
373.727 0.000249077
375.228 0.000249513
376.729 0.000244715
378.23 0.000240789
379.731 0.000240789
381.232 0.000237735
382.733 0.000236863
384.234 0.000232065
385.735 0.000229011
387.236 0.000223777
388.736 0.000219851
390.237 0.000216797
391.738 0.000215052
393.239 0.000212871
394.74 0.000207637
396.241 0.000202838
397.742 0.000198912
399.243 0.000194987
400.744 0.000191061
402.245 0.00018539
403.746 0.000182773
405.246 0.000180592
406.747 0.000175793
408.248 0.000170995
409.749 0.000168814
411.25 0.000168378
412.751 0.000163579
414.252 0.000158345
415.753 0.000157472
417.254 0.000157036
418.755 0.000153546
420.256 0.000155291
421.757 0.000153983
423.257 0.00015311
424.758 0.000153546
426.259 0.00015311
427.76 0.000154855
429.261 0.000154419
430.762 0.000152238
432.263 0.000150057
433.764 0.000152238
435.265 0.000153983
436.766 0.000155728
438.267 0.000156164
439.767 0.000159217
441.268 0.000159653
442.769 0.000160526
444.27 0.00016576
445.771 0.000167941
447.272 0.000170995
448.773 0.000172304
450.274 0.000175357
451.775 0.000177974
453.276 0.000178847
454.777 0.000179719
456.278 0.000180155
457.778 0.000181464
459.279 0.0001819
460.78 0.000182336
462.281 0.000183209
463.782 0.000184518
465.283 0.000185826
466.784 0.00018888
468.285 0.000190624
469.786 0.000191933
471.287 0.00019455
472.788 0.000195423
474.288 0.000195423
475.789 0.000194987
477.29 0.000196295
478.791 0.00019455
480.292 0.000191933
481.793 0.000191933
483.294 0.000190188
484.795 0.000188443
486.296 0.000187571
487.797 0.000187571
489.298 0.000185826
490.799 0.000186262
492.299 0.000183645
493.8 0.000181464
495.301 0.000179719
496.802 0.000181464
498.303 0.000177538
499.804 0.000175793
501.305 0.000175357
502.806 0.000174485
504.307 0.000174048
505.808 0.000171431
507.309 0.000170559
508.809 0
510.31 0
511.811 0
513.312 0
514.813 0
516.314 0
517.815 0
519.316 0
520.817 0
522.318 0
523.819 0
525.32 0
526.82 0
528.321 0
529.822 0
531.323 0
532.824 0
534.325 0
535.826 0
537.327 0
538.828 0
540.329 0
541.83 0
543.33 0
544.831 0
546.332 0
547.833 0
549.334 0
550.835 0
552.336 0
553.837 0
555.338 0
556.839 0
558.34 0
559.841 0
561.341 0
562.842 0
564.343 0
565.844 0
567.345 0
568.846 0
570.347 0
571.848 0
573.349 0
574.85 0
576.351 0
577.851 0
579.352 0
580.853 0
582.354 0
583.855 0
585.356 0
586.857 0
588.358 0
589.859 0
591.36 0
592.861 0
594.362 0
595.862 0
597.363 0
598.864 0
600.365 0
601.866 0
603.367 0
604.868 0
606.369 0
607.87 0
609.371 0
610.872 0
612.372 0
613.873 0
615.374 0
616.875 0
618.376 0
619.877 0
621.378 0
622.879 0
624.38 0
625.881 0
627.382 0
628.883 0
630.383 0
631.884 0
633.385 0
634.886 0
636.387 0
637.888 0
639.389 0
640.89 0
642.391 0
643.892 0
645.393 0
646.893 0
648.394 0
649.895 0
651.396 0
652.897 0
654.398 0
655.899 0
657.4 0
658.901 0
660.402 0
661.903 0
663.404 0
664.904 0
666.405 0
667.906 0
669.407 0
670.908 0
672.409 0
673.91 0
675.411 0
676.912 0
678.413 0
679.914 0
681.414 0
682.915 0
684.416 0
685.917 0
687.418 0
688.919 0
690.42 0
691.921 0
693.422 0
694.923 0
696.424 0
697.925 0
699.425 0
700.926 0
702.427 0
703.928 0
705.429 0
706.93 0
708.431 0
709.932 0
711.433 0
712.934 0
714.435 0
715.935 0
717.436 0
718.937 0
720.438 0
721.939 0
723.44 0
724.941 0
726.442 0
727.943 0
729.444 0
730.945 0
732.446 0
733.946 0
735.447 0
736.948 0
738.449 0
739.95 0
741.451 0
742.952 0
744.453 0
745.954 0
747.455 0
748.956 0
750.456 0
751.957 0
753.458 0
754.959 0
756.46 0
757.961 0
759.462 0
760.963 0
762.464 0
763.965 0
765.466 0
766.967 0
768.467 0
769.968 0
771.469 0
772.97 0
774.471 0
775.972 0
777.473 0
778.974 0
780.475 0
781.976 0
783.477 0
784.977 0
786.478 0
787.979 0
789.48 0
790.981 0
792.482 0
793.983 0
795.484 0
796.985 0
798.486 0
799.987 0
801.488 0
802.988 0
804.489 0
805.99 0
807.491 0
808.992 0
810.493 0
811.994 0
813.495 0
814.996 0
816.497 0
817.998 0
819.498 0
820.999 0
822.5 0
824.001 0
825.502 0
827.003 0
828.504 0
830.005 0
831.506 0
833.007 0
834.508 0
836.009 0
837.509 0
839.01 0
840.511 0
842.012 0
843.513 0
845.014 0
846.515 0
848.016 0
849.517 0
851.018 0
852.519 0
854.019 0
855.52 0
857.021 0
858.522 0
860.023 0
861.524 0
863.025 0
864.526 0
866.027 0
867.528 0
869.029 0
870.53 0
872.03 0
873.531 0
875.032 0
876.533 0
878.034 0
879.535 0
881.036 0
882.537 0
884.038 0
885.539 0
887.04 0
888.54 0
890.041 0
891.542 0
893.043 0
894.544 0
896.045 0
897.546 0
899.047 0
900.548 0
902.049 0
903.55 0
905.051 0
906.551 0
908.052 0
909.553 0
911.054 0
912.555 0
914.056 0
915.557 0
917.058 0
918.559 0
920.06 0
921.561 0
923.061 0
924.562 0
926.063 0
927.564 0
929.065 0
930.566 0
932.067 0
933.568 0
935.069 0
936.57 0
938.071 0
939.572 0
941.072 0
942.573 0
944.074 0
945.575 0
947.076 0
948.577 0
950.078 0
951.579 0
953.08 0
954.581 0
956.082 0
957.582 0
959.083 0
960.584 0
962.085 0
963.586 0
965.087 0
966.588 0
968.089 0
969.59 0
971.091 0
972.592 0
974.093 0
975.593 0
977.094 0
978.595 0
980.096 0
981.597 0
983.098 0
984.599 0
986.1 0
987.601 0
989.102 0
990.603 0
992.103 0
993.604 0
995.105 0
996.606 0
998.107 0
999.608 0
1001.11 0
1002.61 0
1004.11 0
1005.61 0
1007.11 0
1008.61 0
1010.11 0
1011.62 0
1013.12 0
1014.62 0
1016.12 0
1017.62 0
1019.12 0
1020.62 0
1022.12 0
1023.62 0
1025.12 0
1026.62 0
1028.13 0
1029.63 0
1031.13 0
1032.63 0
1034.13 0
1035.63 0
1037.13 0
1038.63 0
1040.13 0
1041.63 0
1043.13 0
1044.64 0
1046.14 0
1047.64 0
1049.14 0
1050.64 0
1052.14 0
1053.64 0
1055.14 0
1056.64 0
1058.14 0
1059.64 0
1061.15 0
1062.65 0
1064.15 0
1065.65 0
1067.15 0
1068.65 0
1070.15 0
1071.65 0
1073.15 0
1074.65 0
1076.15 0
1077.66 0
1079.16 0
1080.66 0
1082.16 0
1083.66 0
1085.16 0
1086.66 0
1088.16 0
1089.66 0
1091.16 0
1092.66 0
1094.17 0
1095.67 0
1097.17 0
1098.67 0
1100.17 0
1101.67 0
1103.17 0
1104.67 0
1106.17 0
1107.67 0
1109.17 0
1110.68 0
1112.18 0
1113.68 0
1115.18 0
1116.68 0
1118.18 0
1119.68 0
1121.18 0
1122.68 0
1124.18 0
1125.68 0
1127.19 0
1128.69 0
1130.19 0
1131.69 0
1133.19 0
1134.69 0
1136.19 0
1137.69 0
1139.19 0
1140.69 0
1142.19 0
1143.7 0
1145.2 0
1146.7 0
1148.2 0
1149.7 0
1151.2 0
1152.7 0
1154.2 0
1155.7 0
1157.2 0
1158.7 0
1160.21 0
1161.71 0
1163.21 0
1164.71 0
1166.21 0
1167.71 0
1169.21 0
1170.71 0
1172.21 0
1173.71 0
1175.21 0
1176.72 0
1178.22 0
1179.72 0
1181.22 0
1182.72 0
1184.22 0
1185.72 0
1187.22 0
1188.72 0
1190.22 0
1191.72 0
1193.23 0
1194.73 0
1196.23 0
1197.73 0
1199.23 0
1200.73 0
1202.23 0
1203.73 0
1205.23 0
1206.73 0
1208.23 0
1209.74 0
1211.24 0
1212.74 0
1214.24 0
1215.74 0
1217.24 0
1218.74 0
1220.24 0
1221.74 0
1223.24 0
1224.74 0
1226.25 0
1227.75 0
1229.25 0
1230.75 0
1232.25 0
1233.75 0
1235.25 0
1236.75 0
1238.25 0
1239.75 0
1241.26 0
1242.76 0
1244.26 0
1245.76 0
1247.26 0
1248.76 0
1250.26 0
1251.76 0
1253.26 0
1254.76 0
1256.26 0
1257.77 0
1259.27 0
1260.77 0
1262.27 0
1263.77 0
1265.27 0
1266.77 0
1268.27 0
1269.77 0
1271.27 0
1272.77 0
1274.28 0
1275.78 0
1277.28 0
1278.78 0
1280.28 0
1281.78 0
1283.28 0
1284.78 0
1286.28 0
1287.78 0
1289.28 0
1290.79 0
1292.29 0
1293.79 0
1295.29 0
1296.79 0
1298.29 0
1299.79 0
1301.29 0
1302.79 0
1304.29 0
1305.79 0
1307.3 0
1308.8 0
1310.3 0
1311.8 0
1313.3 0
1314.8 0
1316.3 0
1317.8 0
1319.3 0
1320.8 0
1322.3 0
1323.81 0
1325.31 0
1326.81 0
1328.31 0
1329.81 0
1331.31 0
1332.81 0
1334.31 0
1335.81 0
1337.31 0
1338.81 0
1340.32 0
1341.82 0
1343.32 0
1344.82 0
1346.32 0
1347.82 0
1349.32 0
1350.82 0
1352.32 0
1353.82 0
1355.32 0
1356.83 0
1358.33 0
1359.83 0
1361.33 0
1362.83 0
1364.33 0
1365.83 0
1367.33 0
1368.83 0
1370.33 0
1371.83 0
1373.34 0
1374.84 0
1376.34 0
1377.84 0
1379.34 0
1380.84 0
1382.34 0
1383.84 0
1385.34 0
1386.84 0
1388.34 0
1389.85 0
1391.35 0
1392.85 0
1394.35 0
1395.85 0
1397.35 0
1398.85 0
1400.35 0
1401.85 0
1403.35 0
1404.85 0
1406.36 0
1407.86 0
1409.36 0
1410.86 0
1412.36 0
1413.86 0
1415.36 0
1416.86 0
1418.36 0
1419.86 0
1421.36 0
1422.87 0
1424.37 0
1425.87 0
1427.37 0
1428.87 0
1430.37 0
1431.87 0
1433.37 0
1434.87 0
1436.37 0
1437.87 0
1439.38 0
1440.88 0
1442.38 0
1443.88 0
1445.38 0
1446.88 0
1448.38 0
1449.88 0
1451.38 0
1452.88 0
1454.38 0
1455.89 0
1457.39 0
1458.89 0
1460.39 0
1461.89 0
1463.39 0
1464.89 0
1466.39 0
1467.89 0
1469.39 0
1470.89 0
1472.4 0
1473.9 0
1475.4 0
1476.9 0
1478.4 0
1479.9 0
1481.4 0
1482.9 0
1484.4 0
1485.9 0
1487.4 0
1488.91 0
1490.41 0
1491.91 0
1493.41 0
1494.91 0
1496.41 0
1497.91 0
1499.41 0
1500.91 0
1502.41 0
1503.91 0
1505.42 0
1506.92 0
1508.42 0
1509.92 0
1511.42 0
1512.92 0
1514.42 0
1515.92 0
1517.42 0
1518.92 0
1520.42 0
1521.93 0
1523.43 0
1524.93 0
1526.43 0
1527.93 0
1529.43 0
1530.93 0
1532.43 0
1533.93 0
1535.43 0
1536.93 0
1538.44 0
1539.94 0
1541.44 0
1542.94 0
1544.44 0
1545.94 0
1547.44 0
1548.94 0
1550.44 0
1551.94 0
1553.44 0
1554.95 0
1556.45 0
1557.95 0
1559.45 0
1560.95 0
1562.45 0
1563.95 0
1565.45 0
1566.95 0
1568.45 0
1569.95 0
1571.46 0
1572.96 0
1574.46 0
1575.96 0
