-1574.67 0
-1573.17 0
-1571.67 0
-1570.17 0
-1568.67 0
-1567.17 0
-1565.67 0
-1564.16 0
-1562.66 0
-1561.16 0
-1559.66 0
-1558.16 0
-1556.66 0
-1555.16 0
-1553.66 0
-1552.15 0
-1550.65 0
-1549.15 0
-1547.65 0
-1546.15 0
-1544.65 0
-1543.15 0
-1541.65 0
-1540.15 0
-1538.64 0
-1537.14 0
-1535.64 0
-1534.14 0
-1532.64 0
-1531.14 0
-1529.64 0
-1528.14 0
-1526.64 0
-1525.13 0
-1523.63 0
-1522.13 0
-1520.63 0
-1519.13 0
-1517.63 0
-1516.13 0
-1514.63 0
-1513.13 0
-1511.62 0
-1510.12 0
-1508.62 0
-1507.12 0
-1505.62 0
-1504.12 0
-1502.62 0
-1501.12 0
-1499.62 0
-1498.11 0
-1496.61 0
-1495.11 0
-1493.61 0
-1492.11 0
-1490.61 0
-1489.11 0
-1487.61 0
-1486.11 0
-1484.6 0
-1483.1 0
-1481.6 0
-1480.1 0
-1478.6 0
-1477.1 0
-1475.6 0
-1474.1 0
-1472.6 0
-1471.09 0
-1469.59 0
-1468.09 0
-1466.59 0
-1465.09 0
-1463.59 0
-1462.09 0
-1460.59 0
-1459.09 0
-1457.58 0
-1456.08 0
-1454.58 0
-1453.08 0
-1451.58 0
-1450.08 0
-1448.58 0
-1447.08 0
-1445.58 0
-1444.07 0
-1442.57 0
-1441.07 0
-1439.57 0
-1438.07 0
-1436.57 0
-1435.07 0
-1433.57 0
-1432.07 0
-1430.56 0
-1429.06 0
-1427.56 0
-1426.06 0
-1424.56 0
-1423.06 0
-1421.56 0
-1420.06 0
-1418.56 0
-1417.05 0
-1415.55 0
-1414.05 0
-1412.55 0
-1411.05 0
-1409.55 0
-1408.05 0
-1406.55 0
-1405.05 0
-1403.54 0
-1402.04 0
-1400.54 0
-1399.04 0
-1397.54 0
-1396.04 0
-1394.54 0
-1393.04 0
-1391.54 0
-1390.03 0
-1388.53 0
-1387.03 0
-1385.53 0
-1384.03 0
-1382.53 0
-1381.03 0
-1379.53 0
-1378.03 0
-1376.52 0
-1375.02 0
-1373.52 0
-1372.02 0
-1370.52 0
-1369.02 0
-1367.52 0
-1366.02 0
-1364.52 0
-1363.01 0
-1361.51 0
-1360.01 0
-1358.51 0
-1357.01 0
-1355.51 0
-1354.01 0
-1352.51 0
-1351.01 0
-1349.5 0
-1348 0
-1346.5 0
-1345 0
-1343.5 0
-1342 0
-1340.5 0
-1339 0
-1337.5 0
-1335.99 0
-1334.49 0
-1332.99 0
-1331.49 0
-1329.99 0
-1328.49 0
-1326.99 0
-1325.49 0
-1323.99 0
-1322.48 0
-1320.98 0
-1319.48 0
-1317.98 0
-1316.48 0
-1314.98 0
-1313.48 0
-1311.98 0
-1310.48 0
-1308.97 0
-1307.47 0
-1305.97 0
-1304.47 0
-1302.97 0
-1301.47 0
-1299.97 0
-1298.47 0
-1296.97 0
-1295.46 0
-1293.96 0
-1292.46 0
-1290.96 0
-1289.46 0
-1287.96 0
-1286.46 0
-1284.96 0
-1283.46 0
-1281.95 0
-1280.45 0
-1278.95 0
-1277.45 0
-1275.95 0
-1274.45 0
-1272.95 0
-1271.45 0
-1269.94 0
-1268.44 0
-1266.94 0
-1265.44 0
-1263.94 0
-1262.44 0
-1260.94 0
-1259.44 0
-1257.94 0
-1256.43 0
-1254.93 0
-1253.43 0
-1251.93 0
-1250.43 0
-1248.93 0
-1247.43 0
-1245.93 0
-1244.43 0
-1242.92 0
-1241.42 0
-1239.92 0
-1238.42 0
-1236.92 0
-1235.42 0
-1233.92 0
-1232.42 0
-1230.92 0
-1229.41 0
-1227.91 0
-1226.41 0
-1224.91 0
-1223.41 0
-1221.91 0
-1220.41 0
-1218.91 0
-1217.41 0
-1215.9 0
-1214.4 0
-1212.9 0
-1211.4 0
-1209.9 0
-1208.4 0
-1206.9 0
-1205.4 0
-1203.9 0
-1202.39 0
-1200.89 0
-1199.39 0
-1197.89 0
-1196.39 0
-1194.89 0
-1193.39 0
-1191.89 0
-1190.39 0
-1188.88 0
-1187.38 0
-1185.88 0
-1184.38 0
-1182.88 0
-1181.38 0
-1179.88 0
-1178.38 0
-1176.88 0
-1175.37 0
-1173.87 0
-1172.37 0
-1170.87 0
-1169.37 0
-1167.87 0
-1166.37 0
-1164.87 0
-1163.37 0
-1161.86 0
-1160.36 0
-1158.86 0
-1157.36 0
-1155.86 0
-1154.36 0
-1152.86 0
-1151.36 0
-1149.86 0
-1148.35 0
-1146.85 0
-1145.35 0
-1143.85 0
-1142.35 0
-1140.85 0
-1139.35 0
-1137.85 0
-1136.35 0
-1134.84 0
-1133.34 0
-1131.84 0
-1130.34 0
-1128.84 0
-1127.34 0
-1125.84 0
-1124.34 0
-1122.84 0
-1121.33 0
-1119.83 0
-1118.33 0
-1116.83 0
-1115.33 0
-1113.83 0
-1112.33 0
-1110.83 0
-1109.33 0
-1107.82 0
-1106.32 0
-1104.82 0
-1103.32 0
-1101.82 0
-1100.32 0
-1098.82 0
-1097.32 0
-1095.82 0
-1094.31 0
-1092.81 0
-1091.31 0
-1089.81 0
-1088.31 0
-1086.81 0
-1085.31 0
-1083.81 0
-1082.31 0
-1080.8 0
-1079.3 0
-1077.8 0
-1076.3 0
-1074.8 0
-1073.3 0
-1071.8 0
-1070.3 0
-1068.8 0
-1067.29 0
-1065.79 0
-1064.29 0
-1062.79 0
-1061.29 0
-1059.79 0
-1058.29 0
-1056.79 0
-1055.29 0
-1053.78 0
-1052.28 0
-1050.78 0
-1049.28 0
-1047.78 0
-1046.28 0
-1044.78 0
-1043.28 0
-1041.78 0
-1040.27 0
-1038.77 0
-1037.27 0
-1035.77 0
-1034.27 0
-1032.77 0
-1031.27 0
-1029.77 0
-1028.27 0
-1026.76 0
-1025.26 0
-1023.76 0
-1022.26 0
-1020.76 0
-1019.26 0
-1017.76 0
-1016.26 0
-1014.76 0
-1013.25 0
-1011.75 0
-1010.25 0
-1008.75 0
-1007.25 0
-1005.75 0
-1004.25 0
-1002.75 0
-1001.25 0
-999.744 0
-998.243 0
-996.742 0
-995.241 0
-993.739 0
-992.238 0
-990.737 0
-989.236 0
-987.735 0
-986.234 0
-984.733 0
-983.232 0
-981.731 0
-980.229 0
-978.728 0
-977.227 0
-975.726 0
-974.225 0
-972.724 0
-971.223 0
-969.722 0
-968.22 0
-966.719 0
-965.218 0
-963.717 0
-962.216 0
-960.715 0
-959.214 0
-957.713 0
-956.212 0
-954.71 0
-953.209 0
-951.708 0
-950.207 0
-948.706 0
-947.205 0
-945.704 0
-944.203 0
-942.701 0
-941.2 0
-939.699 0
-938.198 0
-936.697 0
-935.196 0
-933.695 0
-932.194 0
-930.693 0
-929.191 0
-927.69 0
-926.189 0
-924.688 0
-923.187 0
-921.686 0
-920.185 0
-918.684 0
-917.182 0
-915.681 0
-914.18 0
-912.679 0
-911.178 0
-909.677 0
-908.176 0
-906.675 0
-905.174 0
-903.672 0
-902.171 0
-900.67 0
-899.169 0
-897.668 0
-896.167 0
-894.666 0
-893.165 0
-891.663 0
-890.162 0
-888.661 0
-887.16 0
-885.659 0
-884.158 0
-882.657 0
-881.156 0
-879.655 0
-878.153 0
-876.652 0
-875.151 0
-873.65 0
-872.149 0
-870.648 0
-869.147 0
-867.646 0
-866.145 0
-864.643 0
-863.142 0
-861.641 0
-860.14 0
-858.639 0
-857.138 0
-855.637 0
-854.136 0
-852.634 0
-851.133 0
-849.632 0
-848.131 0
-846.63 0
-845.129 0
-843.628 0
-842.127 0
-840.626 0
-839.124 0
-837.623 0
-836.122 0
-834.621 0
-833.12 0
-831.619 0
-830.118 0
-828.617 0
-827.115 0
-825.614 0
-824.113 0
-822.612 0
-821.111 0
-819.61 0
-818.109 0
-816.608 0
-815.107 0
-813.605 0
-812.104 0
-810.603 0
-809.102 0
-807.601 0
-806.1 0
-804.599 0
-803.098 0
-801.596 0
-800.095 0
-798.594 0
-797.093 0
-795.592 0
-794.091 0
-792.59 0
-791.089 0
-789.588 0
-788.086 0
-786.585 0
-785.084 0
-783.583 0
-782.082 0
-780.581 0
-779.08 0
-777.579 0
-776.077 0
-774.576 0
-773.075 0
-771.574 0
-770.073 0
-768.572 0
-767.071 0
-765.57 0
-764.069 0
-762.567 0
-761.066 0
-759.565 0
-758.064 0
-756.563 0
-755.062 0
-753.561 0
-752.06 0
-750.558 0
-749.057 0
-747.556 0
-746.055 0
-744.554 0
-743.053 0
-741.552 0
-740.051 0
-738.55 0
-737.048 0
-735.547 0
-734.046 0
-732.545 0
-731.044 0
-729.543 0
-728.042 0
-726.541 0
-725.04 0
-723.538 0
-722.037 0
-720.536 0
-719.035 0
-717.534 0
-716.033 0
-714.532 0
-713.031 0
-711.529 0
-710.028 0
-708.527 0
-707.026 0
-705.525 0
-704.024 0
-702.523 0
-701.022 0
-699.521 0
-698.019 0
-696.518 0
-695.017 0
-693.516 0
-692.015 0
-690.514 0
-689.013 0
-687.512 0
-686.01 0
-684.509 0
-683.008 0
-681.507 0
-680.006 0
-678.505 0
-677.004 0
-675.503 0
-674.002 0
-672.5 0
-670.999 0
-669.498 0
-667.997 0
-666.496 0
-664.995 0
-663.494 0
-661.993 0
-660.491 0
-658.99 0
-657.489 0
-655.988 0
-654.487 0
-652.986 0
-651.485 0
-649.984 0
-648.483 0
-646.981 0
-645.48 0
-643.979 0
-642.478 0
-640.977 0
-639.476 0
-637.975 0
-636.474 0
-634.972 0
-633.471 0
-631.97 0
-630.469 0
-628.968 0
-627.467 0
-625.966 0
-624.465 0
-622.964 0
-621.462 0
-619.961 0
-618.46 0
-616.959 0
-615.458 0
-613.957 0
-612.456 0
-610.955 0
-609.453 0
-607.952 0
-606.451 0
-604.95 0
-603.449 0
-601.948 0
-600.447 0
-598.946 0
-597.445 0
-595.943 0
-594.442 0
-592.941 0
-591.44 0
-589.939 0
-588.438 0
-586.937 0
-585.436 0
-583.935 0
-582.433 0
-580.932 0
-579.431 0
-577.93 0
-576.429 0
-574.928 0
-573.427 0
-571.926 0
-570.424 0
-568.923 0
-567.422 0
-565.921 0
-564.42 0
-562.919 0
-561.418 0
-559.917 0
-558.416 0
-556.914 0
-555.413 0
-553.912 0
-552.411 0
-550.91 0
-549.409 0
-547.908 0
-546.407 0
-544.905 0
-543.404 0
-541.903 0
-540.402 0
-538.901 0
-537.4 0
-535.899 0
-534.398 0
-532.897 0
-531.395 0
-529.894 0
-528.393 0
-526.892 0
-525.391 0
-523.89 0
-522.389 0
-520.888 0
-519.386 0
-517.885 0
-516.384 0
-514.883 0
-513.382 0
-511.881 0
-510.38 0
-508.879 0
-507.378 0
-505.876 0
-504.375 0
-502.874 0
-501.373 0
-499.872 0
-498.371 8.58856e-05
-496.87 8.83135e-05
-495.369 8.89204e-05
-493.867 8.86169e-05
-492.366 9.01344e-05
-490.865 9.25622e-05
-489.364 9.28657e-05
-487.863 9.52936e-05
-486.362 9.55971e-05
-484.861 9.52936e-05
-483.36 9.89354e-05
-481.859 9.98458e-05
-480.357 9.95423e-05
-478.856 9.83284e-05
-477.355 0.000100149
-475.854 0.000100756
-474.353 0.00010106
-472.852 0.000102881
-471.351 0.000101363
-469.85 0.000104398
-468.349 0.000104701
-466.847 0.000105308
-465.346 0.000105612
-463.845 0.000107433
-462.344 0.000110164
-460.843 0.000110771
-459.342 0.000111075
-457.841 0.000109557
-456.34 0.000107433
-454.838 0.000107433
-453.337 0.000105612
-451.836 0.000105308
-450.335 0.000103184
-448.834 0.000103488
-447.333 0.000102274
-445.832 0.000103184
-444.331 0.000104701
-442.83 0.000105308
-441.328 0.000105915
-439.827 0.000107736
-438.326 0.000106826
-436.825 0.000106522
-435.324 0.000107129
-433.823 0.000104398
-432.322 0.000103791
-430.821 0.000102577
-429.319 9.92388e-05
-427.818 9.86319e-05
-426.317 9.74179e-05
-424.816 9.5597e-05
-423.315 9.46866e-05
-421.814 9.22587e-05
-420.313 9.10448e-05
-418.812 9.07413e-05
-417.311 9.13483e-05
-415.809 8.92239e-05
-414.308 8.89204e-05
-412.807 8.86169e-05
-411.306 8.83135e-05
-409.805 8.83135e-05
-408.304 8.86169e-05
-406.803 8.67961e-05
-405.302 8.64926e-05
-403.8 8.55821e-05
-402.299 8.43682e-05
-400.798 8.52786e-05
-399.297 8.40647e-05
-397.796 8.46717e-05
-396.295 8.16368e-05
-394.794 8.37612e-05
-393.293 8.34577e-05
-391.792 8.31543e-05
-390.29 8.04229e-05
-388.789 8.28508e-05
-387.288 8.13334e-05
-385.787 8.19403e-05
-384.286 8.19403e-05
-382.785 8.13334e-05
-381.284 8.07264e-05
-379.783 8.01194e-05
-378.281 7.98159e-05
-376.78 7.76915e-05
-375.279 7.7995e-05
-373.778 7.98159e-05
-372.277 7.89055e-05
-370.776 7.8602e-05
-369.275 7.89055e-05
-367.774 8.01194e-05
-366.273 8.16368e-05
-364.771 8.19403e-05
-363.27 8.31543e-05
-361.769 8.37612e-05
-360.268 8.40647e-05
-358.767 8.64926e-05
-357.266 8.58856e-05
-355.765 8.70995e-05
-354.264 8.58856e-05
-352.762 8.61891e-05
-351.261 8.7403e-05
-349.76 8.7403e-05
-348.259 8.67961e-05
-346.758 8.70995e-05
-345.257 8.70995e-05
-343.756 8.92239e-05
-342.255 8.95274e-05
-340.754 8.77065e-05
-339.252 8.801e-05
-337.751 8.98309e-05
-336.25 9.04379e-05
-334.749 9.22587e-05
-333.248 8.98309e-05
-331.747 9.01344e-05
-330.246 8.83135e-05
-328.745 8.95274e-05
-327.244 8.86169e-05
-325.742 8.70995e-05
-324.241 8.52786e-05
-322.74 8.55821e-05
-321.239 8.49751e-05
-319.738 8.40647e-05
-318.237 8.40647e-05
-316.736 8.55821e-05
-315.235 8.46717e-05
-313.733 8.52786e-05
-312.232 8.37612e-05
-310.731 8.49751e-05
-309.23 8.40647e-05
-307.729 8.43682e-05
-306.228 8.28508e-05
-304.727 8.37612e-05
-303.226 8.46717e-05
-301.725 8.31543e-05
-300.223 8.40647e-05
-298.722 8.28508e-05
-297.221 8.31543e-05
-295.72 8.22438e-05
-294.219 8.37612e-05
-292.718 8.25473e-05
-291.217 8.37612e-05
-289.716 8.46717e-05
-288.214 8.37612e-05
-286.713 8.34577e-05
-285.212 8.31543e-05
-283.711 8.07264e-05
-282.21 8.01194e-05
-280.709 7.98159e-05
-279.208 8.01194e-05
-277.707 8.07264e-05
-276.206 7.8602e-05
-274.704 7.95125e-05
-273.203 7.98159e-05
-271.702 7.89055e-05
-270.201 7.70846e-05
-268.7 7.67811e-05
-267.199 7.55672e-05
-265.698 7.37463e-05
-264.197 7.46567e-05
-262.695 7.31393e-05
-261.194 7.37463e-05
-259.693 7.52637e-05
-258.192 7.40498e-05
-256.691 7.43532e-05
-255.19 7.58707e-05
-253.689 7.43532e-05
-252.188 7.73881e-05
-250.687 7.7995e-05
-249.185 7.70846e-05
-247.684 7.67811e-05
-246.183 7.8602e-05
-244.682 7.9209e-05
-243.181 8.01194e-05
-241.68 8.25473e-05
-240.179 8.34577e-05
-238.678 8.77065e-05
-237.176 8.95274e-05
-235.675 9.25622e-05
-234.174 9.49901e-05
-232.673 0.000100453
-231.172 0.000109254
-229.671 0.00011502
-228.17 0.000122303
-226.669 0.000130194
-225.168 0.000138995
-223.666 0.00014901
-222.165 0.000160542
-220.664 0.000174503
-219.163 0.000188463
-217.662 0.000205458
-216.161 0.000222453
-214.66 0.000240358
-213.159 0.000262209
-211.657 0.000282239
-210.156 0.000307125
-208.655 0.000331707
-207.154 0.000355682
-205.653 0.000384816
-204.152 0.000414254
-202.651 0.000444299
-201.15 0.000476771
-199.649 0.000509547
-198.147 0.000545965
-196.646 0.000583901
-195.145 0.000622139
-193.644 0.000663717
-192.143 0.000706508
-190.642 0.000749906
-189.141 0.000795428
-187.64 0.000841254
-186.139 0.000887383
-184.637 0.000936244
-183.136 0.000986319
-181.635 0.00103548
-180.134 0.00108768
-178.633 0.00113958
-177.132 0.00119238
-175.631 0.00124519
-174.13 0.00129891
-172.628 0.00134746
-171.127 0.00140088
-169.626 0.00145004
-168.125 0.00149769
-166.624 0.00154837
-165.123 0.00159177
-163.622 0.00163911
-162.121 0.00168463
-160.62 0.00172651
-159.118 0.00176748
-157.617 0.00180754
-156.116 0.00184487
-154.615 0.00188311
-153.114 0.00191558
-151.613 0.00194805
-150.112 0.0019781
-148.611 0.00200238
-147.109 0.0020306
-145.608 0.00205094
-144.107 0.00207279
-142.606 0.00208978
-141.105 0.00210344
-139.604 0.0021177
-138.103 0.00212772
-136.602 0.00213864
-135.101 0.00214502
-133.599 0.00214957
-132.098 0.00215139
-130.597 0.00215473
-129.096 0.00215564
-127.595 0.00215533
-126.094 0.00215321
-124.593 0.00214987
-123.092 0.00214653
-121.59 0.00214289
-120.089 0.00213773
-118.588 0.00213257
-117.087 0.0021265
-115.586 0.00211952
-114.085 0.00211194
-112.584 0.00210435
-111.083 0.0021001
-109.582 0.00209069
-108.08 0.00208432
-106.579 0.00207552
-105.078 0.00206914
-103.577 0.00206125
-102.076 0.00205458
-100.575 0.00205154
-99.0737 0.00204578
-97.5726 0.00204305
-96.0715 0.00204183
-94.5704 0.00204122
-93.0693 0.00204092
-91.5681 0.00204213
-90.067 0.00204426
-88.5659 0.00204578
-87.0648 0.00205063
-85.5637 0.00205731
-84.0626 0.00206611
-82.5614 0.00207521
-81.0603 0.00208948
-79.5592 0.00210071
-78.0581 0.0021174
-76.557 0.0021347
-75.0558 0.00215594
-73.5547 0.00217658
-72.0536 0.00220086
-70.5525 0.00222483
-69.0514 0.00224881
-67.5503 0.00227794
-66.0491 0.00230647
-64.548 0.00233803
-63.0469 0.0023699
-61.5458 0.00240753
-60.0447 0.00244273
-58.5436 0.00248006
-57.0424 0.00252255
-55.5413 0.00256382
-54.0402 0.00260722
-52.5391 0.00265183
-51.038 0.00269735
-49.5369 0.0027444
-48.0357 0.00279174
-46.5346 0.00284212
-45.0335 0.00289249
-43.5324 0.00294196
-42.0313 0.00299234
-40.5302 0.00304515
-39.029 0.00309522
-37.5279 0.00314469
-36.0268 0.00319567
-34.5257 0.00324423
-33.0246 0.00329097
-31.5235 0.00333649
-30.0223 0.00338201
-28.5212 0.00342602
-27.0201 0.00346759
-25.519 0.00350644
-24.0179 0.00354771
-22.5168 0.0035817
-21.0156 0.0036166
-19.5145 0.0036512
-18.0134 0.00368215
-16.5123 0.00371311
-15.0112 0.0037386
-13.5101 0.0037641
-12.0089 0.00378746
-10.5078 0.00381022
-9.0067 0.00382661
-7.50558 0.00384027
-6.00447 0.00385544
-4.50335 0.00386333
-3.00223 0.00387244
-1.50112 0.00387517
0 0.00387699
1.50112 0.00387426
3.00223 0.00387335
4.50335 0.00386971
6.00447 0.00386364
7.50558 0.0038515
9.0067 0.00384027
10.5078 0.00382601
12.0089 0.00380901
13.5101 0.0037905
15.0112 0.00376652
16.5123 0.00374073
18.0134 0.00371311
19.5145 0.00368428
21.0156 0.00365242
22.5168 0.00361964
24.0179 0.00358534
25.519 0.00354771
27.0201 0.00351099
28.5212 0.00347245
30.0223 0.00343269
31.5235 0.00339081
33.0246 0.00334863
34.5257 0.00330402
36.0268 0.00325849
37.5279 0.00320994
39.029 0.00316199
40.5302 0.00311495
42.0313 0.00306336
43.5324 0.00301085
45.0335 0.00296381
46.5346 0.00291465
48.0357 0.00286548
49.5369 0.00281784
51.038 0.00276958
52.5391 0.00272497
54.0402 0.00268279
55.5413 0.00263635
57.0424 0.00259387
58.5436 0.00255654
60.0447 0.00251739
61.5458 0.00248067
63.0469 0.00244577
64.548 0.00241238
66.0491 0.00238052
67.5503 0.0023532
69.0514 0.00232529
70.5525 0.00229949
72.0536 0.00227612
73.5547 0.00225336
75.0558 0.00223242
76.557 0.00221512
78.0581 0.00219843
79.5592 0.00218538
81.0603 0.00217081
82.5614 0.00215928
84.0626 0.00215139
85.5637 0.0021435
87.0648 0.00213743
88.5659 0.00213409
90.067 0.00213136
91.5681 0.00212893
93.0693 0.00212863
94.5704 0.00213075
96.0715 0.00213379
97.5726 0.00213652
99.0737 0.00214137
100.575 0.00214471
102.076 0.00215017
103.577 0.00215655
105.078 0.00216171
106.579 0.00216596
108.08 0.00217233
109.582 0.0021787
111.083 0.00218386
112.584 0.00218963
114.085 0.00219782
115.586 0.00220389
117.087 0.00221148
118.588 0.00221724
120.089 0.00222301
121.59 0.00222908
123.092 0.00223242
124.593 0.00223545
126.094 0.00223788
127.595 0.00223697
129.096 0.00223606
130.597 0.00223363
132.098 0.00223121
133.599 0.00222878
135.101 0.00222058
136.602 0.0022133
138.103 0.00220571
139.604 0.00219388
141.105 0.00218052
142.606 0.00216444
144.107 0.00214866
145.608 0.00212741
147.109 0.00210283
148.611 0.00207764
150.112 0.00205185
151.613 0.00202211
153.114 0.00199145
154.615 0.00195868
156.116 0.00192317
157.617 0.00188523
159.118 0.00184882
160.62 0.00180845
162.121 0.00176627
163.622 0.00172348
165.123 0.00167947
166.624 0.00163183
168.125 0.001586
169.626 0.00153835
171.127 0.0014898
172.628 0.00144094
174.13 0.00138965
175.631 0.001342
177.132 0.00128889
178.633 0.00124064
180.134 0.00119147
181.635 0.00114292
183.136 0.00109588
184.637 0.00105005
186.139 0.00100513
187.64 0.000963558
189.141 0.000922891
190.642 0.000882224
192.143 0.000844592
193.644 0.000807567
195.145 0.000771149
196.646 0.00073807
198.147 0.000703776
199.649 0.000669483
201.15 0.000638224
202.651 0.00061
204.152 0.000579652
205.653 0.000554159
207.154 0.000531095
208.655 0.000507726
210.156 0.000484055
211.657 0.000466756
213.159 0.000450672
214.66 0.000430642
216.161 0.000417289
217.662 0.000404239
219.163 0.000390582
220.664 0.000378746
222.165 0.00036691
223.666 0.00035811
225.168 0.000348702
226.669 0.000339597
228.17 0.000329279
229.671 0.000320174
231.172 0.000315015
232.673 0.000307428
234.174 0.000300144
235.675 0.000292861
237.176 0.000288005
238.678 0.000281328
240.179 0.000275259
241.68 0.000270707
243.181 0.000262816
244.682 0.000258871
246.183 0.000255229
247.684 0.000250373
249.185 0.000246428
250.687 0.000242483
252.188 0.000240358
253.689 0.000235199
255.19 0.000231254
256.691 0.000227612
258.192 0.000224577
259.693 0.000221239
261.194 0.000218508
262.695 0.000214866
264.197 0.000209706
265.698 0.000206975
267.199 0.000205761
268.7 0.000204244
270.201 0.000201816
271.702 0.000200299
273.203 0.000199995
274.704 0.000198174
276.206 0.000197264
277.707 0.000194532
279.208 0.000192712
280.709 0.000189373
282.21 0.000186945
283.711 0.000183304
285.212 0.000180876
286.713 0.000179055
288.214 0.000176627
289.716 0.000172378
291.217 0.000171771
292.718 0.00016995
294.219 0.000168736
295.72 0.000167522
297.221 0.000165702
298.722 0.000163274
300.223 0.000162363
301.725 0.00016206
303.226 0.000160542
304.727 0.000160239
306.228 0.000157811
307.729 0.000157811
309.23 0.00015599
310.731 0.000153866
312.232 0.000150527
313.733 0.000148707
315.235 0.000146279
316.736 0.000144154
318.237 0.000141423
319.738 0.000139299
321.239 0.000138995
322.74 0.000137478
324.241 0.000135657
325.742 0.000134443
327.244 0.000133532
328.745 0.000133229
330.246 0.000131104
331.747 0.000130194
333.248 0.00012807
334.749 0.000127463
336.25 0.000125338
337.751 0.000124731
339.252 0.000125035
340.754 0.00012291
342.255 0.000123214
343.756 0.000122303
345.257 0.000120786
346.758 0.000118662
348.259 0.00011593
349.76 0.000112289
351.261 0.000110164
352.762 0.00010804
354.264 0.000107736
355.765 0.00010895
357.266 0.000107736
358.767 0.000106219
360.268 0.000107129
361.769 0.000107129
363.27 0.000105612
364.771 0.000105308
366.273 0.000105612
367.774 0.000104701
369.275 0.000104701
370.776 0.000101363
372.277 9.98458e-05
373.778 9.95423e-05
375.279 9.77214e-05
376.78 9.6204e-05
378.281 9.52936e-05
379.783 9.6204e-05
381.284 9.49901e-05
382.785 9.49901e-05
384.286 9.40796e-05
385.787 9.25622e-05
387.288 9.13483e-05
388.789 9.13483e-05
390.29 9.10448e-05
391.792 9.01344e-05
393.293 8.92239e-05
394.794 8.92239e-05
396.295 9.01344e-05
397.796 8.92239e-05
399.297 8.86169e-05
400.798 9.01344e-05
402.299 8.7403e-05
403.8 8.61891e-05
405.302 8.58856e-05
406.803 8.77065e-05
408.304 8.6796e-05
409.805 8.64926e-05
411.306 8.70995e-05
412.807 8.77065e-05
414.308 8.6796e-05
415.809 8.83135e-05
417.311 8.86169e-05
418.812 9.01344e-05
420.313 8.89204e-05
421.814 8.83135e-05
423.315 8.86169e-05
424.816 8.801e-05
426.317 8.64926e-05
427.818 8.46717e-05
429.319 8.40647e-05
430.821 8.37612e-05
432.322 8.31542e-05
433.823 8.19403e-05
435.324 8.16368e-05
436.825 8.01194e-05
438.326 7.95125e-05
439.827 7.95125e-05
441.328 7.98159e-05
442.83 8.04229e-05
444.331 8.07264e-05
445.832 8.01194e-05
447.333 7.9209e-05
448.834 7.82985e-05
450.335 7.82985e-05
451.836 7.67811e-05
453.337 7.52637e-05
454.838 7.28358e-05
456.34 7.22289e-05
457.841 7.19254e-05
459.342 7.19254e-05
460.843 6.85871e-05
462.344 6.73731e-05
463.845 6.55522e-05
465.346 6.55522e-05
466.847 6.64627e-05
468.349 6.70697e-05
469.85 6.52488e-05
471.351 6.61592e-05
472.852 6.55522e-05
474.353 6.55522e-05
475.854 6.46418e-05
477.355 6.58557e-05
478.856 6.43383e-05
480.357 6.40348e-05
481.859 6.28209e-05
483.36 6.19105e-05
484.861 6.28209e-05
486.362 6.25174e-05
487.863 6.55523e-05
489.364 6.58557e-05
490.865 6.64627e-05
492.366 6.52488e-05
493.867 6.37314e-05
495.369 6.37314e-05
496.87 6.28209e-05
498.371 6.1607e-05
499.872 0
501.373 0
502.874 0
504.375 0
505.876 0
507.378 0
508.879 0
510.38 0
511.881 0
513.382 0
514.883 0
516.384 0
517.885 0
519.386 0
520.888 0
522.389 0
523.89 0
525.391 0
526.892 0
528.393 0
529.894 0
531.395 0
532.897 0
534.398 0
535.899 0
537.4 0
538.901 0
540.402 0
541.903 0
543.404 0
544.905 0
546.407 0
547.908 0
549.409 0
550.91 0
552.411 0
553.912 0
555.413 0
556.914 0
558.416 0
559.917 0
561.418 0
562.919 0
564.42 0
565.921 0
567.422 0
568.923 0
570.424 0
571.926 0
573.427 0
574.928 0
576.429 0
577.93 0
579.431 0
580.932 0
582.433 0
583.935 0
585.436 0
586.937 0
588.438 0
589.939 0
591.44 0
592.941 0
594.442 0
595.943 0
597.445 0
598.946 0
600.447 0
601.948 0
603.449 0
604.95 0
606.451 0
607.952 0
609.453 0
610.955 0
612.456 0
613.957 0
615.458 0
616.959 0
618.46 0
619.961 0
621.462 0
622.964 0
624.465 0
625.966 0
627.467 0
628.968 0
630.469 0
631.97 0
633.471 0
634.972 0
636.474 0
637.975 0
639.476 0
640.977 0
642.478 0
643.979 0
645.48 0
646.981 0
648.483 0
649.984 0
651.485 0
652.986 0
654.487 0
655.988 0
657.489 0
658.99 0
660.491 0
661.993 0
663.494 0
664.995 0
666.496 0
667.997 0
669.498 0
670.999 0
672.5 0
674.002 0
675.503 0
677.004 0
678.505 0
680.006 0
681.507 0
683.008 0
684.509 0
686.01 0
687.512 0
689.013 0
690.514 0
692.015 0
693.516 0
695.017 0
696.518 0
698.019 0
699.521 0
701.022 0
702.523 0
704.024 0
705.525 0
707.026 0
708.527 0
710.028 0
711.529 0
713.031 0
714.532 0
716.033 0
717.534 0
719.035 0
720.536 0
722.037 0
723.538 0
725.04 0
726.541 0
728.042 0
729.543 0
731.044 0
732.545 0
734.046 0
735.547 0
737.048 0
738.55 0
740.051 0
741.552 0
743.053 0
744.554 0
746.055 0
747.556 0
749.057 0
750.558 0
752.06 0
753.561 0
755.062 0
756.563 0
758.064 0
759.565 0
761.066 0
762.567 0
764.069 0
765.57 0
767.071 0
768.572 0
770.073 0
771.574 0
773.075 0
774.576 0
776.077 0
777.579 0
779.08 0
780.581 0
782.082 0
783.583 0
785.084 0
786.585 0
788.086 0
789.588 0
791.089 0
792.59 0
794.091 0
795.592 0
797.093 0
798.594 0
800.095 0
801.596 0
803.098 0
804.599 0
806.1 0
807.601 0
809.102 0
810.603 0
812.104 0
813.605 0
815.107 0
816.608 0
818.109 0
819.61 0
821.111 0
822.612 0
824.113 0
825.614 0
827.115 0
828.617 0
830.118 0
831.619 0
833.12 0
834.621 0
836.122 0
837.623 0
839.124 0
840.626 0
842.127 0
843.628 0
845.129 0
846.63 0
848.131 0
849.632 0
851.133 0
852.634 0
854.136 0
855.637 0
857.138 0
858.639 0
860.14 0
861.641 0
863.142 0
864.643 0
866.145 0
867.646 0
869.147 0
870.648 0
872.149 0
873.65 0
875.151 0
876.652 0
878.153 0
879.655 0
881.156 0
882.657 0
884.158 0
885.659 0
887.16 0
888.661 0
890.162 0
891.663 0
893.165 0
894.666 0
896.167 0
897.668 0
899.169 0
900.67 0
902.171 0
903.672 0
905.174 0
906.675 0
908.176 0
909.677 0
911.178 0
912.679 0
914.18 0
915.681 0
917.182 0
918.684 0
920.185 0
921.686 0
923.187 0
924.688 0
926.189 0
927.69 0
929.191 0
930.693 0
932.194 0
933.695 0
935.196 0
936.697 0
938.198 0
939.699 0
941.2 0
942.701 0
944.203 0
945.704 0
947.205 0
948.706 0
950.207 0
951.708 0
953.209 0
954.71 0
956.212 0
957.713 0
959.214 0
960.715 0
962.216 0
963.717 0
965.218 0
966.719 0
968.22 0
969.722 0
971.223 0
972.724 0
974.225 0
975.726 0
977.227 0
978.728 0
980.229 0
981.731 0
983.232 0
984.733 0
986.234 0
987.735 0
989.236 0
990.737 0
992.238 0
993.739 0
995.241 0
996.742 0
998.243 0
999.744 0
1001.25 0
1002.75 0
1004.25 0
1005.75 0
1007.25 0
1008.75 0
1010.25 0
1011.75 0
1013.25 0
1014.76 0
1016.26 0
1017.76 0
1019.26 0
1020.76 0
1022.26 0
1023.76 0
1025.26 0
1026.76 0
1028.27 0
1029.77 0
1031.27 0
1032.77 0
1034.27 0
1035.77 0
1037.27 0
1038.77 0
1040.27 0
1041.78 0
1043.28 0
1044.78 0
1046.28 0
1047.78 0
1049.28 0
1050.78 0
1052.28 0
1053.78 0
1055.29 0
1056.79 0
1058.29 0
1059.79 0
1061.29 0
1062.79 0
1064.29 0
1065.79 0
1067.29 0
1068.8 0
1070.3 0
1071.8 0
1073.3 0
1074.8 0
1076.3 0
1077.8 0
1079.3 0
1080.8 0
1082.31 0
1083.81 0
1085.31 0
1086.81 0
1088.31 0
1089.81 0
1091.31 0
1092.81 0
1094.31 0
1095.82 0
1097.32 0
1098.82 0
1100.32 0
1101.82 0
1103.32 0
1104.82 0
1106.32 0
1107.82 0
1109.33 0
1110.83 0
1112.33 0
1113.83 0
1115.33 0
1116.83 0
1118.33 0
1119.83 0
1121.33 0
1122.84 0
1124.34 0
1125.84 0
1127.34 0
1128.84 0
1130.34 0
1131.84 0
1133.34 0
1134.84 0
1136.35 0
1137.85 0
1139.35 0
1140.85 0
1142.35 0
1143.85 0
1145.35 0
1146.85 0
1148.35 0
1149.86 0
1151.36 0
1152.86 0
1154.36 0
1155.86 0
1157.36 0
1158.86 0
1160.36 0
1161.86 0
1163.37 0
1164.87 0
1166.37 0
1167.87 0
1169.37 0
1170.87 0
1172.37 0
1173.87 0
1175.37 0
1176.88 0
1178.38 0
1179.88 0
1181.38 0
1182.88 0
1184.38 0
1185.88 0
1187.38 0
1188.88 0
1190.39 0
1191.89 0
1193.39 0
1194.89 0
1196.39 0
1197.89 0
1199.39 0
1200.89 0
1202.39 0
1203.9 0
1205.4 0
1206.9 0
1208.4 0
1209.9 0
1211.4 0
1212.9 0
1214.4 0
1215.9 0
1217.41 0
1218.91 0
1220.41 0
1221.91 0
1223.41 0
1224.91 0
1226.41 0
1227.91 0
1229.41 0
1230.92 0
1232.42 0
1233.92 0
1235.42 0
1236.92 0
1238.42 0
1239.92 0
1241.42 0
1242.92 0
1244.43 0
1245.93 0
1247.43 0
1248.93 0
1250.43 0
1251.93 0
1253.43 0
1254.93 0
1256.43 0
1257.94 0
1259.44 0
1260.94 0
1262.44 0
1263.94 0
1265.44 0
1266.94 0
1268.44 0
1269.94 0
1271.45 0
1272.95 0
1274.45 0
1275.95 0
1277.45 0
1278.95 0
1280.45 0
1281.95 0
1283.46 0
1284.96 0
1286.46 0
1287.96 0
1289.46 0
1290.96 0
1292.46 0
1293.96 0
1295.46 0
1296.97 0
1298.47 0
1299.97 0
1301.47 0
1302.97 0
1304.47 0
1305.97 0
1307.47 0
1308.97 0
1310.48 0
1311.98 0
1313.48 0
1314.98 0
1316.48 0
1317.98 0
1319.48 0
1320.98 0
1322.48 0
1323.99 0
1325.49 0
1326.99 0
1328.49 0
1329.99 0
1331.49 0
1332.99 0
1334.49 0
1335.99 0
1337.5 0
1339 0
1340.5 0
1342 0
1343.5 0
1345 0
1346.5 0
1348 0
1349.5 0
1351.01 0
1352.51 0
1354.01 0
1355.51 0
1357.01 0
1358.51 0
1360.01 0
1361.51 0
1363.01 0
1364.52 0
1366.02 0
1367.52 0
1369.02 0
1370.52 0
1372.02 0
1373.52 0
1375.02 0
1376.52 0
1378.03 0
1379.53 0
1381.03 0
1382.53 0
1384.03 0
1385.53 0
1387.03 0
1388.53 0
1390.03 0
1391.54 0
1393.04 0
1394.54 0
1396.04 0
1397.54 0
1399.04 0
1400.54 0
1402.04 0
1403.54 0
1405.05 0
1406.55 0
1408.05 0
1409.55 0
1411.05 0
1412.55 0
1414.05 0
1415.55 0
1417.05 0
1418.56 0
1420.06 0
1421.56 0
1423.06 0
1424.56 0
1426.06 0
1427.56 0
1429.06 0
1430.56 0
1432.07 0
1433.57 0
1435.07 0
1436.57 0
1438.07 0
1439.57 0
1441.07 0
1442.57 0
1444.07 0
1445.58 0
1447.08 0
1448.58 0
1450.08 0
1451.58 0
1453.08 0
1454.58 0
1456.08 0
1457.58 0
1459.09 0
1460.59 0
1462.09 0
1463.59 0
1465.09 0
1466.59 0
1468.09 0
1469.59 0
1471.09 0
1472.6 0
1474.1 0
1475.6 0
1477.1 0
1478.6 0
1480.1 0
1481.6 0
1483.1 0
1484.6 0
1486.11 0
1487.61 0
1489.11 0
1490.61 0
1492.11 0
1493.61 0
1495.11 0
1496.61 0
1498.11 0
1499.62 0
1501.12 0
1502.62 0
1504.12 0
1505.62 0
1507.12 0
1508.62 0
1510.12 0
1511.62 0
1513.13 0
1514.63 0
1516.13 0
1517.63 0
1519.13 0
1520.63 0
1522.13 0
1523.63 0
1525.13 0
1526.64 0
1528.14 0
1529.64 0
1531.14 0
1532.64 0
1534.14 0
1535.64 0
1537.14 0
1538.64 0
1540.15 0
1541.65 0
1543.15 0
1544.65 0
1546.15 0
1547.65 0
1549.15 0
1550.65 0
1552.15 0
1553.66 0
1555.16 0
1556.66 0
1558.16 0
1559.66 0
1561.16 0
1562.66 0
1564.16 0
1565.67 0
1567.17 0
1568.67 0
1570.17 0
1571.67 0
1573.17 0
1574.67 0
