-1575.96 0
-1574.46 0
-1572.96 0
-1571.46 0
-1569.95 0
-1568.45 0
-1566.95 0
-1565.45 0
-1563.95 0
-1562.45 0
-1560.95 0
-1559.45 0
-1557.95 0
-1556.45 0
-1554.95 0
-1553.44 0
-1551.94 0
-1550.44 0
-1548.94 0
-1547.44 0
-1545.94 0
-1544.44 0
-1542.94 0
-1541.44 0
-1539.94 0
-1538.44 0
-1536.93 0
-1535.43 0
-1533.93 0
-1532.43 0
-1530.93 0
-1529.43 0
-1527.93 0
-1526.43 0
-1524.93 0
-1523.43 0
-1521.93 0
-1520.42 0
-1518.92 0
-1517.42 0
-1515.92 0
-1514.42 0
-1512.92 0
-1511.42 0
-1509.92 0
-1508.42 0
-1506.92 0
-1505.42 0
-1503.91 0
-1502.41 0
-1500.91 0
-1499.41 0
-1497.91 0
-1496.41 0
-1494.91 0
-1493.41 0
-1491.91 0
-1490.41 0
-1488.91 0
-1487.4 0
-1485.9 0
-1484.4 0
-1482.9 0
-1481.4 0
-1479.9 0
-1478.4 0
-1476.9 0
-1475.4 0
-1473.9 0
-1472.4 0
-1470.89 0
-1469.39 0
-1467.89 0
-1466.39 0
-1464.89 0
-1463.39 0
-1461.89 0
-1460.39 0
-1458.89 0
-1457.39 0
-1455.89 0
-1454.38 0
-1452.88 0
-1451.38 0
-1449.88 0
-1448.38 0
-1446.88 0
-1445.38 0
-1443.88 0
-1442.38 0
-1440.88 0
-1439.38 0
-1437.87 0
-1436.37 0
-1434.87 0
-1433.37 0
-1431.87 0
-1430.37 0
-1428.87 0
-1427.37 0
-1425.87 0
-1424.37 0
-1422.87 0
-1421.36 0
-1419.86 0
-1418.36 0
-1416.86 0
-1415.36 0
-1413.86 0
-1412.36 0
-1410.86 0
-1409.36 0
-1407.86 0
-1406.36 0
-1404.85 0
-1403.35 0
-1401.85 0
-1400.35 0
-1398.85 0
-1397.35 0
-1395.85 0
-1394.35 0
-1392.85 0
-1391.35 0
-1389.85 0
-1388.34 0
-1386.84 0
-1385.34 0
-1383.84 0
-1382.34 0
-1380.84 0
-1379.34 0
-1377.84 0
-1376.34 0
-1374.84 0
-1373.34 0
-1371.83 0
-1370.33 0
-1368.83 0
-1367.33 0
-1365.83 0
-1364.33 0
-1362.83 0
-1361.33 0
-1359.83 0
-1358.33 0
-1356.83 0
-1355.32 0
-1353.82 0
-1352.32 0
-1350.82 0
-1349.32 0
-1347.82 0
-1346.32 0
-1344.82 0
-1343.32 0
-1341.82 0
-1340.32 0
-1338.81 0
-1337.31 0
-1335.81 0
-1334.31 0
-1332.81 0
-1331.31 0
-1329.81 0
-1328.31 0
-1326.81 0
-1325.31 0
-1323.81 0
-1322.3 0
-1320.8 0
-1319.3 0
-1317.8 0
-1316.3 0
-1314.8 0
-1313.3 0
-1311.8 0
-1310.3 0
-1308.8 0
-1307.3 0
-1305.79 0
-1304.29 0
-1302.79 0
-1301.29 0
-1299.79 0
-1298.29 0
-1296.79 0
-1295.29 0
-1293.79 0
-1292.29 0
-1290.79 0
-1289.28 0
-1287.78 0
-1286.28 0
-1284.78 0
-1283.28 0
-1281.78 0
-1280.28 0
-1278.78 0
-1277.28 0
-1275.78 0
-1274.28 0
-1272.77 0
-1271.27 0
-1269.77 0
-1268.27 0
-1266.77 0
-1265.27 0
-1263.77 0
-1262.27 0
-1260.77 0
-1259.27 0
-1257.77 0
-1256.26 0
-1254.76 0
-1253.26 0
-1251.76 0
-1250.26 0
-1248.76 0
-1247.26 0
-1245.76 0
-1244.26 0
-1242.76 0
-1241.26 0
-1239.75 0
-1238.25 0
-1236.75 0
-1235.25 0
-1233.75 0
-1232.25 0
-1230.75 0
-1229.25 0
-1227.75 0
-1226.25 0
-1224.74 0
-1223.24 0
-1221.74 0
-1220.24 0
-1218.74 0
-1217.24 0
-1215.74 0
-1214.24 0
-1212.74 0
-1211.24 0
-1209.74 0
-1208.23 0
-1206.73 0
-1205.23 0
-1203.73 0
-1202.23 0
-1200.73 0
-1199.23 0
-1197.73 0
-1196.23 0
-1194.73 0
-1193.23 0
-1191.72 0
-1190.22 0
-1188.72 0
-1187.22 0
-1185.72 0
-1184.22 0
-1182.72 0
-1181.22 0
-1179.72 0
-1178.22 0
-1176.72 0
-1175.21 0
-1173.71 0
-1172.21 0
-1170.71 0
-1169.21 0
-1167.71 0
-1166.21 0
-1164.71 0
-1163.21 0
-1161.71 0
-1160.21 0
-1158.7 0
-1157.2 0
-1155.7 0
-1154.2 0
-1152.7 0
-1151.2 0
-1149.7 0
-1148.2 0
-1146.7 0
-1145.2 0
-1143.7 0
-1142.19 0
-1140.69 0
-1139.19 0
-1137.69 0
-1136.19 0
-1134.69 0
-1133.19 0
-1131.69 0
-1130.19 0
-1128.69 0
-1127.19 0
-1125.68 0
-1124.18 0
-1122.68 0
-1121.18 0
-1119.68 0
-1118.18 0
-1116.68 0
-1115.18 0
-1113.68 0
-1112.18 0
-1110.68 0
-1109.17 0
-1107.67 0
-1106.17 0
-1104.67 0
-1103.17 0
-1101.67 0
-1100.17 0
-1098.67 0
-1097.17 0
-1095.67 0
-1094.17 0
-1092.66 0
-1091.16 0
-1089.66 0
-1088.16 0
-1086.66 0
-1085.16 0
-1083.66 0
-1082.16 0
-1080.66 0
-1079.16 0
-1077.66 0
-1076.15 0
-1074.65 0
-1073.15 0
-1071.65 0
-1070.15 0
-1068.65 0
-1067.15 0
-1065.65 0
-1064.15 0
-1062.65 0
-1061.15 0
-1059.64 0
-1058.14 0
-1056.64 0
-1055.14 0
-1053.64 0
-1052.14 0
-1050.64 0
-1049.14 0
-1047.64 0
-1046.14 0
-1044.64 0
-1043.13 0
-1041.63 0
-1040.13 0
-1038.63 0
-1037.13 0
-1035.63 0
-1034.13 0
-1032.63 0
-1031.13 0
-1029.63 0
-1028.13 0
-1026.62 0
-1025.12 0
-1023.62 0
-1022.12 0
-1020.62 0
-1019.12 0
-1017.62 0
-1016.12 0
-1014.62 0
-1013.12 0
-1011.62 0
-1010.11 0
-1008.61 0
-1007.11 0
-1005.61 0
-1004.11 0
-1002.61 0
-1001.11 0
-999.608 0
-998.107 0
-996.606 0
-995.105 0
-993.604 0
-992.103 0
-990.603 0
-989.102 0
-987.601 0
-986.1 0
-984.599 0
-983.098 0
-981.597 0
-980.096 0
-978.595 0
-977.094 0
-975.593 0
-974.093 0
-972.592 0
-971.091 0
-969.59 0
-968.089 0
-966.588 0
-965.087 0
-963.586 0
-962.085 0
-960.584 0
-959.083 0
-957.582 0
-956.082 0
-954.581 0
-953.08 0
-951.579 0
-950.078 0
-948.577 0
-947.076 0
-945.575 0
-944.074 0
-942.573 0
-941.072 0
-939.572 0
-938.071 0
-936.57 0
-935.069 0
-933.568 0
-932.067 0
-930.566 0
-929.065 0
-927.564 0
-926.063 0
-924.562 0
-923.061 0
-921.561 0
-920.06 0
-918.559 0
-917.058 0
-915.557 0
-914.056 0
-912.555 0
-911.054 0
-909.553 0
-908.052 0
-906.551 0
-905.051 0
-903.55 0
-902.049 0
-900.548 0
-899.047 0
-897.546 0
-896.045 0
-894.544 0
-893.043 0
-891.542 0
-890.041 0
-888.54 0
-887.04 0
-885.539 0
-884.038 0
-882.537 0
-881.036 0
-879.535 0
-878.034 0
-876.533 0
-875.032 0
-873.531 0
-872.03 0
-870.53 0
-869.029 0
-867.528 0
-866.027 0
-864.526 0
-863.025 0
-861.524 0
-860.023 0
-858.522 0
-857.021 0
-855.52 0
-854.019 0
-852.519 0
-851.018 0
-849.517 0
-848.016 0
-846.515 0
-845.014 0
-843.513 0
-842.012 0
-840.511 0
-839.01 0
-837.509 0
-836.009 0
-834.508 0
-833.007 0
-831.506 0
-830.005 0
-828.504 0
-827.003 0
-825.502 0
-824.001 0
-822.5 0
-820.999 0
-819.498 0
-817.998 0
-816.497 0
-814.996 0
-813.495 0
-811.994 0
-810.493 0
-808.992 0
-807.491 0
-805.99 0
-804.489 0
-802.988 0
-801.488 0
-799.987 0
-798.486 0
-796.985 0
-795.484 0
-793.983 0
-792.482 0
-790.981 0
-789.48 0
-787.979 0
-786.478 0
-784.977 0
-783.477 0
-781.976 0
-780.475 0
-778.974 0
-777.473 0
-775.972 0
-774.471 0
-772.97 0
-771.469 0
-769.968 0
-768.467 0
-766.967 0
-765.466 0
-763.965 0
-762.464 0
-760.963 0
-759.462 0
-757.961 0
-756.46 0
-754.959 0
-753.458 0
-751.957 0
-750.456 0
-748.956 0
-747.455 0
-745.954 0
-744.453 0
-742.952 0
-741.451 0
-739.95 0
-738.449 0
-736.948 0
-735.447 0
-733.946 0
-732.446 0
-730.945 0
-729.444 0
-727.943 0
-726.442 0
-724.941 0
-723.44 0
-721.939 0
-720.438 0
-718.937 0
-717.436 0
-715.935 0
-714.435 0
-712.934 0
-711.433 0
-709.932 0
-708.431 0
-706.93 0
-705.429 0
-703.928 0
-702.427 0
-700.926 0
-699.425 0
-697.925 0
-696.424 0
-694.923 0
-693.422 0
-691.921 0
-690.42 0
-688.919 0
-687.418 0
-685.917 0
-684.416 0
-682.915 0
-681.414 0
-679.914 0
-678.413 0
-676.912 0
-675.411 0
-673.91 0
-672.409 0
-670.908 0
-669.407 0
-667.906 0
-666.405 0
-664.904 0
-663.404 0
-661.903 0
-660.402 0
-658.901 0
-657.4 0
-655.899 0
-654.398 0
-652.897 0
-651.396 0
-649.895 0
-648.394 0
-646.893 0
-645.393 0
-643.892 0
-642.391 0
-640.89 0
-639.389 0
-637.888 0
-636.387 0
-634.886 0
-633.385 0
-631.884 0
-630.383 0
-628.883 0
-627.382 0
-625.881 0
-624.38 0
-622.879 0
-621.378 0
-619.877 0
-618.376 0
-616.875 0
-615.374 0
-613.873 0
-612.372 0
-610.872 0
-609.371 0
-607.87 0
-606.369 0
-604.868 0
-603.367 0
-601.866 0
-600.365 0
-598.864 0
-597.363 0
-595.862 0
-594.362 0
-592.861 0
-591.36 0
-589.859 0
-588.358 0
-586.857 0
-585.356 0
-583.855 0
-582.354 0
-580.853 0
-579.352 0
-577.851 0
-576.351 0
-574.85 0
-573.349 0
-571.848 0
-570.347 0
-568.846 0
-567.345 0
-565.844 0
-564.343 0
-562.842 0
-561.341 0
-559.841 0
-558.34 0
-556.839 0
-555.338 0
-553.837 0
-552.336 0
-550.835 0
-549.334 0
-547.833 0
-546.332 0
-544.831 0
-543.33 0
-541.83 0
-540.329 0
-538.828 0
-537.327 0
-535.826 0
-534.325 0
-532.824 0
-531.323 0
-529.822 0
-528.321 0
-526.82 0
-525.32 0
-523.819 0
-522.318 0
-520.817 0
-519.316 0
-517.815 0
-516.314 0
-514.813 0
-513.312 0
-511.811 0
-510.31 0
-508.809 0
-507.309 0
-505.808 0
-504.307 0
-502.806 0
-501.305 0
-499.804 0
-498.303 0
-496.802 0
-495.301 0
-493.8 0
-492.299 0
-490.799 0
-489.298 0
-487.797 0.00011222
-486.296 0.000112518
-484.795 0.000114309
-483.294 0.000114906
-481.793 0.000114309
-480.292 0.000115801
-478.791 0.000116995
-477.29 0.000117293
-475.789 0.00011789
-474.288 0.000118786
-472.788 0.000120576
-471.287 0.000119681
-469.786 0.000122069
-468.285 0.000122069
-466.784 0.000124456
-465.283 0.000124158
-463.782 0.000124755
-462.281 0.000125352
-460.78 0.000124456
-459.279 0.000125053
-457.778 0.000124456
-456.278 0.000123859
-454.777 0.000123859
-453.276 0.000123561
-451.775 0.000122367
-450.274 0.000120576
-448.773 0.000120576
-447.272 0.000120875
-445.771 0.000122069
-444.27 0.000120278
-442.769 0.000119383
-441.268 0.000120576
-439.767 0.000122367
-438.267 0.000121173
-436.766 0.000119383
-435.265 0.0001161
-433.764 0.000114906
-432.263 0.000113413
-430.762 0.000111324
-429.261 0.000110727
-427.76 0.000109533
-426.259 0.000106847
-424.758 0.000105355
-423.257 0.00010446
-421.757 0.00010237
-420.256 0.000100878
-418.755 0.000100281
-417.254 9.96844e-05
-415.753 9.72967e-05
-414.252 9.69983e-05
-412.751 9.5506e-05
-411.25 9.64014e-05
-409.749 9.40137e-05
-408.248 9.40137e-05
-406.747 9.46106e-05
-405.246 9.37153e-05
-403.746 9.25214e-05
-402.245 8.95369e-05
-400.744 8.86415e-05
-399.243 8.68508e-05
-397.742 8.68508e-05
-396.241 8.44631e-05
-394.74 8.32693e-05
-393.239 8.29708e-05
-391.738 8.23739e-05
-390.237 8.11801e-05
-388.736 7.96878e-05
-387.236 7.96878e-05
-385.735 7.93894e-05
-384.234 7.96878e-05
-382.733 7.90909e-05
-381.232 7.75986e-05
-379.731 7.87925e-05
-378.23 7.96878e-05
-376.729 7.99863e-05
-375.228 8.02847e-05
-373.727 8.11801e-05
-372.226 8.23739e-05
-370.725 8.32693e-05
-369.225 8.38662e-05
-367.724 8.32693e-05
-366.223 8.29708e-05
-364.722 8.20755e-05
-363.221 8.32693e-05
-361.72 8.1777e-05
-360.219 8.32693e-05
-358.718 8.26724e-05
-357.217 8.23739e-05
-355.716 8.41647e-05
-354.215 8.47616e-05
-352.715 8.68508e-05
-351.214 8.86415e-05
-349.713 9.10292e-05
-348.212 9.04322e-05
-346.711 8.95369e-05
-345.21 9.19245e-05
-343.709 9.2223e-05
-342.208 9.10292e-05
-340.707 9.25214e-05
-339.206 9.16261e-05
-337.705 9.16261e-05
-336.205 9.07307e-05
-334.704 9.13276e-05
-333.203 9.2223e-05
-331.702 9.19245e-05
-330.201 9.13276e-05
-328.7 9.19245e-05
-327.199 9.16261e-05
-325.698 9.07307e-05
-324.197 9.28199e-05
-322.696 9.43122e-05
-321.195 9.52075e-05
-319.694 9.58045e-05
-318.194 9.72967e-05
-316.693 9.90875e-05
-315.192 9.8789e-05
-313.691 9.99828e-05
-312.19 0.00010058
-310.689 9.99828e-05
-309.188 9.96844e-05
-307.687 9.90875e-05
-306.186 9.90875e-05
-304.685 9.8789e-05
-303.184 9.81921e-05
-301.684 9.90875e-05
-300.183 0.00010058
-298.682 0.000104161
-297.181 0.00010625
-295.68 0.000106847
-294.179 0.000107743
-292.678 0.00011013
-291.177 0.00011222
-289.676 0.000113115
-288.175 0.000113115
-286.674 0.000115204
-285.173 0.000115503
-283.673 0.000116995
-282.172 0.000118487
-280.671 0.000121173
-279.17 0.000122367
-277.669 0.000123859
-276.168 0.000124755
-274.667 0.000127739
-273.166 0.000130127
-271.665 0.00013341
-270.164 0.000136992
-268.663 0.000139081
-267.163 0.000141767
-265.662 0.000145647
-264.161 0.000147736
-262.66 0.000151019
-261.159 0.000156093
-259.658 0.000159077
-258.157 0.000163256
-256.656 0.000165643
-255.155 0.000168926
-253.654 0.000173702
-252.153 0.00017788
-250.652 0.000182357
-249.152 0.000185043
-247.651 0.000191311
-246.15 0.00019728
-244.649 0.000201458
-243.148 0.000205636
-241.647 0.000212501
-240.146 0.000217276
-238.645 0.000222947
-237.144 0.000228319
-235.643 0.00023399
-234.142 0.000240556
-232.642 0.000250405
-231.141 0.000259657
-229.64 0.000267417
-228.139 0.000276072
-226.638 0.000286817
-225.137 0.000295173
-223.636 0.000307112
-222.135 0.000317558
-220.634 0.000325914
-219.133 0.000336062
-217.632 0.000349791
-216.131 0.000362624
-214.631 0.000372474
-213.13 0.00038859
-211.629 0.000402618
-210.128 0.000419331
-208.627 0.00043306
-207.126 0.000450669
-205.625 0.000469173
-204.124 0.000486484
-202.623 0.000505884
-201.122 0.000526776
-199.621 0.000544683
-198.121 0.000564978
-196.62 0.000588854
-195.119 0.000611835
-193.618 0.000637503
-192.117 0.000660782
-190.616 0.000683764
-189.115 0.000710028
-187.614 0.000734501
-186.113 0.000761959
-184.612 0.000788522
-183.111 0.000816577
-181.61 0.000847318
-180.11 0.000878059
-178.609 0.000910292
-177.108 0.000942823
-175.607 0.000976549
-174.106 0.00101147
-172.605 0.00104609
-171.104 0.00108071
-169.603 0.00111712
-168.102 0.00115174
-166.601 0.00118577
-165.1 0.00122069
-163.6 0.00125531
-162.099 0.00129023
-160.598 0.00132544
-159.097 0.00136275
-157.596 0.00139737
-156.095 0.00143259
-154.594 0.00147139
-153.093 0.0015084
-151.592 0.00154272
-150.091 0.00157854
-148.59 0.00161375
-147.089 0.00164808
-145.589 0.0016818
-144.088 0.00171612
-142.587 0.00174895
-141.086 0.00178298
-139.585 0.00181491
-138.084 0.00184715
-136.583 0.00187908
-135.082 0.00190893
-133.581 0.00193728
-132.08 0.00196534
-130.579 0.00199458
-129.079 0.00202115
-127.578 0.00204771
-126.077 0.00207308
-124.576 0.00209636
-123.075 0.00212023
-121.574 0.00214262
-120.073 0.0021647
-118.572 0.0021844
-117.071 0.0022047
-115.57 0.00222678
-114.069 0.00224469
-112.568 0.00226111
-111.068 0.0022823
-109.567 0.00229782
-108.066 0.00231483
-106.565 0.00233214
-105.064 0.00235124
-103.563 0.00236825
-102.062 0.00238288
-100.561 0.00240049
-99.0603 0.00241601
-97.5593 0.00243063
-96.0584 0.00244824
-94.5575 0.00246406
-93.0566 0.00248047
-91.5557 0.0024942
-90.0548 0.0025136
-88.5539 0.00252942
-87.053 0.00254822
-85.552 0.00256732
-84.0511 0.00258612
-82.5502 0.00260702
-81.0493 0.00262821
-79.5484 0.00265029
-78.0475 0.00267238
-76.5466 0.00269626
-75.0456 0.00272073
-73.5447 0.0027467
-72.0438 0.00277445
-70.5429 0.0028034
-69.042 0.00283295
-67.5411 0.00286518
-66.0402 0.00289861
-64.5393 0.00293293
-63.0383 0.00296695
-61.5374 0.00300456
-60.0365 0.00304396
-58.5356 0.00308186
-57.0347 0.00312066
-55.5338 0.00316304
-54.0329 0.00320393
-52.532 0.00324452
-51.031 0.00328899
-49.5301 0.00333286
-48.0292 0.00337584
-46.5283 0.0034224
-45.0274 0.00346925
-43.5265 0.00351641
-42.0256 0.00356506
-40.5246 0.00361192
-39.0237 0.00365937
-37.5228 0.00370713
-36.0219 0.00375518
-34.521 0.00380382
-33.0201 0.00384829
-31.5192 0.00389306
-30.0183 0.00393753
-28.5173 0.00397992
-27.0164 0.00401812
-25.5155 0.00405811
-24.0146 0.00409303
-22.5137 0.00412855
-21.0128 0.00416108
-19.5119 0.00419331
-18.011 0.00422375
-16.51 0.0042524
-15.0091 0.00427598
-13.5082 0.00429717
-12.0073 0.00431896
-10.5064 0.00433896
-9.00548 0.00435299
-7.50456 0.00436672
-6.00365 0.00437836
-4.50274 0.00438552
-3.00183 0.00439
-1.50091 0.00439268
0 0.00439298
1.50091 0.0043891
3.00183 0.00438283
4.50274 0.00437358
6.00365 0.00436373
7.50456 0.00434612
9.00548 0.00433239
10.5064 0.0043106
12.0073 0.00428434
13.5082 0.00425897
15.0091 0.00422823
16.51 0.00419719
18.011 0.00416108
19.5119 0.00412318
21.0128 0.00408229
22.5137 0.00403871
24.0146 0.00399275
25.5155 0.00394708
27.0164 0.00389127
28.5173 0.00384352
30.0183 0.00378681
31.5192 0.00372712
33.0201 0.00366892
34.521 0.00360744
36.0219 0.00354566
37.5228 0.00348149
39.0237 0.00341583
40.5246 0.00335256
42.0256 0.00328929
43.5265 0.00322602
45.0274 0.00316155
46.5283 0.00309887
48.0292 0.00303679
49.5301 0.00297143
51.031 0.00290816
52.532 0.00284608
54.0329 0.00278281
55.5338 0.00272162
57.0347 0.00265984
58.5356 0.00260194
60.0365 0.00254494
61.5374 0.00249151
63.0383 0.00243869
64.5393 0.00239004
66.0402 0.00234109
67.5411 0.00229692
69.042 0.00225454
70.5429 0.00221246
72.0438 0.00217276
73.5447 0.00213545
75.0456 0.00210143
76.5466 0.00206681
78.0475 0.00203607
79.5484 0.00200772
81.0493 0.00198085
82.5502 0.00195549
84.0511 0.0019331
85.552 0.0019134
87.053 0.00189311
88.5539 0.0018755
90.0548 0.00186028
91.5557 0.00184386
93.0566 0.00182984
94.5575 0.00181521
96.0584 0.00180506
97.5593 0.00179402
99.0603 0.00178656
100.561 0.00177761
102.062 0.00177044
103.563 0.00176298
105.064 0.00175522
106.565 0.00175134
108.066 0.00174537
109.567 0.00173821
111.068 0.00172955
112.568 0.00172329
114.069 0.00171851
115.57 0.00171254
117.071 0.00170508
118.572 0.00169732
120.073 0.00168956
121.574 0.00168061
123.075 0.00167046
124.576 0.00165882
126.077 0.00164718
127.578 0.00163106
129.079 0.00162002
130.579 0.00160361
132.08 0.001586
133.581 0.00156928
135.082 0.00154899
136.583 0.00152929
138.084 0.00150959
139.585 0.00148781
141.086 0.00146482
142.587 0.00144184
144.088 0.00141618
145.589 0.0013911
147.089 0.00136633
148.59 0.00133768
150.091 0.00130903
151.592 0.00127829
153.093 0.00124785
154.594 0.00121591
156.095 0.00118308
157.596 0.00115234
159.097 0.00111832
160.598 0.0010822
162.099 0.00104669
163.6 0.00101266
165.1 0.00097834
166.601 0.000943421
168.102 0.000909396
169.603 0.00087776
171.104 0.000846124
172.605 0.000815084
174.106 0.000785537
175.607 0.000754796
177.108 0.000725846
178.609 0.000696299
180.11 0.000668542
181.61 0.000643472
183.111 0.000617506
184.612 0.000592137
186.113 0.00056647
187.614 0.000540803
189.115 0.000519016
190.616 0.000496333
192.117 0.000474844
193.618 0.000456638
195.119 0.000438731
196.62 0.000421122
198.121 0.000405304
199.621 0.000389187
201.122 0.000374563
202.623 0.000362027
204.124 0.000349492
205.625 0.000339942
207.126 0.000331883
208.627 0.000324124
210.128 0.000316065
211.629 0.000308007
213.13 0.000303829
214.631 0.000298158
216.131 0.000293681
217.632 0.0002901
219.133 0.000287414
220.634 0.000282638
222.135 0.000277564
223.636 0.000275774
225.137 0.000273983
226.638 0.000272789
228.139 0.000272491
229.64 0.000272491
231.141 0.000271595
232.642 0.000273088
234.142 0.000276072
235.643 0.000276072
237.144 0.000275475
238.645 0.000276968
240.146 0.000277863
241.647 0.000276669
243.148 0.000276968
244.649 0.000276072
246.15 0.000275774
247.651 0.000276072
249.152 0.000275177
250.652 0.000275475
252.153 0.000274281
253.654 0.000274878
255.155 0.000273386
256.656 0.000270401
258.157 0.000268909
259.658 0.000269506
261.159 0.000266521
262.66 0.000263537
264.161 0.000261746
265.662 0.000258762
267.163 0.000256672
268.663 0.00025518
270.164 0.000249509
271.665 0.000245033
273.166 0.000241153
274.667 0.000235482
276.168 0.000231602
277.669 0.000227125
279.17 0.000222051
280.671 0.000216978
282.172 0.000211605
283.673 0.000205039
285.173 0.000201756
286.674 0.000196981
288.175 0.000190117
289.676 0.000185043
291.177 0.000178775
292.678 0.000174597
294.179 0.000168926
295.68 0.000162062
297.181 0.000158779
298.682 0.000155197
300.183 0.000150124
301.684 0.000148631
303.184 0.000144154
304.685 0.000139081
306.186 0.000135499
307.687 0.000131619
309.188 0.000127739
310.689 0.000122666
312.19 0.000119383
313.691 0.000117592
315.192 0.000114906
316.693 0.000113413
318.194 0.000112816
319.694 0.000109533
321.195 0.000108937
322.696 0.000109832
324.197 0.000109533
325.698 0.000110429
327.199 0.000109235
328.7 0.000108041
330.201 0.000105952
331.702 0.000103266
333.203 0.000104758
334.704 0.00010446
336.205 0.000105057
337.705 0.000104758
339.206 0.00010625
340.707 0.000108638
342.208 0.000110429
343.709 0.000110727
345.21 0.000112518
346.711 0.00011401
348.212 0.000114906
349.713 0.000114309
351.214 0.000117592
352.715 0.000118786
354.215 0.000116995
355.716 0.000116696
357.217 0.000116099
358.718 0.000116995
360.219 0.000115204
361.72 0.00011401
363.221 0.000112816
364.722 0.000112816
366.223 0.00011222
367.724 0.000111623
369.225 0.000111623
370.725 0.000112816
372.226 0.000111921
373.727 0.000110429
375.228 0.000111026
376.729 0.000108638
378.23 0.000109235
379.731 0.000108638
381.232 0.000106549
382.733 0.000103863
384.234 0.000100878
385.735 0.000101475
387.236 9.99828e-05
388.736 9.78936e-05
390.237 9.72967e-05
391.738 9.58044e-05
393.239 9.40137e-05
394.74 9.43122e-05
396.241 9.31184e-05
397.742 9.13276e-05
399.243 8.95369e-05
400.744 9.01338e-05
402.245 8.74477e-05
403.746 8.62539e-05
405.246 8.38662e-05
406.747 8.35677e-05
408.248 8.20755e-05
409.749 8.11801e-05
411.25 7.87924e-05
412.751 7.81955e-05
414.252 7.75986e-05
415.753 7.34203e-05
417.254 7.5211e-05
418.755 7.37187e-05
420.256 7.13311e-05
421.757 7.1928e-05
423.257 7.13311e-05
424.758 7.13311e-05
426.259 7.1928e-05
427.76 7.04357e-05
429.261 6.8048e-05
430.762 6.77496e-05
432.263 6.77496e-05
433.764 6.71527e-05
435.265 6.59588e-05
436.766 6.56604e-05
438.267 6.68542e-05
439.767 6.56604e-05
441.268 6.65557e-05
442.769 6.71527e-05
444.27 6.71527e-05
445.771 6.74511e-05
447.272 6.83465e-05
448.773 6.83465e-05
450.274 6.77496e-05
451.775 6.74511e-05
453.276 6.83465e-05
454.777 6.71527e-05
456.278 6.71527e-05
457.778 6.71527e-05
459.279 6.62573e-05
460.78 6.74511e-05
462.281 6.77496e-05
463.782 6.74511e-05
465.283 6.92419e-05
466.784 6.89434e-05
468.285 7.01372e-05
469.786 6.95403e-05
471.287 7.16295e-05
472.788 7.13311e-05
474.288 7.25249e-05
475.789 7.22264e-05
477.29 7.13311e-05
478.791 7.07341e-05
480.292 7.13311e-05
481.793 7.28233e-05
483.294 7.22264e-05
484.795 7.16295e-05
486.296 7.10326e-05
487.797 6.92419e-05
489.298 0
490.799 0
492.299 0
493.8 0
495.301 0
496.802 0
498.303 0
499.804 0
501.305 0
502.806 0
504.307 0
505.808 0
507.309 0
508.809 0
510.31 0
511.811 0
513.312 0
514.813 0
516.314 0
517.815 0
519.316 0
520.817 0
522.318 0
523.819 0
525.32 0
526.82 0
528.321 0
529.822 0
531.323 0
532.824 0
534.325 0
535.826 0
537.327 0
538.828 0
540.329 0
541.83 0
543.33 0
544.831 0
546.332 0
547.833 0
549.334 0
550.835 0
552.336 0
553.837 0
555.338 0
556.839 0
558.34 0
559.841 0
561.341 0
562.842 0
564.343 0
565.844 0
567.345 0
568.846 0
570.347 0
571.848 0
573.349 0
574.85 0
576.351 0
577.851 0
579.352 0
580.853 0
582.354 0
583.855 0
585.356 0
586.857 0
588.358 0
589.859 0
591.36 0
592.861 0
594.362 0
595.862 0
597.363 0
598.864 0
600.365 0
601.866 0
603.367 0
604.868 0
606.369 0
607.87 0
609.371 0
610.872 0
612.372 0
613.873 0
615.374 0
616.875 0
618.376 0
619.877 0
621.378 0
622.879 0
624.38 0
625.881 0
627.382 0
628.883 0
630.383 0
631.884 0
633.385 0
634.886 0
636.387 0
637.888 0
639.389 0
640.89 0
642.391 0
643.892 0
645.393 0
646.893 0
648.394 0
649.895 0
651.396 0
652.897 0
654.398 0
655.899 0
657.4 0
658.901 0
660.402 0
661.903 0
663.404 0
664.904 0
666.405 0
667.906 0
669.407 0
670.908 0
672.409 0
673.91 0
675.411 0
676.912 0
678.413 0
679.914 0
681.414 0
682.915 0
684.416 0
685.917 0
687.418 0
688.919 0
690.42 0
691.921 0
693.422 0
694.923 0
696.424 0
697.925 0
699.425 0
700.926 0
702.427 0
703.928 0
705.429 0
706.93 0
708.431 0
709.932 0
711.433 0
712.934 0
714.435 0
715.935 0
717.436 0
718.937 0
720.438 0
721.939 0
723.44 0
724.941 0
726.442 0
727.943 0
729.444 0
730.945 0
732.446 0
733.946 0
735.447 0
736.948 0
738.449 0
739.95 0
741.451 0
742.952 0
744.453 0
745.954 0
747.455 0
748.956 0
750.456 0
751.957 0
753.458 0
754.959 0
756.46 0
757.961 0
759.462 0
760.963 0
762.464 0
763.965 0
765.466 0
766.967 0
768.467 0
769.968 0
771.469 0
772.97 0
774.471 0
775.972 0
777.473 0
778.974 0
780.475 0
781.976 0
783.477 0
784.977 0
786.478 0
787.979 0
789.48 0
790.981 0
792.482 0
793.983 0
795.484 0
796.985 0
798.486 0
799.987 0
801.488 0
802.988 0
804.489 0
805.99 0
807.491 0
808.992 0
810.493 0
811.994 0
813.495 0
814.996 0
816.497 0
817.998 0
819.498 0
820.999 0
822.5 0
824.001 0
825.502 0
827.003 0
828.504 0
830.005 0
831.506 0
833.007 0
834.508 0
836.009 0
837.509 0
839.01 0
840.511 0
842.012 0
843.513 0
845.014 0
846.515 0
848.016 0
849.517 0
851.018 0
852.519 0
854.019 0
855.52 0
857.021 0
858.522 0
860.023 0
861.524 0
863.025 0
864.526 0
866.027 0
867.528 0
869.029 0
870.53 0
872.03 0
873.531 0
875.032 0
876.533 0
878.034 0
879.535 0
881.036 0
882.537 0
884.038 0
885.539 0
887.04 0
888.54 0
890.041 0
891.542 0
893.043 0
894.544 0
896.045 0
897.546 0
899.047 0
900.548 0
902.049 0
903.55 0
905.051 0
906.551 0
908.052 0
909.553 0
911.054 0
912.555 0
914.056 0
915.557 0
917.058 0
918.559 0
920.06 0
921.561 0
923.061 0
924.562 0
926.063 0
927.564 0
929.065 0
930.566 0
932.067 0
933.568 0
935.069 0
936.57 0
938.071 0
939.572 0
941.072 0
942.573 0
944.074 0
945.575 0
947.076 0
948.577 0
950.078 0
951.579 0
953.08 0
954.581 0
956.082 0
957.582 0
959.083 0
960.584 0
962.085 0
963.586 0
965.087 0
966.588 0
968.089 0
969.59 0
971.091 0
972.592 0
974.093 0
975.593 0
977.094 0
978.595 0
980.096 0
981.597 0
983.098 0
984.599 0
986.1 0
987.601 0
989.102 0
990.603 0
992.103 0
993.604 0
995.105 0
996.606 0
998.107 0
999.608 0
1001.11 0
1002.61 0
1004.11 0
1005.61 0
1007.11 0
1008.61 0
1010.11 0
1011.62 0
1013.12 0
1014.62 0
1016.12 0
1017.62 0
1019.12 0
1020.62 0
1022.12 0
1023.62 0
1025.12 0
1026.62 0
1028.13 0
1029.63 0
1031.13 0
1032.63 0
1034.13 0
1035.63 0
1037.13 0
1038.63 0
1040.13 0
1041.63 0
1043.13 0
1044.64 0
1046.14 0
1047.64 0
1049.14 0
1050.64 0
1052.14 0
1053.64 0
1055.14 0
1056.64 0
1058.14 0
1059.64 0
1061.15 0
1062.65 0
1064.15 0
1065.65 0
1067.15 0
1068.65 0
1070.15 0
1071.65 0
1073.15 0
1074.65 0
1076.15 0
1077.66 0
1079.16 0
1080.66 0
1082.16 0
1083.66 0
1085.16 0
1086.66 0
1088.16 0
1089.66 0
1091.16 0
1092.66 0
1094.17 0
1095.67 0
1097.17 0
1098.67 0
1100.17 0
1101.67 0
1103.17 0
1104.67 0
1106.17 0
1107.67 0
1109.17 0
1110.68 0
1112.18 0
1113.68 0
1115.18 0
1116.68 0
1118.18 0
1119.68 0
1121.18 0
1122.68 0
1124.18 0
1125.68 0
1127.19 0
1128.69 0
1130.19 0
1131.69 0
1133.19 0
1134.69 0
1136.19 0
1137.69 0
1139.19 0
1140.69 0
1142.19 0
1143.7 0
1145.2 0
1146.7 0
1148.2 0
1149.7 0
1151.2 0
1152.7 0
1154.2 0
1155.7 0
1157.2 0
1158.7 0
1160.21 0
1161.71 0
1163.21 0
1164.71 0
1166.21 0
1167.71 0
1169.21 0
1170.71 0
1172.21 0
1173.71 0
1175.21 0
1176.72 0
1178.22 0
1179.72 0
1181.22 0
1182.72 0
1184.22 0
1185.72 0
1187.22 0
1188.72 0
1190.22 0
1191.72 0
1193.23 0
1194.73 0
1196.23 0
1197.73 0
1199.23 0
1200.73 0
1202.23 0
1203.73 0
1205.23 0
1206.73 0
1208.23 0
1209.74 0
1211.24 0
1212.74 0
1214.24 0
1215.74 0
1217.24 0
1218.74 0
1220.24 0
1221.74 0
1223.24 0
1224.74 0
1226.25 0
1227.75 0
1229.25 0
1230.75 0
1232.25 0
1233.75 0
1235.25 0
1236.75 0
1238.25 0
1239.75 0
1241.26 0
1242.76 0
1244.26 0
1245.76 0
1247.26 0
1248.76 0
1250.26 0
1251.76 0
1253.26 0
1254.76 0
1256.26 0
1257.77 0
1259.27 0
1260.77 0
1262.27 0
1263.77 0
1265.27 0
1266.77 0
1268.27 0
1269.77 0
1271.27 0
1272.77 0
1274.28 0
1275.78 0
1277.28 0
1278.78 0
1280.28 0
1281.78 0
1283.28 0
1284.78 0
1286.28 0
1287.78 0
1289.28 0
1290.79 0
1292.29 0
1293.79 0
1295.29 0
1296.79 0
1298.29 0
1299.79 0
1301.29 0
1302.79 0
1304.29 0
1305.79 0
1307.3 0
1308.8 0
1310.3 0
1311.8 0
1313.3 0
1314.8 0
1316.3 0
1317.8 0
1319.3 0
1320.8 0
1322.3 0
1323.81 0
1325.31 0
1326.81 0
1328.31 0
1329.81 0
1331.31 0
1332.81 0
1334.31 0
1335.81 0
1337.31 0
1338.81 0
1340.32 0
1341.82 0
1343.32 0
1344.82 0
1346.32 0
1347.82 0
1349.32 0
1350.82 0
1352.32 0
1353.82 0
1355.32 0
1356.83 0
1358.33 0
1359.83 0
1361.33 0
1362.83 0
1364.33 0
1365.83 0
1367.33 0
1368.83 0
1370.33 0
1371.83 0
1373.34 0
1374.84 0
1376.34 0
1377.84 0
1379.34 0
1380.84 0
1382.34 0
1383.84 0
1385.34 0
1386.84 0
1388.34 0
1389.85 0
1391.35 0
1392.85 0
1394.35 0
1395.85 0
1397.35 0
1398.85 0
1400.35 0
1401.85 0
1403.35 0
1404.85 0
1406.36 0
1407.86 0
1409.36 0
1410.86 0
1412.36 0
1413.86 0
1415.36 0
1416.86 0
1418.36 0
1419.86 0
1421.36 0
1422.87 0
1424.37 0
1425.87 0
1427.37 0
1428.87 0
1430.37 0
1431.87 0
1433.37 0
1434.87 0
1436.37 0
1437.87 0
1439.38 0
1440.88 0
1442.38 0
1443.88 0
1445.38 0
1446.88 0
1448.38 0
1449.88 0
1451.38 0
1452.88 0
1454.38 0
1455.89 0
1457.39 0
1458.89 0
1460.39 0
1461.89 0
1463.39 0
1464.89 0
1466.39 0
1467.89 0
1469.39 0
1470.89 0
1472.4 0
1473.9 0
1475.4 0
1476.9 0
1478.4 0
1479.9 0
1481.4 0
1482.9 0
1484.4 0
1485.9 0
1487.4 0
1488.91 0
1490.41 0
1491.91 0
1493.41 0
1494.91 0
1496.41 0
1497.91 0
1499.41 0
1500.91 0
1502.41 0
1503.91 0
1505.42 0
1506.92 0
1508.42 0
1509.92 0
1511.42 0
1512.92 0
1514.42 0
1515.92 0
1517.42 0
1518.92 0
1520.42 0
1521.93 0
1523.43 0
1524.93 0
1526.43 0
1527.93 0
1529.43 0
1530.93 0
1532.43 0
1533.93 0
1535.43 0
1536.93 0
1538.44 0
1539.94 0
1541.44 0
1542.94 0
1544.44 0
1545.94 0
1547.44 0
1548.94 0
1550.44 0
1551.94 0
1553.44 0
1554.95 0
1556.45 0
1557.95 0
1559.45 0
1560.95 0
1562.45 0
1563.95 0
1565.45 0
1566.95 0
1568.45 0
1569.95 0
1571.46 0
1572.96 0
1574.46 0
1575.96 0
