-1575.96 0
-1574.46 0
-1572.96 0
-1571.46 0
-1569.95 0
-1568.45 0
-1566.95 0
-1565.45 0
-1563.95 0
-1562.45 0
-1560.95 0
-1559.45 0
-1557.95 0
-1556.45 0
-1554.95 0
-1553.44 0
-1551.94 0
-1550.44 0
-1548.94 0
-1547.44 0
-1545.94 0
-1544.44 0
-1542.94 0
-1541.44 0
-1539.94 0
-1538.44 0
-1536.93 0
-1535.43 0
-1533.93 0
-1532.43 0
-1530.93 0
-1529.43 0
-1527.93 0
-1526.43 0
-1524.93 0
-1523.43 0
-1521.93 0
-1520.42 0
-1518.92 0
-1517.42 0
-1515.92 0
-1514.42 0
-1512.92 0
-1511.42 0
-1509.92 0
-1508.42 0
-1506.92 0
-1505.42 0
-1503.91 0
-1502.41 0
-1500.91 0
-1499.41 0
-1497.91 0
-1496.41 0
-1494.91 0
-1493.41 0
-1491.91 0
-1490.41 0
-1488.91 0
-1487.4 0
-1485.9 0
-1484.4 0
-1482.9 0
-1481.4 0
-1479.9 0
-1478.4 0
-1476.9 0
-1475.4 0
-1473.9 0
-1472.4 0
-1470.89 0
-1469.39 0
-1467.89 0
-1466.39 0
-1464.89 0
-1463.39 0
-1461.89 0
-1460.39 0
-1458.89 0
-1457.39 0
-1455.89 0
-1454.38 0
-1452.88 0
-1451.38 0
-1449.88 0
-1448.38 0
-1446.88 0
-1445.38 0
-1443.88 0
-1442.38 0
-1440.88 0
-1439.38 0
-1437.87 0
-1436.37 0
-1434.87 0
-1433.37 0
-1431.87 0
-1430.37 0
-1428.87 0
-1427.37 0
-1425.87 0
-1424.37 0
-1422.87 0
-1421.36 0
-1419.86 0
-1418.36 0
-1416.86 0
-1415.36 0
-1413.86 0
-1412.36 0
-1410.86 0
-1409.36 0
-1407.86 0
-1406.36 0
-1404.85 0
-1403.35 0
-1401.85 0
-1400.35 0
-1398.85 0
-1397.35 0
-1395.85 0
-1394.35 0
-1392.85 0
-1391.35 0
-1389.85 0
-1388.34 0
-1386.84 0
-1385.34 0
-1383.84 0
-1382.34 0
-1380.84 0
-1379.34 0
-1377.84 0
-1376.34 0
-1374.84 0
-1373.34 0
-1371.83 0
-1370.33 0
-1368.83 0
-1367.33 0
-1365.83 0
-1364.33 0
-1362.83 0
-1361.33 0
-1359.83 0
-1358.33 0
-1356.83 0
-1355.32 0
-1353.82 0
-1352.32 0
-1350.82 0
-1349.32 0
-1347.82 0
-1346.32 0
-1344.82 0
-1343.32 0
-1341.82 0
-1340.32 0
-1338.81 0
-1337.31 0
-1335.81 0
-1334.31 0
-1332.81 0
-1331.31 0
-1329.81 0
-1328.31 0
-1326.81 0
-1325.31 0
-1323.81 0
-1322.3 0
-1320.8 0
-1319.3 0
-1317.8 0
-1316.3 0
-1314.8 0
-1313.3 0
-1311.8 0
-1310.3 0
-1308.8 0
-1307.3 0
-1305.79 0
-1304.29 0
-1302.79 0
-1301.29 0
-1299.79 0
-1298.29 0
-1296.79 0
-1295.29 0
-1293.79 0
-1292.29 0
-1290.79 0
-1289.28 0
-1287.78 0
-1286.28 0
-1284.78 0
-1283.28 0
-1281.78 0
-1280.28 0
-1278.78 0
-1277.28 0
-1275.78 0
-1274.28 0
-1272.77 0
-1271.27 0
-1269.77 0
-1268.27 0
-1266.77 0
-1265.27 0
-1263.77 0
-1262.27 0
-1260.77 0
-1259.27 0
-1257.77 0
-1256.26 0
-1254.76 0
-1253.26 0
-1251.76 0
-1250.26 0
-1248.76 0
-1247.26 0
-1245.76 0
-1244.26 0
-1242.76 0
-1241.26 0
-1239.75 0
-1238.25 0
-1236.75 0
-1235.25 0
-1233.75 0
-1232.25 0
-1230.75 0
-1229.25 0
-1227.75 0
-1226.25 0
-1224.74 0
-1223.24 0
-1221.74 0
-1220.24 0
-1218.74 0
-1217.24 0
-1215.74 0
-1214.24 0
-1212.74 0
-1211.24 0
-1209.74 0
-1208.23 0
-1206.73 0
-1205.23 0
-1203.73 0
-1202.23 0
-1200.73 0
-1199.23 0
-1197.73 0
-1196.23 0
-1194.73 0
-1193.23 0
-1191.72 0
-1190.22 0
-1188.72 0
-1187.22 0
-1185.72 0
-1184.22 0
-1182.72 0
-1181.22 0
-1179.72 0
-1178.22 0
-1176.72 0
-1175.21 0
-1173.71 0
-1172.21 0
-1170.71 0
-1169.21 0
-1167.71 0
-1166.21 0
-1164.71 0
-1163.21 0
-1161.71 0
-1160.21 0
-1158.7 0
-1157.2 0
-1155.7 0
-1154.2 0
-1152.7 0
-1151.2 0
-1149.7 0
-1148.2 0
-1146.7 0
-1145.2 0
-1143.7 0
-1142.19 0
-1140.69 0
-1139.19 0
-1137.69 0
-1136.19 0
-1134.69 0
-1133.19 0
-1131.69 0
-1130.19 0
-1128.69 0
-1127.19 0
-1125.68 0
-1124.18 0
-1122.68 0
-1121.18 0
-1119.68 0
-1118.18 0
-1116.68 0
-1115.18 0
-1113.68 0
-1112.18 0
-1110.68 0
-1109.17 0
-1107.67 0
-1106.17 0
-1104.67 0
-1103.17 0
-1101.67 0
-1100.17 0
-1098.67 0
-1097.17 0
-1095.67 0
-1094.17 0
-1092.66 0
-1091.16 0
-1089.66 0
-1088.16 0
-1086.66 0
-1085.16 0
-1083.66 0
-1082.16 0
-1080.66 0
-1079.16 0
-1077.66 0
-1076.15 0
-1074.65 0
-1073.15 0
-1071.65 0
-1070.15 0
-1068.65 0
-1067.15 0
-1065.65 0
-1064.15 0
-1062.65 0
-1061.15 0
-1059.64 0
-1058.14 0
-1056.64 0
-1055.14 0
-1053.64 0
-1052.14 0
-1050.64 0
-1049.14 0
-1047.64 0
-1046.14 0
-1044.64 0
-1043.13 0
-1041.63 0
-1040.13 0
-1038.63 0
-1037.13 0
-1035.63 0
-1034.13 0
-1032.63 0
-1031.13 0
-1029.63 0
-1028.13 0
-1026.62 0
-1025.12 0
-1023.62 0
-1022.12 0
-1020.62 0
-1019.12 0
-1017.62 0
-1016.12 0
-1014.62 0
-1013.12 0
-1011.62 0
-1010.11 0
-1008.61 0
-1007.11 0
-1005.61 0
-1004.11 0
-1002.61 0
-1001.11 0
-999.608 0
-998.107 0
-996.606 0
-995.105 0
-993.604 0
-992.103 0
-990.603 0
-989.102 0
-987.601 0
-986.1 0
-984.599 0
-983.098 0
-981.597 0
-980.096 0
-978.595 0
-977.094 0
-975.593 0
-974.093 0
-972.592 0
-971.091 0
-969.59 0
-968.089 0
-966.588 0
-965.087 0
-963.586 0
-962.085 0
-960.584 0
-959.083 0
-957.582 0
-956.082 0
-954.581 0
-953.08 0
-951.579 0
-950.078 0
-948.577 0
-947.076 0
-945.575 0
-944.074 0
-942.573 0
-941.072 0
-939.572 0
-938.071 0
-936.57 0
-935.069 0
-933.568 0
-932.067 0
-930.566 0
-929.065 0
-927.564 0
-926.063 0
-924.562 0
-923.061 0
-921.561 0
-920.06 0
-918.559 0
-917.058 0
-915.557 0
-914.056 0
-912.555 0
-911.054 0
-909.553 0
-908.052 0
-906.551 0
-905.051 0
-903.55 0
-902.049 0
-900.548 0
-899.047 0
-897.546 0
-896.045 0
-894.544 0
-893.043 0
-891.542 0
-890.041 0
-888.54 0
-887.04 0
-885.539 0
-884.038 0
-882.537 0
-881.036 0
-879.535 0
-878.034 0
-876.533 0
-875.032 0
-873.531 0
-872.03 0
-870.53 0
-869.029 0
-867.528 0
-866.027 0
-864.526 0
-863.025 0
-861.524 0
-860.023 0
-858.522 0
-857.021 0
-855.52 0
-854.019 0
-852.519 0
-851.018 0
-849.517 0
-848.016 0
-846.515 0
-845.014 0
-843.513 0
-842.012 0
-840.511 0
-839.01 0
-837.509 0
-836.009 0
-834.508 0
-833.007 0
-831.506 0
-830.005 0
-828.504 0
-827.003 0
-825.502 0
-824.001 0
-822.5 0
-820.999 0
-819.498 0
-817.998 0
-816.497 0
-814.996 0
-813.495 0
-811.994 0
-810.493 0
-808.992 0
-807.491 0
-805.99 0
-804.489 0
-802.988 0
-801.488 0
-799.987 0
-798.486 0
-796.985 0
-795.484 0
-793.983 0
-792.482 0
-790.981 0
-789.48 0
-787.979 0
-786.478 0
-784.977 0
-783.477 0
-781.976 0
-780.475 0
-778.974 0
-777.473 0
-775.972 0
-774.471 0
-772.97 0
-771.469 0
-769.968 0
-768.467 0
-766.967 0
-765.466 0
-763.965 0
-762.464 0
-760.963 0
-759.462 0
-757.961 0
-756.46 0
-754.959 0
-753.458 0
-751.957 0
-750.456 0
-748.956 0
-747.455 0
-745.954 0
-744.453 0
-742.952 0
-741.451 0
-739.95 0
-738.449 0
-736.948 0
-735.447 0
-733.946 0
-732.446 0
-730.945 0
-729.444 0
-727.943 0
-726.442 0
-724.941 0
-723.44 0
-721.939 0
-720.438 0
-718.937 0
-717.436 0
-715.935 0
-714.435 0
-712.934 0
-711.433 0
-709.932 0
-708.431 0
-706.93 0
-705.429 0
-703.928 0
-702.427 0
-700.926 0
-699.425 0
-697.925 0
-696.424 0
-694.923 0
-693.422 0
-691.921 0
-690.42 0
-688.919 0
-687.418 0
-685.917 0
-684.416 0
-682.915 0
-681.414 0
-679.914 0
-678.413 0
-676.912 0
-675.411 0
-673.91 0
-672.409 0
-670.908 0
-669.407 0
-667.906 0
-666.405 0
-664.904 0
-663.404 0
-661.903 0
-660.402 0
-658.901 0
-657.4 0
-655.899 0
-654.398 0
-652.897 0
-651.396 0
-649.895 0
-648.394 0
-646.893 0
-645.393 0
-643.892 0
-642.391 0
-640.89 0
-639.389 0
-637.888 0
-636.387 0
-634.886 0
-633.385 0
-631.884 0
-630.383 0
-628.883 0
-627.382 0
-625.881 0
-624.38 0
-622.879 0
-621.378 0
-619.877 0
-618.376 0
-616.875 0
-615.374 0
-613.873 0
-612.372 0
-610.872 0
-609.371 0
-607.87 0
-606.369 0
-604.868 0
-603.367 0
-601.866 0
-600.365 0
-598.864 0
-597.363 0
-595.862 0
-594.362 0
-592.861 0
-591.36 0
-589.859 0
-588.358 0
-586.857 0
-585.356 0
-583.855 0
-582.354 0
-580.853 0
-579.352 0
-577.851 0
-576.351 0
-574.85 0
-573.349 0
-571.848 0
-570.347 0
-568.846 0
-567.345 0
-565.844 0
-564.343 0
-562.842 0
-561.341 0
-559.841 0
-558.34 0
-556.839 0
-555.338 0
-553.837 0
-552.336 0
-550.835 0
-549.334 0
-547.833 0
-546.332 0
-544.831 0
-543.33 0
-541.83 0
-540.329 0
-538.828 0
-537.327 0
-535.826 0
-534.325 0
-532.824 0
-531.323 0
-529.822 0
-528.321 0
-526.82 0
-525.32 0
-523.819 0
-522.318 0
-520.817 0
-519.316 0
-517.815 0
-516.314 0
-514.813 0
-513.312 0
-511.811 0
-510.31 0
-508.809 0
-507.309 0
-505.808 0
-504.307 0
-502.806 0
-501.305 0
-499.804 0
-498.303 0
-496.802 0
-495.301 0
-493.8 0.000107566
-492.299 0.000110455
-490.799 0.000113345
-489.298 0.000113666
-487.797 0.00011463
-486.296 0.000119767
-484.795 0.000119446
-483.294 0.00012073
-481.793 0.000120409
-480.292 0.000122978
-478.791 0.000123299
-477.29 0.000124905
-475.789 0.000124905
-474.288 0.000127152
-472.788 0.000128758
-471.287 0.000129079
-469.786 0.000130042
-468.285 0.000130363
-466.784 0.000130363
-465.283 0.00013229
-463.782 0.000131969
-462.281 0.000131647
-460.78 0.00013229
-459.279 0.000133574
-457.778 0.000131647
-456.278 0.000131969
-454.777 0.000133574
-453.276 0.00013229
-451.775 0.000131647
-450.274 0.000129721
-448.773 0.000129721
-447.272 0.000128115
-445.771 0.000125226
-444.27 0.000124905
-442.769 0.000124583
-441.268 0.000124583
-439.767 0.000124583
-438.267 0.000124583
-436.766 0.000124262
-435.265 0.00012362
-433.764 0.000122015
-432.263 0.000119767
-430.762 0.000119125
-429.261 0.000118483
-427.76 0.000115272
-426.259 0.000112382
-424.758 0.000110134
-423.257 0.000110455
-421.757 0.000110455
-420.256 0.000110134
-418.755 0.000108529
-417.254 0.000109492
-415.753 0.000108529
-414.252 0.000107245
-412.751 0.000105318
-411.25 0.000104034
-409.749 0.000102428
-408.248 0.000100181
-406.747 9.85751e-05
-405.246 9.72907e-05
-403.746 9.69696e-05
-402.245 9.50431e-05
-400.744 9.40798e-05
-399.243 9.21532e-05
-397.742 9.05478e-05
-396.241 8.89423e-05
-394.74 8.86212e-05
-393.239 8.63736e-05
-391.738 8.54103e-05
-390.237 8.54103e-05
-388.736 8.34838e-05
-387.236 8.38049e-05
-385.735 8.4447e-05
-384.234 8.57314e-05
-382.733 8.50892e-05
-381.232 8.4126e-05
-379.731 8.28416e-05
-378.23 8.21994e-05
-376.729 8.21994e-05
-375.228 8.12361e-05
-373.727 8.02728e-05
-372.226 8.25205e-05
-370.725 8.15572e-05
-369.225 8.18783e-05
-367.724 8.15572e-05
-366.223 8.21994e-05
-364.722 8.38049e-05
-363.221 8.60525e-05
-361.72 8.70158e-05
-360.219 8.57314e-05
-358.718 8.38049e-05
-357.217 8.28416e-05
-355.716 8.18783e-05
-354.215 8.12361e-05
-352.715 8.31627e-05
-351.214 8.38049e-05
-349.713 8.54103e-05
-348.212 8.66947e-05
-346.711 8.7658e-05
-345.21 8.92634e-05
-343.709 9.15111e-05
-342.208 9.34376e-05
-340.707 9.4722e-05
-339.206 9.53642e-05
-337.705 9.50431e-05
-336.205 9.56852e-05
-334.704 9.63274e-05
-333.203 9.50431e-05
-331.702 9.34376e-05
-330.201 9.37587e-05
-328.7 9.21532e-05
-327.199 9.34376e-05
-325.698 9.27954e-05
-324.197 9.24743e-05
-322.696 9.119e-05
-321.195 9.05478e-05
-319.694 9.21532e-05
-318.194 9.37587e-05
-316.693 9.4722e-05
-315.192 9.60063e-05
-313.691 9.85751e-05
-312.19 9.88962e-05
-310.689 0.000101786
-309.188 0.000104034
-307.687 0.000105318
-306.186 0.000107887
-304.685 0.000106923
-303.184 0.000109171
-301.684 0.000110777
-300.183 0.00011174
-298.682 0.000113666
-297.181 0.000114951
-295.68 0.000115272
-294.179 0.000115272
-292.678 0.000116877
-291.177 0.000116235
-289.676 0.000118162
-288.175 0.000120088
-286.674 0.000121051
-285.173 0.000121373
-283.673 0.00012073
-282.172 0.000121694
-280.671 0.000122336
-279.17 0.000123299
-277.669 0.000124262
-276.168 0.000127152
-274.667 0.00012651
-273.166 0.000129721
-271.665 0.000131326
-270.164 0.000135179
-268.663 0.000138069
-267.163 0.000140317
-265.662 0.000141922
-264.161 0.000142886
-262.66 0.000146097
-261.159 0.00014995
-259.658 0.000153161
-258.157 0.000156693
-256.656 0.000159261
-255.155 0.000160867
-253.654 0.00016761
-252.153 0.000169857
-250.652 0.000174032
-249.152 0.000177242
-247.651 0.000178848
-246.15 0.000181738
-244.649 0.00018816
-243.148 0.000191692
-241.647 0.000196829
-240.146 0.000203251
-238.645 0.000207746
-237.144 0.000217379
-235.643 0.000224764
-234.142 0.000231828
-232.642 0.00023825
-231.141 0.000245314
-229.64 0.000253662
-228.139 0.000261047
-226.638 0.000270038
-225.137 0.000278065
-223.636 0.000286092
-222.135 0.000296688
-220.634 0.000307926
-219.133 0.000319165
-217.632 0.000331366
-216.131 0.000341962
-214.631 0.000359301
-213.13 0.000371181
-211.629 0.000387236
-210.128 0.000403933
-208.627 0.000420951
-207.126 0.000436684
-205.625 0.000456913
-204.124 0.000476178
-202.623 0.000498334
-201.122 0.000522095
-199.621 0.000543287
-198.121 0.000570258
-196.62 0.000596588
-195.119 0.000619385
-193.618 0.00064732
-192.117 0.000675897
-190.616 0.000705759
-189.115 0.000734336
-187.614 0.00076195
-186.113 0.000793096
-184.612 0.000825205
-183.111 0.000854745
-181.61 0.000886854
-180.11 0.000919606
-178.609 0.00095332
-177.108 0.000989925
-175.607 0.00102781
-174.106 0.00106378
-172.605 0.00110134
-171.104 0.00114116
-169.603 0.00117937
-168.102 0.00121918
-166.601 0.00126221
-165.1 0.00130203
-163.6 0.00134313
-162.099 0.00138198
-160.598 0.00142372
-159.097 0.00146353
-157.596 0.00150078
-156.095 0.00153995
-154.594 0.00158041
-153.093 0.00162023
-151.592 0.00165619
-150.091 0.00169376
-148.59 0.00173004
-147.089 0.00176536
-145.589 0.00179908
-144.088 0.00183215
-142.587 0.00186362
-141.086 0.00189572
-139.585 0.00192655
-138.084 0.00195577
-136.583 0.00198402
-135.082 0.00201003
-133.581 0.00203733
-132.08 0.00206333
-130.579 0.00208677
-129.079 0.00210925
-127.578 0.00212723
-126.077 0.00215035
-124.576 0.00216801
-123.075 0.00218342
-121.574 0.00219787
-120.073 0.0022136
-118.572 0.00222709
-117.071 0.00223769
-115.57 0.00225149
-114.069 0.00226209
-112.568 0.00227333
-111.068 0.00228296
-109.567 0.0022897
-108.066 0.00229677
-106.565 0.00230255
-105.064 0.00230704
-103.563 0.00231411
-102.062 0.00231956
-100.561 0.00232406
-99.0603 0.00232984
-97.5593 0.00233498
-96.0584 0.00234108
-94.5575 0.00234557
-93.0566 0.00235328
-91.5557 0.00236195
-90.0548 0.00236773
-88.5539 0.0023764
-87.053 0.00238442
-85.552 0.00239727
-84.0511 0.00240594
-82.5502 0.00242135
-81.0493 0.00243323
-79.5484 0.00245121
-78.0475 0.00246887
-76.5466 0.00248685
-75.0456 0.00250965
-73.5447 0.00252988
-72.0438 0.00255396
-70.5429 0.00257869
-69.042 0.00260373
-67.5411 0.00263327
-66.0402 0.00266474
-64.5393 0.00269685
-63.0383 0.0027312
-61.5374 0.00276781
-60.0365 0.00280987
-58.5356 0.00285258
-57.0347 0.00289528
-55.5338 0.00294377
-54.0329 0.00299193
-52.532 0.00304459
-51.031 0.00309757
-49.5301 0.0031544
-48.0292 0.00320931
-46.5283 0.00326646
-45.0274 0.00332715
-43.5265 0.00338591
-42.0256 0.00344403
-40.5246 0.00350407
-39.0237 0.00356412
-37.5228 0.00362255
-36.0219 0.00368035
-34.521 0.0037404
-33.0201 0.00379948
-31.5192 0.00385856
-30.0183 0.00391892
-28.5173 0.00397543
-27.0164 0.00403162
-25.5155 0.00408685
-24.0146 0.00413887
-22.5137 0.00419153
-21.0128 0.00423841
-19.5119 0.004284
-18.011 0.00432863
-16.51 0.00436748
-15.0091 0.00440377
-13.5082 0.00443588
-12.0073 0.00446478
-10.5064 0.00449303
-9.00548 0.00451422
-7.50456 0.00453413
-6.00365 0.00455532
-4.50274 0.00456656
-3.00183 0.00457716
-1.50091 0.00458454
0 0.00458807
1.50091 0.00458743
3.00183 0.00458294
4.50274 0.00457587
6.00365 0.00456496
7.50456 0.00455115
9.00548 0.00452964
10.5064 0.00450652
12.0073 0.0044789
13.5082 0.00444904
15.0091 0.00441308
16.51 0.00437198
18.011 0.00432767
19.5119 0.00428111
21.0128 0.00423038
22.5137 0.00417387
24.0146 0.00411575
25.5155 0.00405378
27.0164 0.00398988
28.5173 0.00392117
30.0183 0.0038547
31.5192 0.00378278
33.0201 0.00371246
34.521 0.00363765
36.0219 0.00356219
37.5228 0.00348866
39.0237 0.00341256
40.5246 0.00333678
42.0256 0.00325876
43.5265 0.00318137
45.0274 0.00310142
46.5283 0.00302179
48.0292 0.00294441
49.5301 0.00286702
51.031 0.00279093
52.532 0.00271804
54.0329 0.00264708
55.5338 0.00257869
57.0347 0.0025119
58.5356 0.002448
60.0365 0.00238635
61.5374 0.00232663
63.0383 0.00227044
64.5393 0.00221393
66.0402 0.00216095
67.5411 0.00210925
69.042 0.00206044
70.5429 0.00201517
72.0438 0.00196861
73.5447 0.0019288
75.0456 0.00189059
76.5466 0.00185591
78.0475 0.00182508
79.5484 0.00179587
81.0493 0.00177114
82.5502 0.00175091
84.0511 0.00173357
85.552 0.00171688
87.053 0.00170114
88.5539 0.00169087
90.0548 0.0016822
91.5557 0.00167417
93.0566 0.00166903
94.5575 0.00166422
96.0584 0.00166165
97.5593 0.00166197
99.0603 0.00166229
100.561 0.00166486
102.062 0.00166903
103.563 0.00167257
105.064 0.00167931
106.565 0.00168445
108.066 0.00169087
109.567 0.00169504
111.068 0.00170146
112.568 0.00170757
114.069 0.00171334
115.57 0.0017172
117.071 0.00171945
118.572 0.00171977
120.073 0.00172298
121.574 0.00172362
123.075 0.0017249
124.576 0.00172426
126.077 0.00172105
127.578 0.00171816
129.079 0.00171174
130.579 0.00170596
132.08 0.0016989
133.581 0.00168509
135.082 0.00167289
136.583 0.00165619
138.084 0.00164078
139.585 0.00162023
141.086 0.0016016
142.587 0.00157816
144.088 0.00155472
145.589 0.00152968
147.089 0.00150463
148.59 0.00147766
150.091 0.00144555
151.592 0.0014128
153.093 0.00138037
154.594 0.00134537
156.095 0.00131005
157.596 0.00127249
159.097 0.00123395
160.598 0.00119414
162.099 0.00115432
163.6 0.00111322
165.1 0.00107373
166.601 0.0010368
168.102 0.00100052
169.603 0.000962632
171.104 0.00092378
172.605 0.000885891
174.106 0.000849929
175.607 0.000813645
177.108 0.000775757
178.609 0.000742363
180.11 0.000708649
181.61 0.000677503
183.111 0.000643467
184.612 0.000611037
186.113 0.000581818
187.614 0.000551314
189.115 0.000522095
190.616 0.000496728
192.117 0.000472004
193.618 0.000445675
195.119 0.000424483
196.62 0.000401685
198.121 0.000383383
199.621 0.000364439
201.122 0.000348063
202.623 0.000334256
204.124 0.000323339
205.625 0.000308569
207.126 0.000295725
208.627 0.000286734
210.128 0.000278065
211.629 0.000269074
213.13 0.000261368
214.631 0.00025591
216.131 0.000248846
217.632 0.000246277
219.133 0.00024114
220.634 0.000237929
222.135 0.000238571
223.636 0.000240818
225.137 0.000239855
226.638 0.000239213
228.139 0.000240176
229.64 0.000243708
231.141 0.00024435
232.642 0.000246919
234.142 0.000250772
235.643 0.000255267
237.144 0.000256873
238.645 0.000257194
240.146 0.000263295
241.647 0.000267469
243.148 0.000268111
244.649 0.000269396
246.15 0.000271322
247.651 0.00027357
249.152 0.000276781
250.652 0.000277744
252.153 0.000279991
253.654 0.000284166
255.155 0.000283845
256.656 0.000285129
258.157 0.000284487
259.658 0.000284487
261.159 0.000280634
262.66 0.00027967
264.161 0.000279028
265.662 0.000276459
267.163 0.000274533
268.663 0.00027068
270.164 0.000268111
271.665 0.0002649
273.166 0.000259121
274.667 0.000254946
276.168 0.000249167
277.669 0.000245635
279.17 0.000240497
280.671 0.000233112
282.172 0.000228617
283.673 0.000221232
285.173 0.000214489
286.674 0.000209994
288.175 0.000203572
289.676 0.000196829
291.177 0.000190728
292.678 0.000183985
294.179 0.000177242
295.68 0.000170178
297.181 0.000164399
298.682 0.000158619
300.183 0.000152518
301.684 0.000147702
303.184 0.00014128
304.685 0.000135501
306.186 0.000132932
307.687 0.000128436
309.188 0.000123299
310.689 0.000122657
312.19 0.000118162
313.691 0.000113666
315.192 0.000111419
316.693 0.000108529
318.194 0.000108208
319.694 0.000107566
321.195 0.00010307
322.696 0.000102428
324.197 0.000100823
325.698 0.000100181
327.199 9.92173e-05
328.7 9.69696e-05
330.201 9.69696e-05
331.702 9.79329e-05
333.203 9.85751e-05
334.704 9.85751e-05
336.205 9.92173e-05
337.705 0.000100181
339.206 0.000100181
340.707 0.000102428
342.208 0.000105318
343.709 0.000106281
345.21 0.000107245
346.711 0.000106281
348.212 0.000107887
349.713 0.000110777
351.214 0.000112703
352.715 0.000113987
354.215 0.000115914
355.716 0.000115914
357.217 0.000118483
358.718 0.000118804
360.219 0.000120088
361.72 0.000122336
363.221 0.000122978
364.722 0.000123299
366.223 0.000125868
367.724 0.000125547
369.225 0.000125226
370.725 0.000125226
372.226 0.000124905
373.727 0.000123299
375.228 0.000124583
376.729 0.00012362
378.23 0.00012362
379.731 0.00012073
381.232 0.000119767
382.733 0.000118804
384.234 0.000116877
385.735 0.000115914
387.236 0.000113024
388.736 0.000110134
390.237 0.000107245
391.738 0.00010596
393.239 0.000103713
394.74 0.000100823
396.241 0.000100823
397.742 9.88962e-05
399.243 9.53642e-05
400.744 9.44009e-05
402.245 9.27954e-05
403.746 9.05478e-05
405.246 9.119e-05
406.747 9.15111e-05
408.248 9.37587e-05
409.749 9.24743e-05
411.25 9.24743e-05
412.751 8.95845e-05
414.252 8.92634e-05
415.753 8.92634e-05
417.254 8.60525e-05
418.755 8.31627e-05
420.256 8.0915e-05
421.757 7.7383e-05
423.257 7.54565e-05
424.758 7.54565e-05
426.259 7.41721e-05
427.76 7.28877e-05
429.261 7.35299e-05
430.762 7.48143e-05
432.263 7.60986e-05
433.764 7.60987e-05
435.265 7.77041e-05
436.766 7.54565e-05
438.267 7.51354e-05
439.767 7.44932e-05
441.268 7.25667e-05
442.769 7.22456e-05
444.27 7.3851e-05
445.771 7.22456e-05
447.272 7.19245e-05
448.773 7.19245e-05
450.274 7.19245e-05
451.775 7.35299e-05
453.276 7.51354e-05
454.777 7.16034e-05
456.278 7.25667e-05
457.778 7.3851e-05
459.279 7.32088e-05
460.78 7.48143e-05
462.281 7.48143e-05
463.782 7.41721e-05
465.283 7.48143e-05
466.784 7.48143e-05
468.285 7.67408e-05
469.786 7.57776e-05
471.287 7.64198e-05
472.788 7.86674e-05
474.288 7.77041e-05
475.789 7.86674e-05
477.29 7.80252e-05
478.791 7.7383e-05
480.292 7.70619e-05
481.793 7.64197e-05
483.294 7.51354e-05
484.795 7.3851e-05
486.296 7.7383e-05
487.797 7.60987e-05
489.298 7.51354e-05
490.799 7.48143e-05
492.299 7.44932e-05
493.8 7.3851e-05
495.301 0
496.802 0
498.303 0
499.804 0
501.305 0
502.806 0
504.307 0
505.808 0
507.309 0
508.809 0
510.31 0
511.811 0
513.312 0
514.813 0
516.314 0
517.815 0
519.316 0
520.817 0
522.318 0
523.819 0
525.32 0
526.82 0
528.321 0
529.822 0
531.323 0
532.824 0
534.325 0
535.826 0
537.327 0
538.828 0
540.329 0
541.83 0
543.33 0
544.831 0
546.332 0
547.833 0
549.334 0
550.835 0
552.336 0
553.837 0
555.338 0
556.839 0
558.34 0
559.841 0
561.341 0
562.842 0
564.343 0
565.844 0
567.345 0
568.846 0
570.347 0
571.848 0
573.349 0
574.85 0
576.351 0
577.851 0
579.352 0
580.853 0
582.354 0
583.855 0
585.356 0
586.857 0
588.358 0
589.859 0
591.36 0
592.861 0
594.362 0
595.862 0
597.363 0
598.864 0
600.365 0
601.866 0
603.367 0
604.868 0
606.369 0
607.87 0
609.371 0
610.872 0
612.372 0
613.873 0
615.374 0
616.875 0
618.376 0
619.877 0
621.378 0
622.879 0
624.38 0
625.881 0
627.382 0
628.883 0
630.383 0
631.884 0
633.385 0
634.886 0
636.387 0
637.888 0
639.389 0
640.89 0
642.391 0
643.892 0
645.393 0
646.893 0
648.394 0
649.895 0
651.396 0
652.897 0
654.398 0
655.899 0
657.4 0
658.901 0
660.402 0
661.903 0
663.404 0
664.904 0
666.405 0
667.906 0
669.407 0
670.908 0
672.409 0
673.91 0
675.411 0
676.912 0
678.413 0
679.914 0
681.414 0
682.915 0
684.416 0
685.917 0
687.418 0
688.919 0
690.42 0
691.921 0
693.422 0
694.923 0
696.424 0
697.925 0
699.425 0
700.926 0
702.427 0
703.928 0
705.429 0
706.93 0
708.431 0
709.932 0
711.433 0
712.934 0
714.435 0
715.935 0
717.436 0
718.937 0
720.438 0
721.939 0
723.44 0
724.941 0
726.442 0
727.943 0
729.444 0
730.945 0
732.446 0
733.946 0
735.447 0
736.948 0
738.449 0
739.95 0
741.451 0
742.952 0
744.453 0
745.954 0
747.455 0
748.956 0
750.456 0
751.957 0
753.458 0
754.959 0
756.46 0
757.961 0
759.462 0
760.963 0
762.464 0
763.965 0
765.466 0
766.967 0
768.467 0
769.968 0
771.469 0
772.97 0
774.471 0
775.972 0
777.473 0
778.974 0
780.475 0
781.976 0
783.477 0
784.977 0
786.478 0
787.979 0
789.48 0
790.981 0
792.482 0
793.983 0
795.484 0
796.985 0
798.486 0
799.987 0
801.488 0
802.988 0
804.489 0
805.99 0
807.491 0
808.992 0
810.493 0
811.994 0
813.495 0
814.996 0
816.497 0
817.998 0
819.498 0
820.999 0
822.5 0
824.001 0
825.502 0
827.003 0
828.504 0
830.005 0
831.506 0
833.007 0
834.508 0
836.009 0
837.509 0
839.01 0
840.511 0
842.012 0
843.513 0
845.014 0
846.515 0
848.016 0
849.517 0
851.018 0
852.519 0
854.019 0
855.52 0
857.021 0
858.522 0
860.023 0
861.524 0
863.025 0
864.526 0
866.027 0
867.528 0
869.029 0
870.53 0
872.03 0
873.531 0
875.032 0
876.533 0
878.034 0
879.535 0
881.036 0
882.537 0
884.038 0
885.539 0
887.04 0
888.54 0
890.041 0
891.542 0
893.043 0
894.544 0
896.045 0
897.546 0
899.047 0
900.548 0
902.049 0
903.55 0
905.051 0
906.551 0
908.052 0
909.553 0
911.054 0
912.555 0
914.056 0
915.557 0
917.058 0
918.559 0
920.06 0
921.561 0
923.061 0
924.562 0
926.063 0
927.564 0
929.065 0
930.566 0
932.067 0
933.568 0
935.069 0
936.57 0
938.071 0
939.572 0
941.072 0
942.573 0
944.074 0
945.575 0
947.076 0
948.577 0
950.078 0
951.579 0
953.08 0
954.581 0
956.082 0
957.582 0
959.083 0
960.584 0
962.085 0
963.586 0
965.087 0
966.588 0
968.089 0
969.59 0
971.091 0
972.592 0
974.093 0
975.593 0
977.094 0
978.595 0
980.096 0
981.597 0
983.098 0
984.599 0
986.1 0
987.601 0
989.102 0
990.603 0
992.103 0
993.604 0
995.105 0
996.606 0
998.107 0
999.608 0
1001.11 0
1002.61 0
1004.11 0
1005.61 0
1007.11 0
1008.61 0
1010.11 0
1011.62 0
1013.12 0
1014.62 0
1016.12 0
1017.62 0
1019.12 0
1020.62 0
1022.12 0
1023.62 0
1025.12 0
1026.62 0
1028.13 0
1029.63 0
1031.13 0
1032.63 0
1034.13 0
1035.63 0
1037.13 0
1038.63 0
1040.13 0
1041.63 0
1043.13 0
1044.64 0
1046.14 0
1047.64 0
1049.14 0
1050.64 0
1052.14 0
1053.64 0
1055.14 0
1056.64 0
1058.14 0
1059.64 0
1061.15 0
1062.65 0
1064.15 0
1065.65 0
1067.15 0
1068.65 0
1070.15 0
1071.65 0
1073.15 0
1074.65 0
1076.15 0
1077.66 0
1079.16 0
1080.66 0
1082.16 0
1083.66 0
1085.16 0
1086.66 0
1088.16 0
1089.66 0
1091.16 0
1092.66 0
1094.17 0
1095.67 0
1097.17 0
1098.67 0
1100.17 0
1101.67 0
1103.17 0
1104.67 0
1106.17 0
1107.67 0
1109.17 0
1110.68 0
1112.18 0
1113.68 0
1115.18 0
1116.68 0
1118.18 0
1119.68 0
1121.18 0
1122.68 0
1124.18 0
1125.68 0
1127.19 0
1128.69 0
1130.19 0
1131.69 0
1133.19 0
1134.69 0
1136.19 0
1137.69 0
1139.19 0
1140.69 0
1142.19 0
1143.7 0
1145.2 0
1146.7 0
1148.2 0
1149.7 0
1151.2 0
1152.7 0
1154.2 0
1155.7 0
1157.2 0
1158.7 0
1160.21 0
1161.71 0
1163.21 0
1164.71 0
1166.21 0
1167.71 0
1169.21 0
1170.71 0
1172.21 0
1173.71 0
1175.21 0
1176.72 0
1178.22 0
1179.72 0
1181.22 0
1182.72 0
1184.22 0
1185.72 0
1187.22 0
1188.72 0
1190.22 0
1191.72 0
1193.23 0
1194.73 0
1196.23 0
1197.73 0
1199.23 0
1200.73 0
1202.23 0
1203.73 0
1205.23 0
1206.73 0
1208.23 0
1209.74 0
1211.24 0
1212.74 0
1214.24 0
1215.74 0
1217.24 0
1218.74 0
1220.24 0
1221.74 0
1223.24 0
1224.74 0
1226.25 0
1227.75 0
1229.25 0
1230.75 0
1232.25 0
1233.75 0
1235.25 0
1236.75 0
1238.25 0
1239.75 0
1241.26 0
1242.76 0
1244.26 0
1245.76 0
1247.26 0
1248.76 0
1250.26 0
1251.76 0
1253.26 0
1254.76 0
1256.26 0
1257.77 0
1259.27 0
1260.77 0
1262.27 0
1263.77 0
1265.27 0
1266.77 0
1268.27 0
1269.77 0
1271.27 0
1272.77 0
1274.28 0
1275.78 0
1277.28 0
1278.78 0
1280.28 0
1281.78 0
1283.28 0
1284.78 0
1286.28 0
1287.78 0
1289.28 0
1290.79 0
1292.29 0
1293.79 0
1295.29 0
1296.79 0
1298.29 0
1299.79 0
1301.29 0
1302.79 0
1304.29 0
1305.79 0
1307.3 0
1308.8 0
1310.3 0
1311.8 0
1313.3 0
1314.8 0
1316.3 0
1317.8 0
1319.3 0
1320.8 0
1322.3 0
1323.81 0
1325.31 0
1326.81 0
1328.31 0
1329.81 0
1331.31 0
1332.81 0
1334.31 0
1335.81 0
1337.31 0
1338.81 0
1340.32 0
1341.82 0
1343.32 0
1344.82 0
1346.32 0
1347.82 0
1349.32 0
1350.82 0
1352.32 0
1353.82 0
1355.32 0
1356.83 0
1358.33 0
1359.83 0
1361.33 0
1362.83 0
1364.33 0
1365.83 0
1367.33 0
1368.83 0
1370.33 0
1371.83 0
1373.34 0
1374.84 0
1376.34 0
1377.84 0
1379.34 0
1380.84 0
1382.34 0
1383.84 0
1385.34 0
1386.84 0
1388.34 0
1389.85 0
1391.35 0
1392.85 0
1394.35 0
1395.85 0
1397.35 0
1398.85 0
1400.35 0
1401.85 0
1403.35 0
1404.85 0
1406.36 0
1407.86 0
1409.36 0
1410.86 0
1412.36 0
1413.86 0
1415.36 0
1416.86 0
1418.36 0
1419.86 0
1421.36 0
1422.87 0
1424.37 0
1425.87 0
1427.37 0
1428.87 0
1430.37 0
1431.87 0
1433.37 0
1434.87 0
1436.37 0
1437.87 0
1439.38 0
1440.88 0
1442.38 0
1443.88 0
1445.38 0
1446.88 0
1448.38 0
1449.88 0
1451.38 0
1452.88 0
1454.38 0
1455.89 0
1457.39 0
1458.89 0
1460.39 0
1461.89 0
1463.39 0
1464.89 0
1466.39 0
1467.89 0
1469.39 0
1470.89 0
1472.4 0
1473.9 0
1475.4 0
1476.9 0
1478.4 0
1479.9 0
1481.4 0
1482.9 0
1484.4 0
1485.9 0
1487.4 0
1488.91 0
1490.41 0
1491.91 0
1493.41 0
1494.91 0
1496.41 0
1497.91 0
1499.41 0
1500.91 0
1502.41 0
1503.91 0
1505.42 0
1506.92 0
1508.42 0
1509.92 0
1511.42 0
1512.92 0
1514.42 0
1515.92 0
1517.42 0
1518.92 0
1520.42 0
1521.93 0
1523.43 0
1524.93 0
1526.43 0
1527.93 0
1529.43 0
1530.93 0
1532.43 0
1533.93 0
1535.43 0
1536.93 0
1538.44 0
1539.94 0
1541.44 0
1542.94 0
1544.44 0
1545.94 0
1547.44 0
1548.94 0
1550.44 0
1551.94 0
1553.44 0
1554.95 0
1556.45 0
1557.95 0
1559.45 0
1560.95 0
1562.45 0
1563.95 0
1565.45 0
1566.95 0
1568.45 0
1569.95 0
1571.46 0
1572.96 0
1574.46 0
1575.96 0
