# Produced from query:
# SELECT runnumber
# FROM run
# WHERE
#         runtype='PHYSICS'
#         and eventsinrun > 100000
#         and erunixtime-brunixtime>600
#         and triggerconfig like '%Run12%'
# ORDER BY runnumber DESC;
# Manually copied vernier scans
378438
378417
378380
377310
377309
377305
377304
377177
377176
377175
377173
377172
377171
377167
377165
377162
377157
377156
377155
377024
376996
376789
376778
376759
376729
376714
376687
376639
376620
376593
376588
376587
376586
376585
376582
376579
376435
376434
376433
376426
376423
376418
376347
376346
376344
376342
376341
376339
376338
376336
376249
376248
376247
376246
376245
376242
376241
376239
376230
376186
376185
376183
376182
376181
376180
376178
376153
376152
376150
376085
376084
376083
376080
376079
376078
376077
376076
376039
376034
376033
376032
376031
376017
376015
375958
375957
375955
375954
375951
375948
375946
375945
375944
375910
375909
375908
375906
375905
375904
375902
375900
375899
375898
375845
375844
375797
375795
375781
375780
375777
375776
375775
375774
375773
375557
375553
375550
375549
375489
375487
375486
375484
375483
375481
375480
375479
375436
375435
375434
375433
375431
375430
375429
375428
375418
375402
375401
375398
375378
375376
375375
375372
375371
375370
375367
375366
375271
375270
375268
375265
375264
375263
375262
375261
375260
375257
375252
375251
375250
375249
375240
375239
375238
375226
375225
375223
375222
375219
375185
375183
375182
375181
375178
375177
375176
375167
375159
375054
375052
375051
375050
375049
375048
375047
375046
374923
374919
374917
374916
374914
374913
374912
374911
374910
374908
374736
374735
374734
374733
374683
374676
374675
374670
374656
374566
374565
374564
374562
374561
374554
374464
374463
374462
374461
374460
374459
374458
374457
374456
374454
374453
374452
374448
374446
374444
374442
374441
374439
374437
374436
374434
374432
374428
374427
374426
374425
374138
374137
374082
374081
374080
374079
374078
374076
374074
374073
374072
374022
374021
374020
374017
374016
374013
374011
374010
374003
374000
373989
373890
373889
373888
373887
373886
373828
373826
373824
373823
373822
373821
373820
373784
373783
373782
373780
373778
373777
373776
373773
373772
373771
373684
373683
373678
373676
373675
373673
373672
373669
373668
373667
373664
373659
373658
373657
373656
373655
373653
373651
373650
373649
373648
373646
373645
373644
373642
373641
373640
373639
373552
373551
373550
373549
373548
373546
373545
373543
373541
373440
373437
373436
373433
373430
373429
373427
373417
373414
373413
373412
373411
373410
373409
373407
373406
373405
373404
373315
373314
373313
373312
373311
373309
373307
373306
373305
373296
373294
373291
373290
373288
373287
373283
373282
373280
373212
373211
373141
373140
373139
373135
373134
373132
373131
373130
373128
373122
373120
373119
373117
373116
373115
372994
372993
372992
372975
372974
372972
372971
372961
372959
372958
372956
372944
372943
372942
372941
372940
372938
372937
372936
372828
372827
372824
372823
372822
372819
372818
372817
372815
372770
372763
372752
372751
372750
372749
372748
372747
372653
372652
372651
372650
372649
372648
372647
372603
372600
372599
372598
372597
372589
372588
372587
372586
372585
372584
372548
372546
372542
372540
372533
372532
372531
372525
372524
372522
372414
372413
372412
372411
372410
372407
372406
372405
372403
372402
372006
372005
372000
371999
371998
371997
371996
371995
371991
371990
371917
371915
371914
371913
371912
371911
371908
371907
371906
371904
371903
371902
371901
371900
371899
371884
371883
371882
371881
371880
371879
371878
371877
371804
371802
371801
371800
371799
371798
371793
371792
371791
371790
371784
371783
371782
371781
371780
371733
371732
371731
371730
371729
371728
371727
371726
371724
371722
371676
371675
371674
371673
371672
371671
371670
371629
371625
371624
371623
371622
371604
371603
371602
371601
371600
371558
371557
371556
371555
371554
371553
371520
371517
371516
371515
371514
371511
371510
371506
371505
371504
371503
371502
371498
371327
371326
371325
371324
371323
371322
371283
371282
371280
371279
371277
371276
371268
371267
371266
371265
371261
371260
371244
371243
371241
371239
371238
371237
371203
371202
371201
371199
371198
371197
371196
371185
371184
371141
371139
371138
371137
371136
371134
371114
371113
371112
371111
371110
371109
371108
371106
371070
371069
371068
371060
371059
371057
371011
371010
371007
371006
371005
371004
371003
370999
370998
370997
370996
370995
370994
370993
370992
370948
370947
370946
370945
370944
370942
370941
370939
370925
370924
370923
370922
370918
370915
370910
370907
370904
370895
370893
370857
370852
370851
370847
370846
370845
370761
370758
370757
370755
370752
370751
370731
370730
370688
370687
370685
370681
370672
370624
370623
370622
370620
370619
370617
370588
370587
370586
370585
370584
370545
370544
370543
370541
370540
370418
370417
370416
370413
370412
370408
370406
370393
370392
370378
370377
370376
370375
370374
370361
370360
370359
370358
370357
370350
370347
370346
370345
370344
370343
370295
370291
370290
370289
370287
370283
370221
370218
370216
370210
370208
370207
370206
370205
370198
370197
370196
370194
370191
370185
370183
370180
370127
370126
370125
370124
370116
370115
370077
370076
370075
370074
370071
370054
370052
370051
369948
369947
369946
369945
369944
369943
369942
369941
369939
369938
369934
369933
369932
369931
369930
369926
369923
369922
369920
369916
369907
369881
369880
369877
369866
369865
369853
369754
369749
369748
369747
369641
369640
369639
369636
369634
369630
369629
369628
369627
369626
369625
369622
369621
369620
369619
369601
369596
369595
369509
369508
369507
369506
369504
369503
369501
369499
369329
369328
369327
369200
369199
369198
369197
369196
369194
368798
368797
368795
368792
368790
368789
368787
368786
368744
368742
368695
368694
368692
368691
368690
368689
368687
368686
368683
368630
368629
368628
368627
368624
368623
368622
368621
368548
368547
368546
368545
368544
368543
368533
368532
368529
368410
368409
368396
368395
368394
368393
368391
368390
368368
368367
368366
368364
368363
368362
368361
368360
368359
368358
368357
368356
368349
368347
368346
368344
368341
368339
368336
368317
368315
368282
368280
368279
368223
368219
368218
368217
368213
368212
368206
368194
368192
368190
368186
368185
368184
368183
368181
368130
368046
368045
368040
368039
368038
367929
367928
367927
367926
367925
367923
367921
367919
367737
367728
367727
367726
367723
367720
367718
367716
367665
367664
367663
367662
367660
367659
367620
367617
367614
367612
367610
367608
367607
367603
367602
367601
367600
367598
367597
367596
367594
367593
367553
367552
367550
367549
367548
367545
367543
367539
367538
367531
367530
367526
367521
367517
367515
367513
367512
367511
367510
367471
367468
367467
367466
367465
367464
367463
367462
367454
367453
367452
367451
367450
367449
367448
367345
367343
367342
367341
367340
367338
367336
367331
367324
367323
367322
367321
367320
367319
367318
367316
367239
367238
367237
367236
367234
367233
367232
367166
367165
367162
367161
367134
367099
367076
367067
367062
367039
367038
367037
367036
367035
367034
367033
366978
366977
366976
366910
366904
366902
366901
366900
366899
366898
366897
366796
366795
366793
366790
366789
366787
366703
366669
366637
366635
366632
366602
366587
366586
366585
366436
366434
366431
366428
366427
366060
366059
366055
366054
366053
366042
366041
366040
366039
366036
366035
366034
366033
365931
365929
365928
365927
365923
365922
365916
365915
365914
365912
365906
365904
365899
365897
365896
365894
365893
365891
365890
365889
365863
365862
365855
365854
365853
365848
365845
365843
365842
365729
365727
365723
365721
365720
365718
365711
365703
365680
365675
365673
365672
365671
365663
365551
365547
365546
365544
365539
365538
365537
365532
365513
365506
365501
365500
365499
365343
365342
365340
365339
365330
365313
365306
365152
365118
365116
365115
365114
365111
365103
364822
364808
364635
364614
364613
364612
364611
364609
364598
364596
364580
363228
363227
363225
363223
363221
363220
363219
363217
363216
363212
363211
363209
363208
363203
363198
363196
363192
363092
363091
363090
363089
363088
363087
363086
363085
363083
363082
362954
362953
362951
362950
362949
362858
362857
362856
362853
362851
362849
362848
362847
362812
362809
362808
362807
362806
362805
362718
362717
362703
362700
362699
362697
362696
362695
362694
362688
362508
362504
362503
362502
362501
362500
362498
362490
362489
362487
362486
362410
362409
362407
362406
362405
362402
362400
362309
362308
362307
362306
362305
362304
362303
362302
362301
362300
362297
362260
362227
362226
362225
362224
362222
362217
362214
362213
362160
362159
362158
362157
362155
362154
362153
362152
362149
362086
362085
362083
362082
362053
362052
362050
361971
361969
361967
361965
361964
361945
361944
361925
361924
361923
361922
361921
361919
361918
361914
361910
361909
361906
361772
361771
361770
361764
361762
361759
361758
361757
361753
361742
361741
361650
361648
361647
361646
361645
361644
361641
361640
361570
361569
361565
361564
361563
361244
361239
361207
361203
361202
361201
361199
361196
361195
361128
361088
361086
361085
361084
361083
361082
361081
361080
361079
361078
361076
361012
361010
361008
361007
361004
361003
361002
361000
360999
360994
360934
360930
360929
360926
360925
360924
360922
360921
360861
360856
360855
360854
360853
360852
360849
360848
360819
360818
360816
360658
360656
360654
360653
360650
360649
360647
360646
360645
360640
360639
360521
360518
360517
360516
360514
360513
360510
360502
360498
360475
360474
360460
360457
360450
360448
360447
360446
360445
360443
360442
360440
360439
360386
360385
360384
360383
360382
360381
360379
360372
360371
360370
360312
360311
360304
360303
360302
360301
360300
360299
360141
360140
360139
360138
360136
360135
360133
360132
360128
360125
360089
360088
360083
360081
360079
360077
360076
360075
360000
359999
359997
359996
359995
359993
359991
359990
359989
359954
359948
359946
359945
359940
359939
359934
359927
359926
359924
359923
359921
359917
359916
359913
359912
359804
359801
359800
359799
359798
359797
359796
359795
359793
359791
359764
359763
359762
359760
359746
359708
359707
359706
359705
359704
359703
359699
359697
359696
359575
359574
359570
359556
359554
359551
359536
359535
359533
359523
359522
359520
359519
359518
359323
359322
359321
359320
359319
359317
359316
359314
359294
359062
359061
359002
358998
358997
358991
358988
358986
358924
358904
358903
358900
358899
358783
358782
358780
358779
358778
358777
358776
358773
358772
358771
358767
358759
358758
358754
358751
358750
358743
358742
358740
358725
358724
358722
358720
358719
358711
358710
358667
358663
358661
358514
358513
357800
357799
357795
357698
357697
357689
357687
357670
357668
