-1574.55 2.3317e-05
-1573.05 2.36651e-05
-1571.55 2.2969e-05
-1570.05 2.1925e-05
-1568.55 2.1229e-05
-1567.04 2.2273e-05
-1565.54 2.40131e-05
-1564.04 2.1577e-05
-1562.54 2.08809e-05
-1561.04 2.1229e-05
-1559.54 2.33171e-05
-1558.04 2.33171e-05
-1556.54 2.1925e-05
-1555.04 2.05329e-05
-1553.54 2.2273e-05
-1552.04 2.2273e-05
-1550.53 2.33171e-05
-1549.03 2.40131e-05
-1547.53 2.50571e-05
-1546.03 2.50571e-05
-1544.53 2.61012e-05
-1543.03 2.50571e-05
-1541.53 2.64492e-05
-1540.03 2.64492e-05
-1538.53 2.57531e-05
-1537.03 2.43611e-05
-1535.53 2.3317e-05
-1534.02 2.3317e-05
-1532.52 2.1577e-05
-1531.02 2.1577e-05
-1529.52 2.3317e-05
-1528.02 2.3317e-05
-1526.52 2.2969e-05
-1525.02 2.2621e-05
-1523.52 2.1577e-05
-1522.02 2.1925e-05
-1520.52 2.1577e-05
-1519.02 2.08809e-05
-1517.51 1.91409e-05
-1516.01 1.98369e-05
-1514.51 1.84448e-05
-1513.01 1.80968e-05
-1511.51 1.74008e-05
-1510.01 1.91409e-05
-1508.51 1.60087e-05
-1507.01 1.60087e-05
-1505.51 1.63567e-05
-1504.01 1.60087e-05
-1502.51 1.74008e-05
-1501 1.46167e-05
-1499.5 1.56607e-05
-1498 1.67048e-05
-1496.5 1.70528e-05
-1495 1.80968e-05
-1493.5 1.84448e-05
-1492 1.98369e-05
-1490.5 1.98369e-05
-1489 1.94889e-05
-1487.5 1.94889e-05
-1486 1.98369e-05
-1484.49 2.05329e-05
-1482.99 1.80968e-05
-1481.49 1.84448e-05
-1479.99 1.77488e-05
-1478.49 1.87928e-05
-1476.99 1.84448e-05
-1475.49 1.91409e-05
-1473.99 1.98369e-05
-1472.49 1.91409e-05
-1470.99 1.94889e-05
-1469.49 1.98369e-05
-1467.98 1.94889e-05
-1466.48 1.87928e-05
-1464.98 1.84448e-05
-1463.48 1.98369e-05
-1461.98 2.1577e-05
-1460.48 1.98369e-05
-1458.98 2.08809e-05
-1457.48 1.70528e-05
-1455.98 1.84448e-05
-1454.48 1.87928e-05
-1452.98 1.80968e-05
-1451.47 1.74008e-05
-1449.97 1.91409e-05
-1448.47 1.98369e-05
-1446.97 1.70528e-05
-1445.47 1.91409e-05
-1443.97 1.87928e-05
-1442.47 2.01849e-05
-1440.97 1.98369e-05
-1439.47 2.01849e-05
-1437.97 2.08809e-05
-1436.47 1.94889e-05
-1434.96 1.98369e-05
-1433.46 2.1925e-05
-1431.96 2.08809e-05
-1430.46 2.1229e-05
-1428.96 2.1577e-05
-1427.46 2.2273e-05
-1425.96 2.40131e-05
-1424.46 2.2621e-05
-1422.96 2.1925e-05
-1421.46 2.08809e-05
-1419.96 2.1577e-05
-1418.45 1.94889e-05
-1416.95 1.94889e-05
-1415.45 2.08809e-05
-1413.95 2.05329e-05
-1412.45 1.94889e-05
-1410.95 2.01849e-05
-1409.45 2.05329e-05
-1407.95 2.1925e-05
-1406.45 2.43611e-05
-1404.95 2.3317e-05
-1403.45 2.47091e-05
-1401.94 2.36651e-05
-1400.44 2.2969e-05
-1398.94 2.2969e-05
-1397.44 2.33171e-05
-1395.94 2.3317e-05
-1394.44 2.2969e-05
-1392.94 2.2969e-05
-1391.44 2.1925e-05
-1389.94 2.08809e-05
-1388.44 2.05329e-05
-1386.94 2.1925e-05
-1385.43 2.1577e-05
-1383.93 2.2273e-05
-1382.43 1.98369e-05
-1380.93 2.2273e-05
-1379.43 2.1577e-05
-1377.93 2.1577e-05
-1376.43 2.1925e-05
-1374.93 2.08809e-05
-1373.43 2.2273e-05
-1371.93 1.94889e-05
-1370.43 1.98369e-05
-1368.92 2.01849e-05
-1367.42 2.05329e-05
-1365.92 2.05329e-05
-1364.42 1.87928e-05
-1362.92 1.91409e-05
-1361.42 1.87928e-05
-1359.92 1.63567e-05
-1358.42 1.42686e-05
-1356.92 1.60087e-05
-1355.42 1.49647e-05
-1353.91 1.77488e-05
-1352.41 1.60087e-05
-1350.91 1.63567e-05
-1349.41 1.56607e-05
-1347.91 1.42686e-05
-1346.41 1.46167e-05
-1344.91 1.53127e-05
-1343.41 1.67047e-05
-1341.91 1.49647e-05
-1340.41 1.53127e-05
-1338.91 1.63567e-05
-1337.4 1.87928e-05
-1335.9 2.1577e-05
-1334.4 1.98369e-05
-1332.9 2.05329e-05
-1331.4 1.84448e-05
-1329.9 1.91409e-05
-1328.4 1.87928e-05
-1326.9 1.84448e-05
-1325.4 1.94889e-05
-1323.9 1.77488e-05
-1322.4 1.80968e-05
-1320.89 1.77488e-05
-1319.39 1.74008e-05
-1317.89 1.94889e-05
-1316.39 1.94889e-05
-1314.89 1.98369e-05
-1313.39 2.01849e-05
-1311.89 2.05329e-05
-1310.39 1.94889e-05
-1308.89 1.91409e-05
-1307.39 1.74008e-05
-1305.89 1.49647e-05
-1304.38 1.32246e-05
-1302.88 1.35726e-05
-1301.38 1.35726e-05
-1299.88 1.39206e-05
-1298.38 1.39206e-05
-1296.88 1.46167e-05
-1295.38 1.39206e-05
-1293.88 1.46167e-05
-1292.38 1.63567e-05
-1290.88 1.80968e-05
-1289.38 1.63567e-05
-1287.87 1.77488e-05
-1286.37 1.77488e-05
-1284.87 1.60087e-05
-1283.37 1.53127e-05
-1281.87 1.28766e-05
-1280.37 1.32246e-05
-1278.87 1.28766e-05
-1277.37 1.32246e-05
-1275.87 1.21805e-05
-1274.37 1.11365e-05
-1272.87 1.11365e-05
-1271.36 9.0484e-06
-1269.86 1.25286e-05
-1268.36 1.42686e-05
-1266.86 1.32246e-05
-1265.36 1.32246e-05
-1263.86 1.11365e-05
-1262.36 1.39206e-05
-1260.86 1.53127e-05
-1259.36 1.53127e-05
-1257.86 1.32246e-05
-1256.36 1.18325e-05
-1254.85 1.25286e-05
-1253.35 1.32246e-05
-1251.85 1.32246e-05
-1250.35 1.21806e-05
-1248.85 1.60087e-05
-1247.35 1.53127e-05
-1245.85 1.25286e-05
-1244.35 1.28766e-05
-1242.85 1.28766e-05
-1241.35 1.21805e-05
-1239.85 1.39206e-05
-1238.34 1.46167e-05
-1236.84 1.49647e-05
-1235.34 1.46167e-05
-1233.84 1.53127e-05
-1232.34 1.46167e-05
-1230.84 1.70528e-05
-1229.34 1.80968e-05
-1227.84 1.84448e-05
-1226.34 1.49647e-05
-1224.84 1.56607e-05
-1223.34 1.39206e-05
-1221.83 1.32246e-05
-1220.33 1.49647e-05
-1218.83 1.60087e-05
-1217.33 1.46167e-05
-1215.83 1.56607e-05
-1214.33 1.35726e-05
-1212.83 1.35726e-05
-1211.33 1.39206e-05
-1209.83 1.35726e-05
-1208.33 1.18325e-05
-1206.83 1.04405e-05
-1205.32 9.39642e-06
-1203.82 9.04841e-06
-1202.32 1.07885e-05
-1200.82 1.21805e-05
-1199.32 1.28766e-05
-1197.82 1.25286e-05
-1196.32 1.21806e-05
-1194.82 1.21806e-05
-1193.32 1.11365e-05
-1191.82 1.25286e-05
-1190.32 1.28766e-05
-1188.81 1.35726e-05
-1187.31 1.35726e-05
-1185.81 1.56607e-05
-1184.31 1.63567e-05
-1182.81 1.63567e-05
-1181.31 1.84448e-05
-1179.81 1.98369e-05
-1178.31 1.77488e-05
-1176.81 1.74008e-05
-1175.31 1.80968e-05
-1173.81 1.77488e-05
-1172.3 1.53127e-05
-1170.8 1.46167e-05
-1169.3 1.60087e-05
-1167.8 1.42686e-05
-1166.3 1.56607e-05
-1164.8 1.56607e-05
-1163.3 1.60087e-05
-1161.8 1.60087e-05
-1160.3 1.46167e-05
-1158.8 1.53127e-05
-1157.3 1.56607e-05
-1155.79 1.42686e-05
-1154.29 1.32246e-05
-1152.79 1.32246e-05
-1151.29 1.32246e-05
-1149.79 1.39206e-05
-1148.29 1.28766e-05
-1146.79 1.25286e-05
-1145.29 1.07885e-05
-1143.79 1.21805e-05
-1142.29 1.04405e-05
-1140.79 1.28766e-05
-1139.28 1.35726e-05
-1137.78 1.28766e-05
-1136.28 1.39206e-05
-1134.78 1.56607e-05
-1133.28 1.53127e-05
-1131.78 1.56607e-05
-1130.28 1.63567e-05
-1128.78 1.46167e-05
-1127.28 1.60087e-05
-1125.78 1.53127e-05
-1124.28 1.46166e-05
-1122.77 1.32246e-05
-1121.27 1.53127e-05
-1119.77 1.60087e-05
-1118.27 1.60087e-05
-1116.77 1.63567e-05
-1115.27 1.80968e-05
-1113.77 1.87929e-05
-1112.27 1.77488e-05
-1110.77 2.05329e-05
-1109.27 2.01849e-05
-1107.77 1.94889e-05
-1106.26 2.01849e-05
-1104.76 2.01849e-05
-1103.26 2.1925e-05
-1101.76 1.98369e-05
-1100.26 1.84448e-05
-1098.76 2.08809e-05
-1097.26 2.08809e-05
-1095.76 1.87928e-05
-1094.26 2.05329e-05
-1092.76 2.08809e-05
-1091.26 1.91409e-05
-1089.75 1.98369e-05
-1088.25 2.01849e-05
-1086.75 1.91409e-05
-1085.25 1.77488e-05
-1083.75 1.67047e-05
-1082.25 1.56607e-05
-1080.75 1.70528e-05
-1079.25 1.67047e-05
-1077.75 1.49647e-05
-1076.25 1.25286e-05
-1074.75 1.14845e-05
-1073.24 1.21806e-05
-1071.74 1.28766e-05
-1070.24 1.07885e-05
-1068.74 1.00924e-05
-1067.24 9.74443e-06
-1065.74 9.74443e-06
-1064.24 1.28766e-05
-1062.74 1.25286e-05
-1061.24 1.28766e-05
-1059.74 1.18325e-05
-1058.24 1.35726e-05
-1056.73 1.49647e-05
-1055.23 1.60087e-05
-1053.73 1.67048e-05
-1052.23 1.49647e-05
-1050.73 1.67048e-05
-1049.23 1.46167e-05
-1047.73 1.32246e-05
-1046.23 1.18325e-05
-1044.73 1.32246e-05
-1043.23 1.28766e-05
-1041.73 1.11365e-05
-1040.22 1.28766e-05
-1038.72 1.42686e-05
-1037.22 1.39206e-05
-1035.72 1.42686e-05
-1034.22 1.35726e-05
-1032.72 1.28766e-05
-1031.22 1.28766e-05
-1029.72 1.35726e-05
-1028.22 1.35726e-05
-1026.72 1.56607e-05
-1025.22 1.56607e-05
-1023.71 1.60087e-05
-1022.21 1.56607e-05
-1020.71 1.60087e-05
-1019.21 1.77488e-05
-1017.71 1.46167e-05
-1016.21 1.39206e-05
-1014.71 1.14845e-05
-1013.21 1.32246e-05
-1011.71 1.07885e-05
-1010.21 1.18325e-05
-1008.7 1.14845e-05
-1007.2 1.25286e-05
-1005.7 1.21805e-05
-1004.2 1.28766e-05
-1002.7 1.42686e-05
-1001.2 1.25286e-05
-999.7 1.28766e-05
-998.199 1.25286e-05
-996.698 1.21805e-05
-995.197 9.39641e-06
-993.696 9.74443e-06
-992.195 1.00924e-05
-990.694 9.04841e-06
-989.193 8.00436e-06
-987.692 1.04405e-05
-986.191 1.14845e-05
-984.69 1.32246e-05
-983.189 1.39206e-05
-981.689 1.32246e-05
-980.188 1.28766e-05
-978.687 1.14845e-05
-977.186 1.18325e-05
-975.685 1.28766e-05
-974.184 1.07885e-05
-972.683 1.07885e-05
-971.182 1.14845e-05
-969.681 1.07885e-05
-968.18 1.14845e-05
-966.679 1.18325e-05
-965.179 9.74443e-06
-963.678 1.07885e-05
-962.177 1.07885e-05
-960.676 1.25286e-05
-959.175 1.14845e-05
-957.674 1.25286e-05
-956.173 1.35726e-05
-954.672 1.49647e-05
-953.171 1.42686e-05
-951.67 1.63567e-05
-950.169 1.53127e-05
-948.668 1.42686e-05
-947.168 1.35726e-05
-945.667 1.25286e-05
-944.166 1.21805e-05
-942.665 1.21805e-05
-941.164 1.07885e-05
-939.663 1.35726e-05
-938.162 1.18325e-05
-936.661 1.42686e-05
-935.16 1.42686e-05
-933.659 1.28766e-05
-932.158 1.39206e-05
-930.658 1.25286e-05
-929.157 1.07885e-05
-927.656 7.65635e-06
-926.155 9.39642e-06
-924.654 8.70039e-06
-923.153 9.39642e-06
-921.652 1.00924e-05
-920.151 9.74443e-06
-918.65 8.70038e-06
-917.149 1.11365e-05
-915.648 1.18325e-05
-914.148 1.14845e-05
-912.647 1.11365e-05
-911.146 1.18325e-05
-909.645 1.32246e-05
-908.144 1.28766e-05
-906.643 1.25286e-05
-905.142 1.21805e-05
-903.641 1.25286e-05
-902.14 1.18325e-05
-900.639 1.07885e-05
-899.138 1.14845e-05
-897.637 9.39642e-06
-896.137 9.0484e-06
-894.636 7.65634e-06
-893.135 8.00436e-06
-891.634 9.74443e-06
-890.133 9.0484e-06
-888.632 8.35238e-06
-887.131 8.00436e-06
-885.63 7.65634e-06
-884.129 8.70039e-06
-882.628 9.74443e-06
-881.127 9.74443e-06
-879.626 1.11365e-05
-878.126 1.14845e-05
-876.625 1.07885e-05
-875.124 1.25286e-05
-873.623 1.25286e-05
-872.122 1.14845e-05
-870.621 1.07885e-05
-869.12 1.11365e-05
-867.619 1.04405e-05
-866.118 1.04405e-05
-864.617 1.21806e-05
-863.116 1.18325e-05
-861.616 1.18325e-05
-860.115 1.14845e-05
-858.614 1.11365e-05
-857.113 1.04405e-05
-855.612 1.07885e-05
-854.111 1.07885e-05
-852.61 8.35237e-06
-851.109 9.0484e-06
-849.608 8.35236e-06
-848.107 9.39641e-06
-846.606 8.35237e-06
-845.105 1.00924e-05
-843.605 1.11365e-05
-842.104 1.14845e-05
-840.603 1.04405e-05
-839.102 9.74444e-06
-837.601 1.18325e-05
-836.1 1.07885e-05
-834.599 1.18325e-05
-833.098 1.07885e-05
-831.597 1.11365e-05
-830.096 9.0484e-06
-828.595 8.00436e-06
-827.095 8.70039e-06
-825.594 1.07885e-05
-824.093 1.14845e-05
-822.592 1.18325e-05
-821.091 1.21805e-05
-819.59 1.00924e-05
-818.089 1.25286e-05
-816.588 1.35726e-05
-815.087 1.39206e-05
-813.586 1.00925e-05
-812.085 8.00436e-06
-810.585 8.35238e-06
-809.084 8.00435e-06
-807.583 8.70039e-06
-806.082 9.74444e-06
-804.581 1.00925e-05
-803.08 8.35238e-06
-801.579 1.00925e-05
-800.078 1.07885e-05
-798.577 1.21805e-05
-797.076 1.11365e-05
-795.575 1.00924e-05
-794.074 1.07885e-05
-792.574 1.07885e-05
-791.073 1.21805e-05
-789.572 1.21805e-05
-788.071 1.11365e-05
-786.57 1.21805e-05
-785.069 1.11365e-05
-783.568 1.21805e-05
-782.067 1.21806e-05
-780.566 1.21806e-05
-779.065 1.21806e-05
-777.564 1.49647e-05
-776.063 1.49647e-05
-774.563 1.63567e-05
-773.062 1.63567e-05
-771.561 1.53127e-05
-770.06 1.63567e-05
-768.559 1.28766e-05
-767.058 1.21806e-05
-765.557 1.11365e-05
-764.056 1.11365e-05
-762.555 1.04405e-05
-761.054 1.04405e-05
-759.553 9.74443e-06
-758.053 9.39641e-06
-756.552 1.14845e-05
-755.051 1.18325e-05
-753.55 1.25286e-05
-752.049 1.35726e-05
-750.548 1.39206e-05
-749.047 1.56607e-05
-747.546 1.35726e-05
-746.045 1.28766e-05
-744.544 1.39206e-05
-743.043 1.28766e-05
-741.542 1.07885e-05
-740.042 1.04405e-05
-738.541 8.70039e-06
-737.04 8.70039e-06
-735.539 6.26428e-06
-734.038 4.87223e-06
-732.537 5.22024e-06
-731.036 4.17619e-06
-729.535 5.56824e-06
-728.034 5.91626e-06
-726.533 5.56824e-06
-725.032 8.00435e-06
-723.532 9.04839e-06
-722.031 9.39641e-06
-720.53 1.00925e-05
-719.029 1.14845e-05
-717.528 1.11365e-05
-716.027 1.46166e-05
-714.526 1.49647e-05
-713.025 1.60087e-05
-711.524 1.56607e-05
-710.023 1.67047e-05
-708.522 1.70528e-05
-707.022 1.49647e-05
-705.521 1.42686e-05
-704.02 1.46166e-05
-702.519 1.28766e-05
-701.018 1.21805e-05
-699.517 1.21805e-05
-698.016 1.14845e-05
-696.515 1.07885e-05
-695.014 1.28766e-05
-693.513 1.35726e-05
-692.012 1.42686e-05
-690.511 1.56607e-05
-689.011 1.74008e-05
-687.51 1.80968e-05
-686.009 1.87928e-05
-684.508 2.01849e-05
-683.007 2.1229e-05
-681.506 1.87928e-05
-680.005 1.74008e-05
-678.504 1.74008e-05
-677.003 1.60087e-05
-675.502 1.84448e-05
-674.001 1.56607e-05
-672.5 1.56607e-05
-671 1.60087e-05
-669.499 1.63567e-05
-667.998 1.74008e-05
-666.497 1.84448e-05
-664.996 1.80968e-05
-663.495 1.84448e-05
-661.994 1.94889e-05
-660.493 1.91409e-05
-658.992 1.94889e-05
-657.491 1.84448e-05
-655.99 1.77488e-05
-654.49 1.60087e-05
-652.989 1.60087e-05
-651.488 1.39206e-05
-649.987 1.25286e-05
-648.486 1.56607e-05
-646.985 1.70528e-05
-645.484 1.56607e-05
-643.983 1.53127e-05
-642.482 1.63567e-05
-640.981 1.63567e-05
-639.48 1.70528e-05
-637.98 1.56607e-05
-636.479 1.56607e-05
-634.978 1.53127e-05
-633.477 1.49647e-05
-631.976 1.35726e-05
-630.475 1.32246e-05
-628.974 1.32246e-05
-627.473 1.28766e-05
-625.972 1.46167e-05
-624.471 1.42686e-05
-622.97 1.63567e-05
-621.469 1.70528e-05
-619.969 1.56607e-05
-618.468 1.84448e-05
-616.967 1.60087e-05
-615.466 1.46167e-05
-613.965 1.28766e-05
-612.464 1.32246e-05
-610.963 1.18325e-05
-609.462 9.74445e-06
-607.961 1.21806e-05
-606.46 1.21806e-05
-604.959 1.18325e-05
-603.458 1.32246e-05
-601.958 1.25286e-05
-600.457 1.25286e-05
-598.956 1.39206e-05
-597.455 1.32246e-05
-595.954 1.42686e-05
-594.453 1.53127e-05
-592.952 1.53127e-05
-591.451 1.53127e-05
-589.95 1.56607e-05
-588.449 1.49647e-05
-586.948 1.60087e-05
-585.448 1.63567e-05
-583.947 1.53127e-05
-582.446 1.28766e-05
-580.945 1.18325e-05
-579.444 1.00924e-05
-577.943 1.00924e-05
-576.442 7.65634e-06
-574.941 8.35237e-06
-573.44 9.39642e-06
-571.939 7.65634e-06
-570.438 8.70039e-06
-568.937 7.30833e-06
-567.437 9.39642e-06
-565.936 9.39642e-06
-564.435 1.00925e-05
-562.934 1.04405e-05
-561.433 1.14845e-05
-559.932 1.21805e-05
-558.431 1.14845e-05
-556.93 9.04841e-06
-555.429 1.07885e-05
-553.928 1.11365e-05
-552.427 9.39642e-06
-550.927 7.30833e-06
-549.426 7.30833e-06
-547.925 5.91627e-06
-546.424 3.82818e-06
-544.923 4.87222e-06
-543.422 5.91627e-06
-541.921 6.26429e-06
-540.42 5.91628e-06
-538.919 6.2643e-06
-537.418 7.65636e-06
-535.917 8.35239e-06
-534.417 8.70039e-06
-532.916 5.91627e-06
-531.415 6.61231e-06
-529.914 7.65634e-06
-528.413 9.0484e-06
-526.912 9.39642e-06
-525.411 8.70039e-06
-523.91 4.31539e-05
-522.409 4.5242e-05
-520.908 4.69821e-05
-519.407 4.73301e-05
-517.907 4.83742e-05
-516.406 4.87222e-05
-514.905 5.04622e-05
-513.404 5.22023e-05
-511.903 5.11583e-05
-510.402 5.28984e-05
-508.901 5.46384e-05
-507.4 5.46384e-05
-505.899 5.56825e-05
-504.398 5.70745e-05
-502.897 5.74226e-05
-501.396 5.77706e-05
-499.896 5.91626e-05
-498.395 5.84666e-05
-496.894 5.88146e-05
-495.393 6.09027e-05
-493.892 5.88146e-05
-492.391 5.77706e-05
-490.89 5.95107e-05
-489.389 6.05547e-05
-487.888 6.09027e-05
-486.387 5.91626e-05
-484.886 5.91626e-05
-483.385 5.98587e-05
-481.885 6.19468e-05
-480.384 6.02067e-05
-478.883 6.05547e-05
-477.382 6.09027e-05
-475.881 6.02067e-05
-474.38 5.95107e-05
-472.879 5.84666e-05
-471.378 5.91626e-05
-469.877 6.02067e-05
-468.376 5.91626e-05
-466.875 5.74226e-05
-465.374 5.67265e-05
-463.874 5.84666e-05
-462.373 5.91626e-05
-460.872 5.60305e-05
-459.371 5.46384e-05
-457.87 5.56825e-05
-456.369 5.91626e-05
-454.868 5.77706e-05
-453.367 5.95106e-05
-451.866 5.98587e-05
-450.365 5.98587e-05
-448.864 5.98587e-05
-447.364 5.81186e-05
-445.863 6.02067e-05
-444.362 6.29908e-05
-442.861 6.33388e-05
-441.36 6.29908e-05
-439.859 6.47309e-05
-438.358 6.61229e-05
-436.857 6.7863e-05
-435.356 6.6819e-05
-433.855 6.99511e-05
-432.354 7.16912e-05
-430.854 7.27352e-05
-429.353 7.16912e-05
-427.852 7.20392e-05
-426.351 7.27352e-05
-424.85 7.27352e-05
-423.349 7.23872e-05
-421.848 7.13432e-05
-420.347 7.30833e-05
-418.846 7.41273e-05
-417.345 7.58674e-05
-415.844 7.72594e-05
-414.344 8.14356e-05
-412.843 8.03916e-05
-411.342 8.17836e-05
-409.841 8.14356e-05
-408.34 8.24797e-05
-406.839 8.28277e-05
-405.338 8.31757e-05
-403.837 8.38717e-05
-402.336 8.45678e-05
-400.835 8.56118e-05
-399.334 8.73519e-05
-397.833 8.9092e-05
-396.333 9.29201e-05
-394.832 9.50082e-05
-393.331 9.67483e-05
-391.83 9.84884e-05
-390.329 0.000100228
-388.828 9.84884e-05
-387.327 9.84884e-05
-385.826 0.000101273
-384.325 0.000103361
-382.824 0.000105101
-381.323 0.000104753
-379.822 0.000107189
-378.322 0.000110669
-376.821 0.000111365
-375.32 0.000111017
-373.819 0.000113801
-372.318 0.000114497
-370.817 0.000115889
-369.316 0.000118325
-367.815 0.000116237
-366.314 0.000119369
-364.813 0.000122153
-363.312 0.000124937
-361.811 0.00012807
-360.311 0.000130506
-358.81 0.000133638
-357.309 0.000134682
-355.808 0.000137118
-354.307 0.000139206
-352.806 0.000139206
-351.305 0.000141642
-349.804 0.000144774
-348.303 0.000147558
-346.802 0.000148602
-345.301 0.000151039
-343.801 0.000153127
-342.3 0.000158695
-340.799 0.000159043
-339.298 0.000161479
-337.797 0.000163915
-336.296 0.000163915
-334.795 0.000166003
-333.294 0.000168787
-331.793 0.000168787
-330.292 0.000172616
-328.791 0.000175052
-327.291 0.000179924
-325.79 0.000183404
-324.289 0.000187232
-322.788 0.000190712
-321.287 0.000194541
-319.786 0.000197673
-318.285 0.000204285
-316.784 0.000207069
-315.283 0.000209853
-313.782 0.000213682
-312.281 0.000218902
-310.781 0.000220294
-309.28 0.000226558
-307.779 0.00023143
-306.278 0.000234214
-304.777 0.000239435
-303.276 0.000241871
-301.775 0.000243263
-300.274 0.000246395
-298.773 0.000249875
-297.272 0.000254747
-295.771 0.000257184
-294.27 0.000262752
-292.77 0.000267624
-291.269 0.000271104
-289.768 0.000276324
-288.267 0.000282588
-286.766 0.000285721
-285.265 0.000290941
-283.764 0.000296509
-282.263 0.000301381
-280.762 0.000306949
-279.261 0.000309386
-277.76 0.000314258
-276.259 0.000322958
-274.759 0.000330614
-273.258 0.000337575
-271.757 0.000343839
-270.256 0.000351495
-268.755 0.000358804
-267.254 0.000369244
-265.753 0.000375857
-264.252 0.000385949
-262.751 0.000397434
-261.25 0.000404742
-259.749 0.000416575
-258.248 0.000427711
-256.748 0.000439195
-255.247 0.000451376
-253.746 0.000464948
-252.245 0.000479913
-250.744 0.000494878
-249.243 0.000513671
-247.742 0.000531072
-246.241 0.00055056
-244.74 0.000569005
-243.239 0.000591278
-241.738 0.000613551
-240.238 0.000632344
-238.737 0.000657749
-237.236 0.00068211
-235.735 0.000707515
-234.234 0.00073292
-232.733 0.00075937
-231.232 0.000787559
-229.731 0.000816096
-228.23 0.000846721
-226.729 0.000880131
-225.228 0.000914932
-223.728 0.00095217
-222.227 0.000988016
-220.726 0.00102699
-219.225 0.00106423
-217.724 0.00110286
-216.223 0.00114393
-214.722 0.00118778
-213.221 0.00123128
-211.72 0.00127617
-210.219 0.0013235
-208.718 0.00136979
-207.218 0.00141781
-205.717 0.00146793
-204.216 0.00151909
-202.715 0.00156642
-201.214 0.00161549
-199.713 0.0016649
-198.212 0.00171398
-196.711 0.00176026
-195.21 0.00180933
-193.709 0.00185631
-192.208 0.00190399
-190.707 0.00194958
-189.207 0.00199448
-187.706 0.00203867
-186.205 0.00207974
-184.704 0.00212115
-183.203 0.00216326
-181.702 0.00220329
-180.201 0.00223983
-178.7 0.00227741
-177.199 0.00231326
-175.698 0.0023498
-174.197 0.00238251
-172.696 0.00241627
-171.196 0.00244794
-169.695 0.00247613
-168.194 0.00250745
-166.693 0.0025332
-165.192 0.00255757
-163.691 0.00258019
-162.19 0.00260176
-160.689 0.00262473
-159.188 0.00264666
-157.687 0.00266649
-156.186 0.00268111
-154.685 0.00270095
-153.185 0.00271348
-151.684 0.0027267
-150.183 0.00273749
-148.682 0.00274758
-147.181 0.00275454
-145.68 0.0027622
-144.179 0.00276881
-142.678 0.00277438
-141.177 0.0027803
-139.676 0.00278621
-138.175 0.00279108
-136.675 0.00279735
-135.174 0.00279978
-133.673 0.00280396
-132.172 0.00280848
-130.671 0.00281405
-129.17 0.00281684
-127.669 0.00281788
-126.168 0.00282101
-124.667 0.00282345
-123.166 0.00282728
-121.665 0.00282971
-120.165 0.00283528
-118.664 0.0028398
-117.163 0.00284816
-115.662 0.00285199
-114.161 0.00285825
-112.66 0.00286591
-111.159 0.00286973
-109.658 0.00287948
-108.157 0.00288922
-106.656 0.00289827
-105.155 0.00290836
-103.655 0.00291846
-102.154 0.00293133
-100.653 0.00294212
-99.1517 0.00295639
-97.6508 0.0029717
-96.1499 0.00298597
-94.649 0.00300476
-93.1481 0.00302425
-91.6471 0.0030427
-90.1463 0.00306428
-88.6454 0.00308376
-87.1445 0.00310847
-85.6436 0.00312727
-84.1427 0.00315267
-82.6417 0.00317564
-81.1408 0.00320174
-79.6399 0.00322854
-78.139 0.0032536
-76.638 0.00327935
-75.1371 0.00330858
-73.6362 0.00333434
-72.1353 0.00336252
-70.6344 0.00339176
-69.1336 0.00341925
-67.6326 0.0034457
-66.1317 0.00347424
-64.6308 0.00349999
-63.1299 0.00352818
-61.6289 0.00355567
-60.128 0.00358038
-58.6271 0.00360718
-57.1262 0.00362945
-55.6253 0.00365451
-54.1243 0.00367957
-52.6234 0.00370045
-51.1225 0.00371994
-49.6216 0.00374012
-48.1208 0.00375856
-46.6198 0.00377771
-45.1189 0.00379198
-43.618 0.00380868
-42.1171 0.0038219
-40.6162 0.00383339
-39.1152 0.00384383
-37.6143 0.00385462
-36.1134 0.00386262
-34.6125 0.00386958
-33.1116 0.00387132
-31.6106 0.00387272
-30.1097 0.00387272
-28.6089 0.00387202
-27.108 0.00386993
-25.6071 0.00386227
-24.1061 0.00385566
-22.6052 0.00384487
-21.1043 0.00383443
-19.6034 0.00381703
-18.1025 0.00380311
-16.6015 0.00378188
-15.1006 0.00375996
-13.5997 0.00373629
-12.0988 0.00371124
-10.5978 0.00368305
-9.09693 0.00365416
-7.59612 0.00362319
-6.0952 0.00359082
-4.59428 0.00355846
-3.09335 0.003524
-1.59244 0.00348711
-0.091514 0.00345057
1.40941 0.00341299
2.91033 0.00337088
4.41125 0.00332946
5.91217 0.00329014
7.41309 0.00324594
8.91401 0.00320139
10.4149 0.00315372
11.9159 0.00310882
13.4167 0.00306114
14.9176 0.00301347
16.4185 0.00296439
17.9194 0.00291637
19.4203 0.00286904
20.9213 0.00282345
22.4222 0.00277473
23.9231 0.00273088
25.424 0.00268703
26.925 0.00264179
28.4259 0.00259724
29.9268 0.00255478
31.4277 0.00251093
32.9285 0.00246813
34.4294 0.00242602
35.9304 0.00238634
37.4313 0.00234597
38.9322 0.0023063
40.4331 0.00226802
41.9341 0.00223113
43.435 0.00219528
44.9359 0.00216118
46.4368 0.00212951
47.9377 0.00209853
49.4387 0.00206617
50.9396 0.00203833
52.4405 0.00200875
53.9413 0.00197951
55.4422 0.00195271
56.9432 0.00192557
58.4441 0.00189842
59.945 0.00187302
61.4459 0.00184901
62.9468 0.00182604
64.4478 0.00180168
65.9487 0.00177697
67.4496 0.00175643
68.9505 0.00173625
70.4514 0.00171432
71.9524 0.00169275
73.4533 0.00167395
74.9541 0.00165481
76.455 0.00163324
77.9559 0.00161792
79.4569 0.00159844
80.9578 0.00158173
82.4587 0.00156503
83.9596 0.00154797
85.4605 0.00153231
86.9615 0.00151596
88.4624 0.00149716
89.9633 0.00148289
91.4642 0.00146584
92.9652 0.00144844
94.466 0.00143104
95.9669 0.00141364
97.4678 0.00139728
98.9687 0.00137779
100.47 0.00136039
101.971 0.00134647
103.471 0.00132768
104.972 0.00131097
106.473 0.00129427
107.974 0.00127652
109.475 0.00125668
110.976 0.00123719
112.477 0.00121875
113.978 0.00119822
115.479 0.00117734
116.98 0.0011568
118.481 0.00113453
119.982 0.00111539
121.482 0.00109486
122.983 0.00107258
124.484 0.00104996
125.985 0.00103117
127.486 0.0010075
128.987 0.000983491
130.488 0.000961567
131.989 0.000935813
133.49 0.000913192
134.991 0.00088744
136.492 0.00086621
137.992 0.000843589
139.493 0.000818184
140.994 0.000797303
142.495 0.00077503
143.996 0.000753801
145.497 0.000733965
146.998 0.000709951
148.499 0.00069081
150 0.000671321
151.501 0.000652181
153.002 0.000630604
154.503 0.000612159
156.003 0.000594062
157.504 0.000575966
159.005 0.000559261
160.506 0.000542208
162.007 0.000523067
163.508 0.000507406
165.009 0.000488266
166.51 0.000473301
168.011 0.000457292
169.512 0.000443024
171.013 0.000428755
172.514 0.000413094
174.014 0.00040335
175.515 0.000391518
177.016 0.000383165
178.517 0.000372029
180.018 0.000364372
181.519 0.000355672
183.02 0.000345579
184.521 0.000338271
186.022 0.000328526
187.523 0.000321914
189.024 0.000315302
190.524 0.000307994
192.025 0.000299293
193.526 0.000293377
195.027 0.000285373
196.528 0.000279108
198.029 0.000274932
199.53 0.000269016
201.031 0.000264144
202.532 0.000260664
204.033 0.000256139
205.534 0.000249875
207.034 0.000245003
208.535 0.000242219
210.036 0.000238043
211.537 0.00023491
213.038 0.00023317
214.539 0.000228298
216.04 0.000225514
217.541 0.000222382
219.042 0.00021925
220.543 0.000216466
222.044 0.000212289
223.545 0.000209853
225.045 0.000205329
226.546 0.000202893
228.047 0.000200109
229.548 0.000195237
231.049 0.000192801
232.55 0.000191408
234.051 0.000187928
235.552 0.00018584
237.053 0.000183404
238.554 0.00018236
240.055 0.000183056
241.555 0.000181664
243.056 0.00017888
244.557 0.000175052
246.058 0.00017366
247.559 0.00017366
249.06 0.000170875
250.561 0.000169831
252.062 0.000167743
253.563 0.000165655
255.064 0.000164263
256.565 0.000162871
258.065 0.000161131
259.566 0.000158347
261.067 0.000157999
262.568 0.000156259
264.069 0.000153823
265.57 0.000152083
267.071 0.000148602
268.572 0.000146514
270.073 0.000145818
271.574 0.000144774
273.075 0.000143034
274.576 0.000141294
276.077 0.00014199
277.577 0.000140598
279.078 0.00013851
280.579 0.000137814
282.08 0.000137814
283.581 0.000137118
285.082 0.000136074
286.583 0.00013677
288.084 0.000135378
289.585 0.000134334
291.086 0.000134682
292.587 0.000134334
294.087 0.000131898
295.588 0.000127722
297.089 0.000126678
298.59 0.000124589
300.091 0.000122153
301.592 0.000119369
303.093 0.000114845
304.594 0.000112757
306.095 0.000111713
307.596 0.000110321
309.097 0.000107189
310.597 0.000107189
312.098 0.000107189
313.599 0.000109277
315.1 0.000110669
316.601 0.000109973
318.102 0.000112409
319.603 0.000113105
321.104 0.000109625
322.605 0.000109277
324.106 0.000107537
325.607 0.000105101
327.108 0.000103709
328.608 9.91844e-05
330.109 9.84884e-05
331.61 9.84884e-05
333.111 9.60523e-05
334.612 9.57043e-05
336.113 9.57043e-05
337.614 9.46602e-05
339.115 9.11801e-05
340.616 8.9788e-05
342.117 8.66559e-05
343.618 8.73519e-05
345.118 8.944e-05
346.619 8.73519e-05
348.12 8.52638e-05
349.621 8.66558e-05
351.122 8.70039e-05
352.623 8.66558e-05
354.124 8.52638e-05
355.625 8.38717e-05
357.126 8.35237e-05
358.627 8.52638e-05
360.128 8.56118e-05
361.629 8.56118e-05
363.13 8.49158e-05
364.63 8.28277e-05
366.131 8.31757e-05
367.632 8.14356e-05
369.133 7.89995e-05
370.634 7.86515e-05
372.135 7.89995e-05
373.636 7.83035e-05
375.137 7.96955e-05
376.638 7.96955e-05
378.138 7.89995e-05
379.639 8.00436e-05
381.14 8.14356e-05
382.641 8.24797e-05
384.142 8.07396e-05
385.643 8.17836e-05
387.144 8.03916e-05
388.645 7.86515e-05
390.146 7.83035e-05
391.647 7.76075e-05
393.148 7.76075e-05
394.649 7.58674e-05
396.15 7.37793e-05
397.65 7.23872e-05
399.151 7.06471e-05
400.652 6.99511e-05
402.153 6.7515e-05
403.654 6.6819e-05
405.155 6.7515e-05
406.656 6.7167e-05
408.157 6.7515e-05
409.658 6.6819e-05
411.159 6.6123e-05
412.659 6.26428e-05
414.16 6.19468e-05
415.661 6.12507e-05
417.162 6.19468e-05
418.663 6.12507e-05
420.164 6.15987e-05
421.665 5.95107e-05
423.166 5.95107e-05
424.667 6.05547e-05
426.168 6.12507e-05
427.669 6.12507e-05
429.17 6.12507e-05
430.671 6.12507e-05
432.171 6.09027e-05
433.672 6.02067e-05
435.173 6.09027e-05
436.674 6.22948e-05
438.175 6.29908e-05
439.676 6.19468e-05
441.177 6.12507e-05
442.678 6.19468e-05
444.179 6.09027e-05
445.68 5.84666e-05
447.181 5.81186e-05
448.682 5.74226e-05
450.182 5.67265e-05
451.683 5.67265e-05
453.184 5.70745e-05
454.685 5.77706e-05
456.186 5.56825e-05
457.687 5.74226e-05
459.188 5.74226e-05
460.689 5.81186e-05
462.19 5.74226e-05
463.691 5.49865e-05
465.191 5.39424e-05
466.692 5.39424e-05
468.193 5.32464e-05
469.694 5.22023e-05
471.195 5.28984e-05
472.696 5.22023e-05
474.197 5.11583e-05
475.698 5.15063e-05
477.199 5.42904e-05
478.7 5.53345e-05
480.201 5.60305e-05
481.702 5.39424e-05
483.203 5.18543e-05
484.703 4.94182e-05
486.204 4.97662e-05
487.705 4.97662e-05
489.206 4.66341e-05
490.707 4.559e-05
492.208 4.559e-05
493.709 4.4546e-05
495.21 4.4894e-05
496.711 4.76781e-05
498.212 4.90702e-05
499.712 5.04622e-05
501.213 5.22023e-05
502.714 5.35944e-05
504.215 5.25503e-05
505.716 5.39424e-05
507.217 5.35944e-05
508.718 5.42904e-05
510.219 5.39424e-05
511.72 5.42904e-05
513.221 5.22023e-05
514.722 5.25503e-05
516.223 5.11583e-05
517.723 5.25503e-05
519.224 5.04623e-05
520.725 4.94182e-05
522.226 4.94182e-05
523.727 4.97662e-05
525.228 5.04622e-05
526.729 4.76781e-05
528.23 4.73301e-05
529.731 4.5938e-05
531.232 4.385e-05
532.733 4.4198e-05
534.234 4.4546e-05
535.734 4.559e-05
537.235 4.4894e-05
538.736 4.5242e-05
540.237 4.4198e-05
541.738 4.559e-05
543.239 4.385e-05
544.74 4.35019e-05
546.241 4.4198e-05
547.742 4.35019e-05
549.243 4.24579e-05
550.744 4.4546e-05
552.244 4.66341e-05
553.745 4.62861e-05
555.246 4.69821e-05
556.747 4.62861e-05
558.248 4.5242e-05
559.749 4.4198e-05
561.25 4.28059e-05
562.751 4.21099e-05
564.252 4.00218e-05
565.753 3.75857e-05
567.254 3.75857e-05
568.755 3.61936e-05
570.256 3.61936e-05
571.756 3.72377e-05
573.257 3.75857e-05
574.758 3.72377e-05
576.259 3.68896e-05
577.76 3.93258e-05
579.261 3.75857e-05
580.762 3.89777e-05
582.263 3.75857e-05
583.764 3.86297e-05
585.264 3.65416e-05
586.765 3.48016e-05
588.266 3.44535e-05
589.767 3.44535e-05
591.268 3.44535e-05
592.769 3.61936e-05
594.27 3.65416e-05
595.771 3.68896e-05
597.272 3.48015e-05
598.773 3.51496e-05
600.274 3.54976e-05
601.775 3.44535e-05
603.276 3.30615e-05
604.776 3.41055e-05
606.277 3.23654e-05
607.778 3.44535e-05
609.279 3.54976e-05
610.78 3.34095e-05
612.281 3.34095e-05
613.782 3.75857e-05
615.283 3.75857e-05
616.784 3.72377e-05
618.285 3.72377e-05
619.785 3.68896e-05
621.286 3.65416e-05
622.787 3.75857e-05
624.288 3.65416e-05
625.789 3.75857e-05
627.29 3.82817e-05
628.791 3.65416e-05
630.292 3.48015e-05
631.793 3.72377e-05
633.294 3.68896e-05
634.795 3.82817e-05
636.296 3.79337e-05
637.797 3.68896e-05
639.297 3.61936e-05
640.798 3.72377e-05
642.299 3.72377e-05
643.8 3.61936e-05
645.301 3.65416e-05
646.802 3.82817e-05
648.303 3.82817e-05
649.804 3.75857e-05
651.305 3.89777e-05
652.806 3.89777e-05
654.307 3.96738e-05
655.808 3.86297e-05
657.308 3.79337e-05
658.809 3.61936e-05
660.31 3.48015e-05
661.811 3.41055e-05
663.312 3.23654e-05
664.813 3.16694e-05
666.314 3.13214e-05
667.815 3.06254e-05
669.316 3.09734e-05
670.817 3.02774e-05
672.317 3.02774e-05
673.818 3.16694e-05
675.319 3.23654e-05
676.82 3.34095e-05
678.321 3.37575e-05
679.822 3.41055e-05
681.323 3.37575e-05
682.824 3.44535e-05
684.325 3.34095e-05
685.826 3.30615e-05
687.327 3.30615e-05
688.828 3.27135e-05
690.329 3.41055e-05
691.829 3.16694e-05
693.33 3.30615e-05
694.831 3.54976e-05
696.332 3.27135e-05
697.833 3.48016e-05
699.334 3.37575e-05
700.835 3.54976e-05
702.336 3.54976e-05
703.837 3.51496e-05
705.338 3.54976e-05
706.838 3.72377e-05
708.339 3.86297e-05
709.84 3.58456e-05
711.341 3.48015e-05
712.842 3.54976e-05
714.343 3.65416e-05
715.844 3.75857e-05
717.345 3.58456e-05
718.846 3.51496e-05
720.347 3.44535e-05
721.848 3.37575e-05
723.349 3.48015e-05
724.849 3.27135e-05
726.35 3.02774e-05
727.851 3.09734e-05
729.352 3.09734e-05
730.853 3.09734e-05
732.354 3.09734e-05
733.855 3.23654e-05
735.356 3.41055e-05
736.857 3.27135e-05
738.358 3.44535e-05
739.858 3.37575e-05
741.359 3.44535e-05
742.86 3.41055e-05
744.361 3.34095e-05
745.862 3.23654e-05
747.363 3.44535e-05
748.864 3.51496e-05
750.365 3.44535e-05
751.866 3.34095e-05
753.367 3.41055e-05
754.868 3.48015e-05
756.369 3.79337e-05
757.87 3.89777e-05
759.37 3.82817e-05
760.871 3.86297e-05
762.372 3.79337e-05
763.873 3.86297e-05
765.374 3.89777e-05
766.875 3.65416e-05
768.376 3.44535e-05
769.877 3.34095e-05
771.378 3.41055e-05
772.879 3.20174e-05
774.38 3.20174e-05
775.881 3.13214e-05
777.382 3.02773e-05
778.882 3.09734e-05
780.383 3.13214e-05
781.884 3.06254e-05
783.385 3.13214e-05
784.886 3.09734e-05
786.387 3.13214e-05
787.888 2.99293e-05
789.389 3.02774e-05
790.89 3.23654e-05
792.39 3.09734e-05
793.891 3.34095e-05
795.392 3.23654e-05
796.893 3.30615e-05
798.394 3.30615e-05
799.895 3.30615e-05
801.396 3.37575e-05
802.897 3.54976e-05
804.398 3.30615e-05
805.899 3.27135e-05
807.4 3.20174e-05
808.901 3.41055e-05
810.402 3.58456e-05
811.902 3.41055e-05
813.403 3.41055e-05
814.904 3.48016e-05
816.405 3.41055e-05
817.906 3.65416e-05
819.407 3.61936e-05
820.908 3.54976e-05
822.409 3.65416e-05
823.91 3.68896e-05
825.411 3.51496e-05
826.911 3.44535e-05
828.412 3.48016e-05
829.913 3.51496e-05
831.414 3.41055e-05
832.915 3.27135e-05
834.416 3.20174e-05
835.917 3.23654e-05
837.418 3.23654e-05
838.919 3.34095e-05
840.42 3.16694e-05
841.921 3.16694e-05
843.422 3.37575e-05
844.923 3.44535e-05
846.423 3.37575e-05
847.924 3.54976e-05
849.425 3.51496e-05
850.926 3.37575e-05
852.427 3.27135e-05
853.928 3.27135e-05
855.429 3.13214e-05
856.93 2.99293e-05
858.431 3.20174e-05
859.932 3.27135e-05
861.433 3.02774e-05
862.933 3.16694e-05
864.434 3.16694e-05
865.935 3.16694e-05
867.436 2.99293e-05
868.937 2.95813e-05
870.438 2.99293e-05
871.939 3.09734e-05
873.44 3.27135e-05
874.941 3.20174e-05
876.442 3.16694e-05
877.943 2.92333e-05
879.443 3.13214e-05
880.944 3.30615e-05
882.445 3.30615e-05
883.946 3.13214e-05
885.447 3.23654e-05
886.948 3.20174e-05
888.449 3.34095e-05
889.95 3.54976e-05
891.451 3.72377e-05
892.952 3.65416e-05
894.453 3.72377e-05
895.954 3.68896e-05
897.455 3.79337e-05
898.955 3.79337e-05
900.456 3.75857e-05
901.957 3.72377e-05
903.458 3.82817e-05
904.959 3.61936e-05
906.46 3.58456e-05
907.961 3.58456e-05
909.462 3.65416e-05
910.963 3.72377e-05
912.464 3.61936e-05
913.964 3.75857e-05
915.465 3.96738e-05
916.966 4.17619e-05
918.467 4.17619e-05
919.968 4.21099e-05
921.469 4.07178e-05
922.97 4.28059e-05
924.471 4.00218e-05
925.972 3.89777e-05
927.473 3.65416e-05
928.974 3.65416e-05
930.475 3.72377e-05
931.975 3.61936e-05
933.476 3.75857e-05
934.977 3.61936e-05
936.478 3.37575e-05
937.979 3.37575e-05
939.48 3.37575e-05
940.981 3.61936e-05
942.482 3.48015e-05
943.983 3.44535e-05
945.484 3.48015e-05
946.984 3.37575e-05
948.485 3.27135e-05
949.986 3.37575e-05
951.487 3.23654e-05
952.988 3.20174e-05
954.489 3.02774e-05
955.99 3.16694e-05
957.491 3.27135e-05
958.992 3.23654e-05
960.493 3.23654e-05
961.994 3.44535e-05
963.495 3.54976e-05
964.996 3.58456e-05
966.496 3.72377e-05
967.997 3.68896e-05
969.498 4.03698e-05
970.999 4.28059e-05
972.5 4.35019e-05
974.001 4.28059e-05
975.502 4.24579e-05
977.003 4.17619e-05
978.504 3.93257e-05
980.005 3.79337e-05
981.506 3.41055e-05
983.007 3.41055e-05
984.508 3.48015e-05
986.008 3.41055e-05
987.509 3.30615e-05
989.01 3.34095e-05
990.511 3.51496e-05
992.012 3.72377e-05
993.513 3.68896e-05
995.014 3.79337e-05
996.515 3.79337e-05
998.016 4.03698e-05
999.516 3.89777e-05
1001.02 3.93258e-05
1002.52 3.68896e-05
1004.02 3.86297e-05
1005.52 4.00218e-05
1007.02 3.82817e-05
1008.52 3.93258e-05
1010.02 3.79337e-05
1011.52 3.75857e-05
1013.02 3.72377e-05
1014.53 3.75857e-05
1016.03 3.75857e-05
1017.53 4.00218e-05
1019.03 4.14138e-05
1020.53 4.14138e-05
1022.03 4.10658e-05
1023.53 4.07178e-05
1025.03 4.03698e-05
1026.53 3.96738e-05
1028.03 3.79337e-05
1029.53 3.96738e-05
1031.04 3.86297e-05
1032.54 3.86297e-05
1034.04 3.89777e-05
1035.54 3.93258e-05
1037.04 4.10658e-05
1038.54 3.96738e-05
1040.04 3.86297e-05
1041.54 3.96738e-05
1043.04 3.89777e-05
1044.54 3.75857e-05
1046.04 3.79337e-05
1047.55 3.89777e-05
1049.05 3.79337e-05
1050.55 3.79337e-05
1052.05 4.00218e-05
1053.55 3.86297e-05
1055.05 3.75857e-05
1056.55 3.82817e-05
1058.05 3.82817e-05
1059.55 3.93257e-05
1061.05 3.93258e-05
1062.55 4.03698e-05
1064.06 3.93258e-05
1065.56 3.75857e-05
1067.06 3.72377e-05
1068.56 3.93258e-05
1070.06 3.86297e-05
1071.56 4.00218e-05
1073.06 4.07178e-05
1074.56 4.10658e-05
1076.06 4.21099e-05
1077.56 4.24579e-05
1079.06 4.28059e-05
1080.57 4.28059e-05
1082.07 4.28059e-05
1083.57 4.35019e-05
1085.07 4.28059e-05
1086.57 4.14138e-05
1088.07 4.10658e-05
1089.57 3.82817e-05
1091.07 4.14138e-05
1092.57 4.03698e-05
1094.07 4.07178e-05
1095.57 4.07178e-05
1097.08 3.93258e-05
1098.58 4.14138e-05
1100.08 4.35019e-05
1101.58 4.4546e-05
1103.08 4.559e-05
1104.58 4.4546e-05
1106.08 4.35019e-05
1107.58 3.96738e-05
1109.08 4.00218e-05
1110.58 4.00218e-05
1112.08 4.03698e-05
1113.59 4.00218e-05
1115.09 4.03698e-05
1116.59 4.07178e-05
1118.09 4.10658e-05
1119.59 4.07178e-05
1121.09 4.21099e-05
1122.59 3.96738e-05
1124.09 3.79337e-05
1125.59 4.00218e-05
1127.09 3.86297e-05
1128.6 3.68896e-05
1130.1 3.65416e-05
1131.6 3.44535e-05
1133.1 3.30615e-05
1134.6 3.13214e-05
1136.1 3.37575e-05
1137.6 3.30615e-05
1139.1 3.13214e-05
1140.6 3.27135e-05
1142.1 3.37575e-05
1143.6 3.41055e-05
1145.11 3.54976e-05
1146.61 3.41055e-05
1148.11 3.44535e-05
1149.61 3.37575e-05
1151.11 3.44535e-05
1152.61 3.27135e-05
1154.11 3.13214e-05
1155.61 3.16694e-05
1157.11 3.13214e-05
1158.61 3.30615e-05
1160.11 3.34095e-05
1161.62 3.16694e-05
1163.12 3.23654e-05
1164.62 3.02773e-05
1166.12 3.02773e-05
1167.62 3.20174e-05
1169.12 2.95813e-05
1170.62 3.02773e-05
1172.12 2.88853e-05
1173.62 2.88853e-05
1175.12 2.81893e-05
1176.62 2.71452e-05
1178.13 2.74932e-05
1179.63 2.85373e-05
1181.13 2.74932e-05
1182.63 2.74932e-05
1184.13 2.54051e-05
1185.63 2.2969e-05
1187.13 2.47091e-05
1188.63 2.2969e-05
1190.13 2.1925e-05
1191.63 2.2621e-05
1193.13 2.1577e-05
1194.64 2.2621e-05
1196.14 2.40131e-05
1197.64 2.54051e-05
1199.14 2.71452e-05
1200.64 2.61012e-05
1202.14 2.40131e-05
1203.64 2.36651e-05
1205.14 2.2969e-05
1206.64 2.08809e-05
1208.14 2.08809e-05
1209.64 2.01849e-05
1211.15 1.94889e-05
1212.65 1.84448e-05
1214.15 1.74008e-05
1215.65 1.67048e-05
1217.15 1.70528e-05
1218.65 1.70528e-05
1220.15 1.35726e-05
1221.65 1.32246e-05
1223.15 1.35726e-05
1224.65 1.28766e-05
1226.15 1.21805e-05
1227.66 1.18325e-05
1229.16 1.00925e-05
1230.66 1.00925e-05
1232.16 9.0484e-06
1233.66 1.04405e-05
1235.16 1.21805e-05
1236.66 1.18325e-05
1238.16 1.28766e-05
1239.66 1.18325e-05
1241.16 1.28766e-05
1242.66 1.32246e-05
1244.17 1.35726e-05
1245.67 1.14845e-05
1247.17 1.25286e-05
1248.67 8.35238e-06
1250.17 7.30833e-06
1251.67 7.30833e-06
1253.17 6.61229e-06
1254.67 5.91627e-06
1256.17 5.22024e-06
1257.67 4.87222e-06
1259.17 5.56825e-06
1260.68 5.56825e-06
1262.18 6.6123e-06
1263.68 8.70039e-06
1265.18 7.65634e-06
1266.68 8.00436e-06
1268.18 7.65634e-06
1269.68 6.26429e-06
1271.18 5.56825e-06
1272.68 6.96031e-06
1274.18 8.00436e-06
1275.68 6.96031e-06
1277.19 7.65634e-06
1278.69 5.91627e-06
1280.19 6.96032e-06
1281.69 6.6123e-06
1283.19 6.26428e-06
1284.69 6.26428e-06
1286.19 7.30832e-06
1287.69 9.74443e-06
1289.19 1.11365e-05
1290.69 1.11365e-05
1292.19 1.18325e-05
1293.7 1.07885e-05
1295.2 9.39642e-06
1296.7 8.00436e-06
1298.2 6.26428e-06
1299.7 5.22024e-06
1301.2 6.61229e-06
1302.7 3.48015e-06
1304.2 2.78412e-06
1305.7 4.87221e-06
1307.2 6.9603e-06
1308.7 9.0484e-06
1310.21 1.04405e-05
1311.71 1.18325e-05
1313.21 1.42686e-05
1314.71 1.42686e-05
1316.21 1.28766e-05
1317.71 1.11365e-05
1319.21 8.7004e-06
1320.71 8.35238e-06
1322.21 7.65634e-06
1323.71 4.5242e-06
1325.21 3.82817e-06
1326.72 3.82818e-06
1328.22 4.52421e-06
1329.72 4.87222e-06
1331.22 3.82818e-06
1332.72 5.22024e-06
1334.22 3.13215e-06
1335.72 3.82818e-06
1337.22 4.52421e-06
1338.72 4.52421e-06
1340.22 3.13215e-06
1341.72 2.43611e-06
1343.23 1.74008e-06
1344.73 4.17618e-06
1346.23 4.87221e-06
1347.73 5.22023e-06
1349.23 3.82818e-06
1350.73 5.22024e-06
1352.23 5.91627e-06
1353.73 4.17619e-06
1355.23 4.52421e-06
1356.73 6.61229e-06
1358.23 5.22023e-06
1359.74 5.22023e-06
1361.24 3.48015e-06
1362.74 2.43612e-06
1364.24 3.13215e-06
1365.74 2.08811e-06
1367.24 2.43612e-06
1368.74 6.96048e-07
1370.24 1.04405e-06
1371.74 1.74008e-06
1373.24 1.04405e-06
1374.74 3.09158e-12
1376.25 3.48013e-07
1377.75 1.04405e-06
1379.25 1.04404e-06
1380.75 0
1382.25 1.74007e-06
1383.75 2.4361e-06
1385.25 3.48015e-06
1386.75 4.87221e-06
1388.25 4.17619e-06
1389.75 6.6123e-06
1391.25 5.56825e-06
1392.76 4.52421e-06
1394.26 2.08811e-06
1395.76 2.78414e-06
1397.26 3.13215e-06
1398.76 4.17619e-06
1400.26 3.13215e-06
1401.76 3.82817e-06
1403.26 5.56825e-06
1404.76 5.56825e-06
1406.26 6.26428e-06
1407.76 6.26428e-06
1409.27 5.91626e-06
1410.77 3.48016e-06
1412.27 4.87222e-06
1413.77 8.35237e-06
1415.27 8.35237e-06
1416.77 6.61229e-06
1418.27 4.87222e-06
1419.77 8.00436e-06
1421.27 7.65634e-06
1422.77 9.0484e-06
1424.27 1.14845e-05
1425.78 1.14845e-05
1427.28 1.18325e-05
1428.78 1.53127e-05
1430.28 1.42686e-05
1431.78 1.49647e-05
1433.28 1.46167e-05
1434.78 1.46167e-05
1436.28 1.49647e-05
1437.78 1.39206e-05
1439.28 1.46167e-05
1440.78 1.35726e-05
1442.29 1.39206e-05
1443.79 1.60087e-05
1445.29 1.70528e-05
1446.79 1.77488e-05
1448.29 1.91409e-05
1449.79 2.08809e-05
1451.29 2.3317e-05
1452.79 2.2621e-05
1454.29 2.08809e-05
1455.79 2.36651e-05
1457.29 2.2621e-05
1458.8 2.1577e-05
1460.3 2.1577e-05
1461.8 2.01849e-05
1463.3 2.01849e-05
1464.8 1.98369e-05
1466.3 2.1577e-05
1467.8 2.2273e-05
1469.3 2.01849e-05
1470.8 2.1229e-05
1472.3 2.1925e-05
1473.81 2.1925e-05
1475.31 2.05329e-05
1476.81 1.94889e-05
1478.31 2.1577e-05
1479.81 2.05329e-05
1481.31 2.05329e-05
1482.81 2.2621e-05
1484.31 2.1577e-05
1485.81 2.1577e-05
1487.31 2.1229e-05
1488.81 2.2273e-05
1490.32 2.2969e-05
1491.82 2.05329e-05
1493.32 2.2969e-05
1494.82 2.3317e-05
1496.32 2.3317e-05
1497.82 2.2621e-05
1499.32 2.3317e-05
1500.82 2.2273e-05
1502.32 2.47091e-05
1503.82 2.47091e-05
1505.32 2.2969e-05
1506.83 2.57531e-05
1508.33 2.61012e-05
1509.83 2.54051e-05
1511.33 2.54051e-05
1512.83 2.43611e-05
1514.33 2.1925e-05
1515.83 2.1925e-05
1517.33 2.1577e-05
1518.83 2.1925e-05
1520.33 2.2273e-05
1521.83 2.1925e-05
1523.34 2.1577e-05
1524.84 2.1925e-05
1526.34 2.47091e-05
1527.84 2.2969e-05
1529.34 2.2969e-05
1530.84 2.36651e-05
1532.34 2.36651e-05
1533.84 2.50571e-05
1535.34 2.61012e-05
1536.84 2.54051e-05
1538.34 2.50571e-05
1539.85 2.54051e-05
1541.35 2.64492e-05
1542.85 2.64492e-05
1544.35 2.50571e-05
1545.85 2.40131e-05
1547.35 2.2273e-05
1548.85 2.1577e-05
1550.35 1.98369e-05
1551.85 2.08809e-05
1553.35 1.94889e-05
1554.85 1.94889e-05
1556.36 2.2273e-05
1557.86 2.3317e-05
1559.36 2.1577e-05
1560.86 2.2621e-05
1562.36 2.3317e-05
1563.86 2.3317e-05
1565.36 2.54051e-05
1566.86 2.40131e-05
1568.36 2.1577e-05
1569.86 2.1925e-05
1571.36 2.08809e-05
1572.87 2.05329e-05
1574.37 2.2273e-05
1575.87 2.2273e-05
