-1575.96 0
-1574.46 0
-1572.96 0
-1571.46 0
-1569.95 0
-1568.45 0
-1566.95 0
-1565.45 0
-1563.95 0
-1562.45 0
-1560.95 0
-1559.45 0
-1557.95 0
-1556.45 0
-1554.95 0
-1553.44 0
-1551.94 0
-1550.44 0
-1548.94 0
-1547.44 0
-1545.94 0
-1544.44 0
-1542.94 0
-1541.44 0
-1539.94 0
-1538.44 0
-1536.93 0
-1535.43 0
-1533.93 0
-1532.43 0
-1530.93 0
-1529.43 0
-1527.93 0
-1526.43 0
-1524.93 0
-1523.43 0
-1521.93 0
-1520.42 0
-1518.92 0
-1517.42 0
-1515.92 0
-1514.42 0
-1512.92 0
-1511.42 0
-1509.92 0
-1508.42 0
-1506.92 0
-1505.42 0
-1503.91 0
-1502.41 0
-1500.91 0
-1499.41 0
-1497.91 0
-1496.41 0
-1494.91 0
-1493.41 0
-1491.91 0
-1490.41 0
-1488.91 0
-1487.4 0
-1485.9 0
-1484.4 0
-1482.9 0
-1481.4 0
-1479.9 0
-1478.4 0
-1476.9 0
-1475.4 0
-1473.9 0
-1472.4 0
-1470.89 0
-1469.39 0
-1467.89 0
-1466.39 0
-1464.89 0
-1463.39 0
-1461.89 0
-1460.39 0
-1458.89 0
-1457.39 0
-1455.89 0
-1454.38 0
-1452.88 0
-1451.38 0
-1449.88 0
-1448.38 0
-1446.88 0
-1445.38 0
-1443.88 0
-1442.38 0
-1440.88 0
-1439.38 0
-1437.87 0
-1436.37 0
-1434.87 0
-1433.37 0
-1431.87 0
-1430.37 0
-1428.87 0
-1427.37 0
-1425.87 0
-1424.37 0
-1422.87 0
-1421.36 0
-1419.86 0
-1418.36 0
-1416.86 0
-1415.36 0
-1413.86 0
-1412.36 0
-1410.86 0
-1409.36 0
-1407.86 0
-1406.36 0
-1404.85 0
-1403.35 0
-1401.85 0
-1400.35 0
-1398.85 0
-1397.35 0
-1395.85 0
-1394.35 0
-1392.85 0
-1391.35 0
-1389.85 0
-1388.34 0
-1386.84 0
-1385.34 0
-1383.84 0
-1382.34 0
-1380.84 0
-1379.34 0
-1377.84 0
-1376.34 0
-1374.84 0
-1373.34 0
-1371.83 0
-1370.33 0
-1368.83 0
-1367.33 0
-1365.83 0
-1364.33 0
-1362.83 0
-1361.33 0
-1359.83 0
-1358.33 0
-1356.83 0
-1355.32 0
-1353.82 0
-1352.32 0
-1350.82 0
-1349.32 0
-1347.82 0
-1346.32 0
-1344.82 0
-1343.32 0
-1341.82 0
-1340.32 0
-1338.81 0
-1337.31 0
-1335.81 0
-1334.31 0
-1332.81 0
-1331.31 0
-1329.81 0
-1328.31 0
-1326.81 0
-1325.31 0
-1323.81 0
-1322.3 0
-1320.8 0
-1319.3 0
-1317.8 0
-1316.3 0
-1314.8 0
-1313.3 0
-1311.8 0
-1310.3 0
-1308.8 0
-1307.3 0
-1305.79 0
-1304.29 0
-1302.79 0
-1301.29 0
-1299.79 0
-1298.29 0
-1296.79 0
-1295.29 0
-1293.79 0
-1292.29 0
-1290.79 0
-1289.28 0
-1287.78 0
-1286.28 0
-1284.78 0
-1283.28 0
-1281.78 0
-1280.28 0
-1278.78 0
-1277.28 0
-1275.78 0
-1274.28 0
-1272.77 0
-1271.27 0
-1269.77 0
-1268.27 0
-1266.77 0
-1265.27 0
-1263.77 0
-1262.27 0
-1260.77 0
-1259.27 0
-1257.77 0
-1256.26 0
-1254.76 0
-1253.26 0
-1251.76 0
-1250.26 0
-1248.76 0
-1247.26 0
-1245.76 0
-1244.26 0
-1242.76 0
-1241.26 0
-1239.75 0
-1238.25 0
-1236.75 0
-1235.25 0
-1233.75 0
-1232.25 0
-1230.75 0
-1229.25 0
-1227.75 0
-1226.25 0
-1224.74 0
-1223.24 0
-1221.74 0
-1220.24 0
-1218.74 0
-1217.24 0
-1215.74 0
-1214.24 0
-1212.74 0
-1211.24 0
-1209.74 0
-1208.23 0
-1206.73 0
-1205.23 0
-1203.73 0
-1202.23 0
-1200.73 0
-1199.23 0
-1197.73 0
-1196.23 0
-1194.73 0
-1193.23 0
-1191.72 0
-1190.22 0
-1188.72 0
-1187.22 0
-1185.72 0
-1184.22 0
-1182.72 0
-1181.22 0
-1179.72 0
-1178.22 0
-1176.72 0
-1175.21 0
-1173.71 0
-1172.21 0
-1170.71 0
-1169.21 0
-1167.71 0
-1166.21 0
-1164.71 0
-1163.21 0
-1161.71 0
-1160.21 0
-1158.7 0
-1157.2 0
-1155.7 0
-1154.2 0
-1152.7 0
-1151.2 0
-1149.7 0
-1148.2 0
-1146.7 0
-1145.2 0
-1143.7 0
-1142.19 0
-1140.69 0
-1139.19 0
-1137.69 0
-1136.19 0
-1134.69 0
-1133.19 0
-1131.69 0
-1130.19 0
-1128.69 0
-1127.19 0
-1125.68 0
-1124.18 0
-1122.68 0
-1121.18 0
-1119.68 0
-1118.18 0
-1116.68 0
-1115.18 0
-1113.68 0
-1112.18 0
-1110.68 0
-1109.17 0
-1107.67 0
-1106.17 0
-1104.67 0
-1103.17 0
-1101.67 0
-1100.17 0
-1098.67 0
-1097.17 0
-1095.67 0
-1094.17 0
-1092.66 0
-1091.16 0
-1089.66 0
-1088.16 0
-1086.66 0
-1085.16 0
-1083.66 0
-1082.16 0
-1080.66 0
-1079.16 0
-1077.66 0
-1076.15 0
-1074.65 0
-1073.15 0
-1071.65 0
-1070.15 0
-1068.65 0
-1067.15 0
-1065.65 0
-1064.15 0
-1062.65 0
-1061.15 0
-1059.64 0
-1058.14 0
-1056.64 0
-1055.14 0
-1053.64 0
-1052.14 0
-1050.64 0
-1049.14 0
-1047.64 0
-1046.14 0
-1044.64 0
-1043.13 0
-1041.63 0
-1040.13 0
-1038.63 0
-1037.13 0
-1035.63 0
-1034.13 0
-1032.63 0
-1031.13 0
-1029.63 0
-1028.13 0
-1026.62 0
-1025.12 0
-1023.62 0
-1022.12 0
-1020.62 0
-1019.12 0
-1017.62 0
-1016.12 0
-1014.62 0
-1013.12 0
-1011.62 0
-1010.11 0
-1008.61 0
-1007.11 0
-1005.61 0
-1004.11 0
-1002.61 0
-1001.11 0
-999.608 0
-998.107 0
-996.606 0
-995.105 0
-993.604 0
-992.103 0
-990.603 0
-989.102 0
-987.601 0
-986.1 0
-984.599 0
-983.098 0
-981.597 0
-980.096 0
-978.595 0
-977.094 0
-975.593 0
-974.093 0
-972.592 0
-971.091 0
-969.59 0
-968.089 0
-966.588 0
-965.087 0
-963.586 0
-962.085 0
-960.584 0
-959.083 0
-957.582 0
-956.082 0
-954.581 0
-953.08 0
-951.579 0
-950.078 0
-948.577 0
-947.076 0
-945.575 0
-944.074 0
-942.573 0
-941.072 0
-939.572 0
-938.071 0
-936.57 0
-935.069 0
-933.568 0
-932.067 0
-930.566 0
-929.065 0
-927.564 0
-926.063 0
-924.562 0
-923.061 0
-921.561 0
-920.06 0
-918.559 0
-917.058 0
-915.557 0
-914.056 0
-912.555 0
-911.054 0
-909.553 0
-908.052 0
-906.551 0
-905.051 0
-903.55 0
-902.049 0
-900.548 0
-899.047 0
-897.546 0
-896.045 0
-894.544 0
-893.043 0
-891.542 0
-890.041 0
-888.54 0
-887.04 0
-885.539 0
-884.038 0
-882.537 0
-881.036 0
-879.535 0
-878.034 0
-876.533 0
-875.032 0
-873.531 0
-872.03 0
-870.53 0
-869.029 0
-867.528 0
-866.027 0
-864.526 0
-863.025 0
-861.524 0
-860.023 0
-858.522 0
-857.021 0
-855.52 0
-854.019 0
-852.519 0
-851.018 0
-849.517 0
-848.016 0
-846.515 0
-845.014 0
-843.513 0
-842.012 0
-840.511 0
-839.01 0
-837.509 0
-836.009 0
-834.508 0
-833.007 0
-831.506 0
-830.005 0
-828.504 0
-827.003 0
-825.502 0
-824.001 0
-822.5 0
-820.999 0
-819.498 0
-817.998 0
-816.497 0
-814.996 0
-813.495 0
-811.994 0
-810.493 0
-808.992 0
-807.491 0
-805.99 0
-804.489 0
-802.988 0
-801.488 0
-799.987 0
-798.486 0
-796.985 0
-795.484 0
-793.983 0
-792.482 0
-790.981 0
-789.48 0
-787.979 0
-786.478 0
-784.977 0
-783.477 0
-781.976 0
-780.475 0
-778.974 0
-777.473 0
-775.972 0
-774.471 0
-772.97 0
-771.469 0
-769.968 0
-768.467 0
-766.967 0
-765.466 0
-763.965 0
-762.464 0
-760.963 0
-759.462 0
-757.961 0
-756.46 0
-754.959 0
-753.458 0
-751.957 0
-750.456 0
-748.956 0
-747.455 0
-745.954 0
-744.453 0
-742.952 0
-741.451 0
-739.95 0
-738.449 0
-736.948 0
-735.447 0
-733.946 0
-732.446 0
-730.945 0
-729.444 0
-727.943 0
-726.442 0
-724.941 0
-723.44 0
-721.939 0
-720.438 0
-718.937 0
-717.436 0
-715.935 0
-714.435 0
-712.934 0
-711.433 0
-709.932 0
-708.431 0
-706.93 0
-705.429 0
-703.928 0
-702.427 0
-700.926 0
-699.425 0
-697.925 0
-696.424 0
-694.923 0
-693.422 0
-691.921 0
-690.42 0
-688.919 0
-687.418 0
-685.917 0
-684.416 0
-682.915 0
-681.414 0
-679.914 0
-678.413 0
-676.912 0
-675.411 0
-673.91 0
-672.409 0
-670.908 0
-669.407 0
-667.906 0
-666.405 0
-664.904 0
-663.404 0
-661.903 0
-660.402 0
-658.901 0
-657.4 0
-655.899 0
-654.398 0
-652.897 0
-651.396 0
-649.895 0
-648.394 0
-646.893 0
-645.393 0
-643.892 0
-642.391 0
-640.89 0
-639.389 0
-637.888 0
-636.387 0
-634.886 0
-633.385 0
-631.884 0
-630.383 0
-628.883 0
-627.382 0
-625.881 0
-624.38 0
-622.879 0
-621.378 0
-619.877 0
-618.376 0
-616.875 0
-615.374 0
-613.873 0
-612.372 0
-610.872 0
-609.371 0
-607.87 0
-606.369 0
-604.868 0
-603.367 0
-601.866 0
-600.365 0
-598.864 0
-597.363 0
-595.862 0
-594.362 0
-592.861 0
-591.36 0
-589.859 0
-588.358 0
-586.857 0
-585.356 0
-583.855 0
-582.354 0
-580.853 0
-579.352 0
-577.851 0
-576.351 0
-574.85 0
-573.349 0
-571.848 0
-570.347 0
-568.846 0
-567.345 0
-565.844 0
-564.343 0
-562.842 0
-561.341 0
-559.841 0
-558.34 0
-556.839 0
-555.338 0
-553.837 0
-552.336 0
-550.835 0
-549.334 0
-547.833 0
-546.332 0
-544.831 0
-543.33 0
-541.83 0
-540.329 0
-538.828 0
-537.327 0
-535.826 0
-534.325 0
-532.824 0
-531.323 0
-529.822 0
-528.321 0
-526.82 0
-525.32 0
-523.819 0
-522.318 0
-520.817 0
-519.316 0
-517.815 0
-516.314 0
-514.813 0
-513.312 0
-511.811 1.59027e-29
-510.31 1.19905e-319
-508.809 1.64689e-87
-507.309 2.82891e-277
-505.808 0
-504.307 0
-502.806 1.59027e-29
-501.305 1.19905e-319
-499.804 0.666261
-498.303 4.31577e-92
-496.802 9.39922e-275
-495.301 1.0087e-274
-493.8 0
-492.299 0
-490.799 2.19796e-274
-489.298 2.1242e-274
-487.797 2.0947e-274
-486.296 2.10945e-274
-484.795 2.1832e-274
-483.294 2.25696e-274
-481.793 2.31597e-274
-480.292 2.31597e-274
-478.791 2.33072e-274
-477.29 2.41923e-274
-475.789 2.37497e-274
-474.288 2.44873e-274
-472.788 2.52249e-274
-471.287 2.47823e-274
-469.786 2.50773e-274
-468.285 2.53724e-274
-466.784 2.44873e-274
-465.283 2.49298e-274
-463.782 2.47823e-274
-462.281 2.49298e-274
-460.78 2.58149e-274
-459.279 2.55199e-274
-457.778 2.62575e-274
-456.278 2.61099e-274
-454.777 2.61099e-274
-453.276 2.53724e-274
-451.775 2.56674e-274
-450.274 2.56674e-274
-448.773 2.67e-274
-447.272 2.62575e-274
-445.771 2.6405e-274
-444.27 2.71425e-274
-442.769 2.78801e-274
-441.268 2.75851e-274
-439.767 2.75851e-274
-438.267 2.78801e-274
-436.766 2.83227e-274
-435.265 2.81751e-274
-433.764 2.81751e-274
-432.263 2.78801e-274
-430.762 2.77326e-274
-429.261 2.80276e-274
-427.76 2.75851e-274
-426.259 2.86177e-274
-424.758 2.84702e-274
-423.257 2.89127e-274
-421.757 2.95028e-274
-420.256 2.97978e-274
-418.755 3.06829e-274
-417.254 3.1568e-274
-415.753 3.14204e-274
-414.252 3.17155e-274
-412.751 3.11254e-274
-411.25 3.09779e-274
-409.749 3.11254e-274
-408.248 3.12729e-274
-406.747 3.14204e-274
-405.246 3.14204e-274
-403.746 3.27481e-274
-402.245 3.26006e-274
-400.744 3.40757e-274
-399.243 3.40757e-274
-397.742 3.49608e-274
-396.241 3.52558e-274
-394.74 3.61409e-274
-393.239 3.6731e-274
-391.738 3.79111e-274
-390.237 3.82061e-274
-388.736 3.83536e-274
-387.236 3.93862e-274
-385.735 3.96812e-274
-384.234 4.05663e-274
-382.733 4.2484e-274
-381.232 4.35166e-274
-379.731 4.41067e-274
-378.23 4.57293e-274
-376.729 4.64669e-274
-375.228 4.85321e-274
-373.727 4.94172e-274
-372.226 5.01547e-274
-370.725 5.13348e-274
-369.225 5.25149e-274
-367.724 5.34e-274
-366.223 5.36951e-274
-364.722 5.44326e-274
-363.221 5.42851e-274
-361.72 5.45801e-274
-360.219 5.59078e-274
-358.718 5.67928e-274
-357.217 5.7973e-274
-355.716 5.8563e-274
-354.215 5.94481e-274
-352.715 6.01857e-274
-351.214 6.10708e-274
-349.713 6.12183e-274
-348.212 6.3136e-274
-346.711 6.4021e-274
-345.21 6.52012e-274
-343.709 6.68238e-274
-342.208 6.71188e-274
-340.707 6.87415e-274
-339.206 7.02166e-274
-337.705 7.11017e-274
-336.205 7.27244e-274
-334.704 7.3757e-274
-333.203 7.3757e-274
-331.702 7.49371e-274
-330.201 7.62647e-274
-328.7 7.77399e-274
-327.199 7.96575e-274
-325.698 8.11327e-274
-324.197 8.23128e-274
-322.696 8.39354e-274
-321.195 8.65907e-274
-319.694 8.77708e-274
-318.194 8.88034e-274
-316.693 9.07211e-274
-315.192 9.14587e-274
-313.691 9.29338e-274
-312.19 9.33763e-274
-310.689 9.39664e-274
-309.188 9.5294e-274
-307.687 9.63266e-274
-306.186 9.78018e-274
-304.685 9.98669e-274
-303.184 1.01342e-273
-301.684 1.03555e-273
-300.183 1.05915e-273
-298.682 1.06505e-273
-297.181 1.08423e-273
-295.68 1.1034e-273
-294.179 1.11816e-273
-292.678 1.13733e-273
-291.177 1.15208e-273
-289.676 1.16536e-273
-288.175 1.17864e-273
-286.674 1.20371e-273
-285.173 1.21256e-273
-283.673 1.22584e-273
-282.172 1.23764e-273
-280.671 1.24944e-273
-279.17 1.26714e-273
-277.669 1.2819e-273
-276.168 1.29665e-273
-274.667 1.32172e-273
-273.166 1.33648e-273
-271.665 1.34238e-273
-270.164 1.36155e-273
-268.663 1.37926e-273
-267.163 1.40286e-273
-265.662 1.41171e-273
-264.161 1.42941e-273
-262.66 1.45891e-273
-261.159 1.48547e-273
-259.658 1.50907e-273
-258.157 1.53119e-273
-256.656 1.54742e-273
-255.155 1.56807e-273
-253.654 1.5961e-273
-252.153 1.61085e-273
-250.652 1.63888e-273
-249.152 1.65216e-273
-247.651 1.66986e-273
-246.15 1.69789e-273
-244.649 1.72444e-273
-243.148 1.76132e-273
-241.647 1.79082e-273
-240.146 1.8218e-273
-238.645 1.86015e-273
-237.144 1.89998e-273
-235.643 1.94128e-273
-234.142 1.97964e-273
-232.642 2.02537e-273
-231.141 2.07995e-273
-229.64 2.1183e-273
-228.139 2.1714e-273
-226.638 2.21566e-273
-225.137 2.26434e-273
-223.636 2.31892e-273
-222.135 2.36907e-273
-220.634 2.41923e-273
-219.133 2.47676e-273
-217.632 2.54019e-273
-216.131 2.60805e-273
-214.631 2.68033e-273
-213.13 2.74966e-273
-211.629 2.83522e-273
-210.128 2.9134e-273
-208.627 3.00486e-273
-207.126 3.09337e-273
-205.625 3.19073e-273
-204.124 3.29546e-273
-202.623 3.40462e-273
-201.122 3.51968e-273
-199.621 3.63179e-273
-198.121 3.76308e-273
-196.62 3.88109e-273
-195.119 4.02123e-273
-193.618 4.15694e-273
-192.117 4.30003e-273
-190.616 4.45787e-273
-189.115 4.60981e-273
-187.614 4.7647e-273
-186.113 4.92254e-273
-184.612 5.0966e-273
-183.111 5.26625e-273
-181.61 5.43294e-273
-180.11 5.60995e-273
-178.609 5.80172e-273
-177.108 5.99791e-273
-175.607 6.19558e-273
-174.106 6.3962e-273
-172.605 6.58502e-273
-171.104 6.78859e-273
-169.603 6.98478e-273
-168.102 7.17803e-273
-166.601 7.37569e-273
-165.1 7.57336e-273
-163.6 7.75333e-273
-162.099 7.93773e-273
-160.598 8.11622e-273
-159.097 8.30209e-273
-157.596 8.48648e-273
-156.095 8.65907e-273
-154.594 8.83756e-273
-153.093 9.01015e-273
-151.592 9.18127e-273
-150.091 9.34206e-273
-148.59 9.50875e-273
-147.089 9.66069e-273
-145.589 9.81115e-273
-144.088 9.95719e-273
-142.587 1.01077e-272
-141.086 1.02522e-272
-139.585 1.03761e-272
-138.084 1.05045e-272
-136.583 1.06328e-272
-135.082 1.07582e-272
-133.581 1.08615e-272
-132.08 1.09706e-272
-130.579 1.10724e-272
-129.079 1.11712e-272
-127.578 1.12642e-272
-126.077 1.136e-272
-124.576 1.14294e-272
-123.075 1.15076e-272
-121.574 1.15946e-272
-120.073 1.16521e-272
-118.572 1.17215e-272
-117.071 1.17775e-272
-115.57 1.18232e-272
-114.069 1.18837e-272
-112.568 1.19295e-272
-111.068 1.19708e-272
-109.567 1.20209e-272
-108.066 1.20578e-272
-106.565 1.21035e-272
-105.064 1.21463e-272
-103.563 1.21802e-272
-102.062 1.22245e-272
-100.561 1.22584e-272
-99.0603 1.23056e-272
-97.5593 1.23336e-272
-96.0584 1.23735e-272
-94.5575 1.24118e-272
-93.0566 1.24575e-272
-91.5557 1.25151e-272
-90.0548 1.25579e-272
-88.5539 1.26139e-272
-87.053 1.26847e-272
-85.552 1.27319e-272
-84.0511 1.28042e-272
-82.5502 1.28632e-272
-81.0493 1.29325e-272
-79.5484 1.29989e-272
-78.0475 1.30638e-272
-76.5466 1.31376e-272
-75.0456 1.32143e-272
-73.5447 1.3294e-272
-72.0438 1.33839e-272
-70.5429 1.34798e-272
-69.042 1.35949e-272
-67.5411 1.36952e-272
-66.0402 1.38073e-272
-64.5393 1.39401e-272
-63.0383 1.40625e-272
-61.5374 1.42026e-272
-60.0365 1.43369e-272
-58.5356 1.44682e-272
-57.0347 1.46216e-272
-55.5338 1.47735e-272
-54.0329 1.49151e-272
-52.532 1.50744e-272
-51.031 1.52323e-272
-49.5301 1.54019e-272
-48.0292 1.55671e-272
-46.5283 1.57442e-272
-45.0274 1.59197e-272
-43.5265 1.60967e-272
-42.0256 1.62723e-272
-40.5246 1.64449e-272
-39.0237 1.66219e-272
-37.5228 1.67974e-272
-36.0219 1.69715e-272
-34.521 1.715e-272
-33.0201 1.73211e-272
-31.5192 1.74996e-272
-30.0183 1.76677e-272
-28.5173 1.78433e-272
-27.0164 1.80159e-272
-25.5155 1.81796e-272
-24.0146 1.83316e-272
-22.5137 1.84732e-272
-21.0128 1.86104e-272
-19.5119 1.87534e-272
-18.011 1.88818e-272
-16.51 1.89924e-272
-15.0091 1.9106e-272
-13.5082 1.92048e-272
-12.0073 1.92845e-272
-10.5064 1.93642e-272
-9.00548 1.94335e-272
-7.50456 1.94881e-272
-6.00365 1.95338e-272
-4.50274 1.95721e-272
-3.00183 1.95957e-272
-1.50091 1.95943e-272
0 1.95972e-272
1.50091 1.95839e-272
3.00183 1.95574e-272
4.50274 1.95131e-272
6.00365 1.94556e-272
7.50456 1.93833e-272
9.00548 1.93125e-272
10.5064 1.92107e-272
12.0073 1.91075e-272
13.5082 1.89909e-272
15.0091 1.88626e-272
16.51 1.87151e-272
18.011 1.85602e-272
19.5119 1.84068e-272
21.0128 1.82386e-272
22.5137 1.8066e-272
24.0146 1.78743e-272
25.5155 1.76913e-272
27.0164 1.74907e-272
28.5173 1.72901e-272
30.0183 1.70895e-272
31.5192 1.68667e-272
33.0201 1.66558e-272
34.521 1.64493e-272
36.0219 1.62147e-272
37.5228 1.59861e-272
39.0237 1.57619e-272
40.5246 1.55303e-272
42.0256 1.53016e-272
43.5265 1.50818e-272
45.0274 1.48502e-272
46.5283 1.46186e-272
48.0292 1.43988e-272
49.5301 1.41879e-272
51.031 1.39725e-272
52.532 1.37616e-272
54.0329 1.3558e-272
55.5338 1.33603e-272
57.0347 1.31597e-272
58.5356 1.29576e-272
60.0365 1.27629e-272
61.5374 1.25815e-272
63.0383 1.23838e-272
64.5393 1.21994e-272
66.0402 1.20165e-272
67.5411 1.1838e-272
69.042 1.16728e-272
70.5429 1.1509e-272
72.0438 1.13453e-272
73.5447 1.11889e-272
75.0456 1.10444e-272
76.5466 1.09028e-272
78.0475 1.07715e-272
79.5484 1.06387e-272
81.0493 1.05015e-272
82.5502 1.03894e-272
84.0511 1.02729e-272
85.552 1.01475e-272
87.053 1.00324e-272
88.5539 9.92621e-273
90.0548 9.81853e-273
91.5557 9.71232e-273
93.0566 9.60906e-273
94.5575 9.51465e-273
96.0584 9.41877e-273
97.5593 9.33616e-273
99.0603 9.25355e-273
100.561 9.16504e-273
102.062 9.09129e-273
103.563 9.01605e-273
105.064 8.9305e-273
106.565 8.85674e-273
108.066 8.79036e-273
109.567 8.70627e-273
111.068 8.64432e-273
112.568 8.56318e-273
114.069 8.50123e-273
115.57 8.43485e-273
117.071 8.36847e-273
118.572 8.28881e-273
120.073 8.22095e-273
121.574 8.13244e-273
123.075 8.06164e-273
124.576 7.96428e-273
126.077 7.88757e-273
127.578 7.78873e-273
129.079 7.72088e-273
130.579 7.62057e-273
132.08 7.53796e-273
133.581 7.45093e-273
135.082 7.36095e-273
136.583 7.27539e-273
138.084 7.18393e-273
139.585 7.08362e-273
141.086 6.98331e-273
142.587 6.88152e-273
144.088 6.77384e-273
145.589 6.6691e-273
147.089 6.54372e-273
148.59 6.43603e-273
150.091 6.32392e-273
151.592 6.21476e-273
153.093 6.09822e-273
154.594 5.97284e-273
156.095 5.85778e-273
157.596 5.74862e-273
159.097 5.61733e-273
160.598 5.50522e-273
162.099 5.38278e-273
163.6 5.27067e-273
165.1 5.14381e-273
166.601 5.02727e-273
168.102 4.90631e-273
169.603 4.7883e-273
171.104 4.67472e-273
172.605 4.56113e-273
174.106 4.44164e-273
175.607 4.32953e-273
177.108 4.22332e-273
178.609 4.11269e-273
180.11 4.01533e-273
181.61 3.90174e-273
183.111 3.81471e-273
184.612 3.7262e-273
186.113 3.61704e-273
187.614 3.54476e-273
189.115 3.45625e-273
190.616 3.36332e-273
192.117 3.28661e-273
193.618 3.19515e-273
195.119 3.12287e-273
196.62 3.04026e-273
198.121 2.96503e-273
199.621 2.89422e-273
201.122 2.81457e-273
202.623 2.74966e-273
204.124 2.67e-273
205.625 2.61542e-273
207.126 2.54314e-273
208.627 2.49593e-273
210.128 2.4266e-273
211.629 2.3676e-273
213.13 2.31449e-273
214.631 2.26139e-273
216.131 2.20681e-273
217.632 2.15075e-273
219.133 2.1065e-273
220.634 2.05782e-273
222.135 2.01947e-273
223.636 1.96784e-273
225.137 1.93538e-273
226.638 1.90145e-273
228.139 1.85425e-273
229.64 1.8218e-273
231.141 1.79082e-273
232.642 1.76132e-273
234.142 1.73476e-273
235.643 1.70231e-273
237.144 1.67281e-273
238.645 1.65216e-273
240.146 1.60938e-273
241.647 1.58577e-273
243.148 1.56217e-273
244.649 1.54447e-273
246.15 1.50907e-273
247.651 1.48989e-273
249.152 1.46629e-273
250.652 1.43531e-273
252.153 1.41171e-273
253.654 1.38958e-273
255.155 1.36893e-273
256.656 1.3409e-273
258.157 1.32615e-273
259.658 1.31287e-273
261.159 1.29517e-273
262.66 1.27895e-273
264.161 1.26862e-273
265.662 1.25682e-273
267.163 1.23174e-273
268.663 1.23027e-273
270.164 1.19781e-273
271.665 1.18306e-273
273.166 1.16831e-273
274.667 1.14323e-273
276.168 1.11816e-273
277.669 1.1034e-273
279.17 1.08865e-273
280.671 1.07685e-273
282.172 1.068e-273
283.673 1.05472e-273
285.173 1.0444e-273
286.674 1.02522e-273
288.175 1.0208e-273
289.676 1.01195e-273
291.177 1.00457e-273
292.678 9.95719e-274
294.179 9.86868e-274
295.68 9.70642e-274
297.181 9.58841e-274
298.682 9.45565e-274
300.183 9.38189e-274
301.684 9.27863e-274
303.184 9.11636e-274
304.685 8.9541e-274
306.186 8.80658e-274
307.687 8.58531e-274
309.188 8.55581e-274
310.689 8.4083e-274
312.19 8.23128e-274
313.691 8.12802e-274
315.192 8.08376e-274
316.693 7.93625e-274
318.194 7.9215e-274
319.694 7.86249e-274
321.195 7.70023e-274
322.696 7.61172e-274
324.197 7.58222e-274
325.698 7.46421e-274
327.199 7.3462e-274
328.7 7.25769e-274
330.201 7.12492e-274
331.702 7.02166e-274
333.203 6.90365e-274
334.704 6.74139e-274
336.205 6.53487e-274
337.705 6.43161e-274
339.206 6.38735e-274
340.707 6.32835e-274
342.208 6.23984e-274
343.709 6.18083e-274
345.21 6.21034e-274
346.711 6.09232e-274
348.212 6.01857e-274
349.713 6.04807e-274
351.214 5.97431e-274
352.715 5.90056e-274
354.215 5.81205e-274
355.716 5.75304e-274
357.217 5.75304e-274
358.718 5.56127e-274
360.219 5.47277e-274
361.72 5.44326e-274
363.221 5.42851e-274
364.722 5.281e-274
366.223 5.25149e-274
367.724 5.25149e-274
369.225 5.22199e-274
370.725 5.14823e-274
372.226 5.19249e-274
373.727 5.13348e-274
375.228 5.08923e-274
376.729 5.05973e-274
378.23 4.94172e-274
379.731 4.80895e-274
381.232 4.77945e-274
382.733 4.72044e-274
384.234 4.74995e-274
385.735 4.61718e-274
387.236 4.41067e-274
388.736 4.46967e-274
390.237 4.41067e-274
391.738 4.30741e-274
393.239 4.26315e-274
394.74 4.44017e-274
396.241 4.45492e-274
397.742 4.38116e-274
399.243 4.51393e-274
400.744 4.42542e-274
402.245 4.48442e-274
403.746 4.52868e-274
405.246 4.57293e-274
406.747 4.51393e-274
408.248 4.60243e-274
409.749 4.52868e-274
411.25 4.41067e-274
412.751 4.26315e-274
414.252 4.26315e-274
415.753 4.17464e-274
417.254 4.10089e-274
418.755 4.05663e-274
420.256 4.08614e-274
421.757 4.05663e-274
423.257 3.99763e-274
424.758 3.90912e-274
426.259 3.87962e-274
427.76 3.85011e-274
429.261 3.83536e-274
430.762 3.7616e-274
432.263 3.74685e-274
433.764 3.7026e-274
435.265 3.55508e-274
436.766 3.61409e-274
438.267 3.55508e-274
439.767 3.49608e-274
441.268 3.54033e-274
442.769 3.58459e-274
444.27 3.61409e-274
445.771 3.59934e-274
447.272 3.49608e-274
448.773 3.45182e-274
450.274 3.56984e-274
451.775 3.43707e-274
453.276 3.48133e-274
454.777 3.40757e-274
456.278 3.42232e-274
457.778 3.43707e-274
459.279 3.39282e-274
460.78 3.40757e-274
462.281 3.36332e-274
463.782 3.33381e-274
465.283 3.33381e-274
466.784 3.1568e-274
468.285 3.17155e-274
469.786 3.14204e-274
471.287 3.20105e-274
472.788 3.1568e-274
474.288 3.1863e-274
475.789 3.1568e-274
477.29 3.2158e-274
478.791 3.09779e-274
480.292 3.08304e-274
481.793 3.12729e-274
483.294 3.05354e-274
484.795 3.08304e-274
486.296 3.14204e-274
487.797 2.99453e-274
489.298 2.97978e-274
490.799 2.87652e-274
492.299 2.83227e-274
493.8 2.87652e-274
495.301 2.81751e-274
496.802 2.74376e-274
498.303 2.6995e-274
499.804 2.6995e-274
501.305 2.67e-274
502.806 2.72901e-274
504.307 2.74376e-274
505.808 2.80276e-274
507.309 2.86177e-274
508.809 2.89127e-274
510.31 2.80276e-274
511.811 2.83227e-274
513.312 2.83227e-274
514.813 2.81751e-274
516.314 2.72901e-274
517.815 2.71425e-274
519.316 2.72901e-274
520.817 2.68475e-274
522.318 2.6405e-274
523.819 2.58149e-274
525.32 2.52249e-274
526.82 0
528.321 0
529.822 0
531.323 0
532.824 0
534.325 0
535.826 0
537.327 0
538.828 0
540.329 0
541.83 0
543.33 0
544.831 0
546.332 0
547.833 0
549.334 0
550.835 0
552.336 0
553.837 0
555.338 0
556.839 0
558.34 0
559.841 0
561.341 0
562.842 0
564.343 0
565.844 0
567.345 0
568.846 0
570.347 0
571.848 0
573.349 0
574.85 0
576.351 0
577.851 0
579.352 0
580.853 0
582.354 0
583.855 0
585.356 0
586.857 0
588.358 0
589.859 0
591.36 0
592.861 0
594.362 0
595.862 0
597.363 0
598.864 0
600.365 0
601.866 0
603.367 0
604.868 0
606.369 0
607.87 0
609.371 0
610.872 0
612.372 0
613.873 0
615.374 0
616.875 0
618.376 0
619.877 0
621.378 0
622.879 0
624.38 0
625.881 0
627.382 0
628.883 0
630.383 0
631.884 0
633.385 0
634.886 0
636.387 0
637.888 0
639.389 0
640.89 0
642.391 0
643.892 0
645.393 0
646.893 0
648.394 0
649.895 0
651.396 0
652.897 0
654.398 0
655.899 0
657.4 0
658.901 0
660.402 0
661.903 0
663.404 0
664.904 0
666.405 0
667.906 0
669.407 0
670.908 0
672.409 0
673.91 0
675.411 0
676.912 0
678.413 0
679.914 0
681.414 0
682.915 0
684.416 0
685.917 0
687.418 0
688.919 0
690.42 0
691.921 0
693.422 0
694.923 0
696.424 0
697.925 0
699.425 0
700.926 0
702.427 0
703.928 0
705.429 0
706.93 0
708.431 0
709.932 0
711.433 0
712.934 0
714.435 0
715.935 0
717.436 0
718.937 0
720.438 0
721.939 0
723.44 0
724.941 0
726.442 0
727.943 0
729.444 0
730.945 0
732.446 0
733.946 0
735.447 0
736.948 0
738.449 0
739.95 0
741.451 0
742.952 0
744.453 0
745.954 0
747.455 0
748.956 0
750.456 0
751.957 0
753.458 0
754.959 0
756.46 0
757.961 0
759.462 0
760.963 0
762.464 0
763.965 0
765.466 0
766.967 0
768.467 0
769.968 0
771.469 0
772.97 0
774.471 0
775.972 0
777.473 0
778.974 0
780.475 0
781.976 0
783.477 0
784.977 0
786.478 0
787.979 0
789.48 0
790.981 0
792.482 0
793.983 0
795.484 0
796.985 0
798.486 0
799.987 0
801.488 0
802.988 0
804.489 0
805.99 0
807.491 0
808.992 0
810.493 0
811.994 0
813.495 0
814.996 0
816.497 0
817.998 0
819.498 0
820.999 0
822.5 0
824.001 0
825.502 0
827.003 0
828.504 0
830.005 0
831.506 0
833.007 0
834.508 0
836.009 0
837.509 0
839.01 0
840.511 0
842.012 0
843.513 0
845.014 0
846.515 0
848.016 0
849.517 0
851.018 0
852.519 0
854.019 0
855.52 0
857.021 0
858.522 0
860.023 0
861.524 0
863.025 0
864.526 0
866.027 0
867.528 0
869.029 0
870.53 0
872.03 0
873.531 0
875.032 0
876.533 0
878.034 0
879.535 0
881.036 0
882.537 0
884.038 0
885.539 0
887.04 0
888.54 0
890.041 0
891.542 0
893.043 0
894.544 0
896.045 0
897.546 0
899.047 0
900.548 0
902.049 0
903.55 0
905.051 0
906.551 0
908.052 0
909.553 0
911.054 0
912.555 0
914.056 0
915.557 0
917.058 0
918.559 0
920.06 0
921.561 0
923.061 0
924.562 0
926.063 0
927.564 0
929.065 0
930.566 0
932.067 0
933.568 0
935.069 0
936.57 0
938.071 0
939.572 0
941.072 0
942.573 0
944.074 0
945.575 0
947.076 0
948.577 0
950.078 0
951.579 0
953.08 0
954.581 0
956.082 0
957.582 0
959.083 0
960.584 0
962.085 0
963.586 0
965.087 0
966.588 0
968.089 0
969.59 0
971.091 0
972.592 0
974.093 0
975.593 0
977.094 0
978.595 0
980.096 0
981.597 0
983.098 0
984.599 0
986.1 0
987.601 0
989.102 0
990.603 0
992.103 0
993.604 0
995.105 0
996.606 0
998.107 0
999.608 0
1001.11 0
1002.61 0
1004.11 0
1005.61 0
1007.11 0
1008.61 0
1010.11 0
1011.62 0
1013.12 0
1014.62 0
1016.12 0
1017.62 0
1019.12 0
1020.62 0
1022.12 0
1023.62 0
1025.12 0
1026.62 0
1028.13 0
1029.63 0
1031.13 0
1032.63 0
1034.13 0
1035.63 0
1037.13 0
1038.63 0
1040.13 0
1041.63 0
1043.13 0
1044.64 0
1046.14 0
1047.64 0
1049.14 0
1050.64 0
1052.14 0
1053.64 0
1055.14 0
1056.64 0
1058.14 0
1059.64 0
1061.15 0
1062.65 0
1064.15 0
1065.65 0
1067.15 0
1068.65 0
1070.15 0
1071.65 0
1073.15 0
1074.65 0
1076.15 0
1077.66 0
1079.16 0
1080.66 0
1082.16 0
1083.66 0
1085.16 0
1086.66 0
1088.16 0
1089.66 0
1091.16 0
1092.66 0
1094.17 0
1095.67 0
1097.17 0
1098.67 0
1100.17 0
1101.67 0
1103.17 0
1104.67 0
1106.17 0
1107.67 0
1109.17 0
1110.68 0
1112.18 0
1113.68 0
1115.18 0
1116.68 0
1118.18 0
1119.68 0
1121.18 0
1122.68 0
1124.18 0
1125.68 0
1127.19 0
1128.69 0
1130.19 0
1131.69 0
1133.19 0
1134.69 0
1136.19 0
1137.69 0
1139.19 0
1140.69 0
1142.19 0
1143.7 0
1145.2 0
1146.7 0
1148.2 0
1149.7 0
1151.2 0
1152.7 0
1154.2 0
1155.7 0
1157.2 0
1158.7 0
1160.21 0
1161.71 0
1163.21 0
1164.71 0
1166.21 0
1167.71 0
1169.21 0
1170.71 0
1172.21 0
1173.71 0
1175.21 0
1176.72 0
1178.22 0
1179.72 0
1181.22 0
1182.72 0
1184.22 0
1185.72 0
1187.22 0
1188.72 0
1190.22 0
1191.72 0
1193.23 0
1194.73 0
1196.23 0
1197.73 0
1199.23 0
1200.73 0
1202.23 0
1203.73 0
1205.23 0
1206.73 0
1208.23 0
1209.74 0
1211.24 0
1212.74 0
1214.24 0
1215.74 0
1217.24 0
1218.74 0
1220.24 0
1221.74 0
1223.24 0
1224.74 0
1226.25 0
1227.75 0
1229.25 0
1230.75 0
1232.25 0
1233.75 0
1235.25 0
1236.75 0
1238.25 0
1239.75 0
1241.26 0
1242.76 0
1244.26 0
1245.76 0
1247.26 0
1248.76 0
1250.26 0
1251.76 0
1253.26 0
1254.76 0
1256.26 0
1257.77 0
1259.27 0
1260.77 0
1262.27 0
1263.77 0
1265.27 0
1266.77 0
1268.27 0
1269.77 0
1271.27 0
1272.77 0
1274.28 0
1275.78 0
1277.28 0
1278.78 0
1280.28 0
1281.78 0
1283.28 0
1284.78 0
1286.28 0
1287.78 0
1289.28 0
1290.79 0
1292.29 0
1293.79 0
1295.29 0
1296.79 0
1298.29 0
1299.79 0
1301.29 0
1302.79 0
1304.29 0
1305.79 0
1307.3 0
1308.8 0
1310.3 0
1311.8 0
1313.3 0
1314.8 0
1316.3 0
1317.8 0
1319.3 0
1320.8 0
1322.3 0
1323.81 0
1325.31 0
1326.81 0
1328.31 0
1329.81 0
1331.31 0
1332.81 0
1334.31 0
1335.81 0
1337.31 0
1338.81 0
1340.32 0
1341.82 0
1343.32 0
1344.82 0
1346.32 0
1347.82 0
1349.32 0
1350.82 0
1352.32 0
1353.82 0
1355.32 0
1356.83 0
1358.33 0
1359.83 0
1361.33 0
1362.83 0
1364.33 0
1365.83 0
1367.33 0
1368.83 0
1370.33 0
1371.83 0
1373.34 0
1374.84 0
1376.34 0
1377.84 0
1379.34 0
1380.84 0
1382.34 0
1383.84 0
1385.34 0
1386.84 0
1388.34 0
1389.85 0
1391.35 0
1392.85 0
1394.35 0
1395.85 0
1397.35 0
1398.85 0
1400.35 0
1401.85 0
1403.35 0
1404.85 0
1406.36 0
1407.86 0
1409.36 0
1410.86 0
1412.36 0
1413.86 0
1415.36 0
1416.86 0
1418.36 0
1419.86 0
1421.36 0
1422.87 0
1424.37 0
1425.87 0
1427.37 0
1428.87 0
1430.37 0
1431.87 0
1433.37 0
1434.87 0
1436.37 0
1437.87 0
1439.38 0
1440.88 0
1442.38 0
1443.88 0
1445.38 0
1446.88 0
1448.38 0
1449.88 0
1451.38 0
1452.88 0
1454.38 0
1455.89 0
1457.39 0
1458.89 0
1460.39 0
1461.89 0
1463.39 0
1464.89 0
1466.39 0
1467.89 0
1469.39 0
1470.89 0
1472.4 0
1473.9 0
1475.4 0
1476.9 0
1478.4 0
1479.9 0
1481.4 0
1482.9 0
1484.4 0
1485.9 0
1487.4 0
1488.91 0
1490.41 0
1491.91 0
1493.41 0
1494.91 0
1496.41 0
1497.91 0
1499.41 0
1500.91 0
1502.41 0
1503.91 0
1505.42 0
1506.92 0
1508.42 0
1509.92 0
1511.42 0
1512.92 0
1514.42 0
1515.92 0
1517.42 0
1518.92 0
1520.42 0
1521.93 0
1523.43 0
1524.93 0
1526.43 0
1527.93 0
1529.43 0
1530.93 0
1532.43 0
1533.93 0
1535.43 0
1536.93 0
1538.44 0
1539.94 0
1541.44 0
1542.94 0
1544.44 0
1545.94 0
1547.44 0
1548.94 0
1550.44 0
1551.94 0
1553.44 0
1554.95 0
1556.45 0
1557.95 0
1559.45 0
1560.95 0
1562.45 0
1563.95 0
1565.45 0
1566.95 0
1568.45 0
1569.95 0
1571.46 0
1572.96 0
1574.46 0
1575.96 0
