-1575.96 0
-1574.46 0
-1572.96 0
-1571.46 0
-1569.95 0
-1568.45 0
-1566.95 0
-1565.45 0
-1563.95 0
-1562.45 0
-1560.95 0
-1559.45 0
-1557.95 0
-1556.45 0
-1554.95 0
-1553.44 0
-1551.94 0
-1550.44 0
-1548.94 0
-1547.44 0
-1545.94 0
-1544.44 0
-1542.94 0
-1541.44 0
-1539.94 0
-1538.44 0
-1536.93 0
-1535.43 0
-1533.93 0
-1532.43 0
-1530.93 0
-1529.43 0
-1527.93 0
-1526.43 0
-1524.93 0
-1523.43 0
-1521.93 0
-1520.42 0
-1518.92 0
-1517.42 0
-1515.92 0
-1514.42 0
-1512.92 0
-1511.42 0
-1509.92 0
-1508.42 0
-1506.92 0
-1505.42 0
-1503.91 0
-1502.41 0
-1500.91 0
-1499.41 0
-1497.91 0
-1496.41 0
-1494.91 0
-1493.41 0
-1491.91 0
-1490.41 0
-1488.91 0
-1487.4 0
-1485.9 0
-1484.4 0
-1482.9 0
-1481.4 0
-1479.9 0
-1478.4 0
-1476.9 0
-1475.4 0
-1473.9 0
-1472.4 0
-1470.89 0
-1469.39 0
-1467.89 0
-1466.39 0
-1464.89 0
-1463.39 0
-1461.89 0
-1460.39 0
-1458.89 0
-1457.39 0
-1455.89 0
-1454.38 0
-1452.88 0
-1451.38 0
-1449.88 0
-1448.38 0
-1446.88 0
-1445.38 0
-1443.88 0
-1442.38 0
-1440.88 0
-1439.38 0
-1437.87 0
-1436.37 0
-1434.87 0
-1433.37 0
-1431.87 0
-1430.37 0
-1428.87 0
-1427.37 0
-1425.87 0
-1424.37 0
-1422.87 0
-1421.36 0
-1419.86 0
-1418.36 0
-1416.86 0
-1415.36 0
-1413.86 0
-1412.36 0
-1410.86 0
-1409.36 0
-1407.86 0
-1406.36 0
-1404.85 0
-1403.35 0
-1401.85 0
-1400.35 0
-1398.85 0
-1397.35 0
-1395.85 0
-1394.35 0
-1392.85 0
-1391.35 0
-1389.85 0
-1388.34 0
-1386.84 0
-1385.34 0
-1383.84 0
-1382.34 0
-1380.84 0
-1379.34 0
-1377.84 0
-1376.34 0
-1374.84 0
-1373.34 0
-1371.83 0
-1370.33 0
-1368.83 0
-1367.33 0
-1365.83 0
-1364.33 0
-1362.83 0
-1361.33 0
-1359.83 0
-1358.33 0
-1356.83 0
-1355.32 0
-1353.82 0
-1352.32 0
-1350.82 0
-1349.32 0
-1347.82 0
-1346.32 0
-1344.82 0
-1343.32 0
-1341.82 0
-1340.32 0
-1338.81 0
-1337.31 0
-1335.81 0
-1334.31 0
-1332.81 0
-1331.31 0
-1329.81 0
-1328.31 0
-1326.81 0
-1325.31 0
-1323.81 0
-1322.3 0
-1320.8 0
-1319.3 0
-1317.8 0
-1316.3 0
-1314.8 0
-1313.3 0
-1311.8 0
-1310.3 0
-1308.8 0
-1307.3 0
-1305.79 0
-1304.29 0
-1302.79 0
-1301.29 0
-1299.79 0
-1298.29 0
-1296.79 0
-1295.29 0
-1293.79 0
-1292.29 0
-1290.79 0
-1289.28 0
-1287.78 0
-1286.28 0
-1284.78 0
-1283.28 0
-1281.78 0
-1280.28 0
-1278.78 0
-1277.28 0
-1275.78 0
-1274.28 0
-1272.77 0
-1271.27 0
-1269.77 0
-1268.27 0
-1266.77 0
-1265.27 0
-1263.77 0
-1262.27 0
-1260.77 0
-1259.27 0
-1257.77 0
-1256.26 0
-1254.76 0
-1253.26 0
-1251.76 0
-1250.26 0
-1248.76 0
-1247.26 0
-1245.76 0
-1244.26 0
-1242.76 0
-1241.26 0
-1239.75 0
-1238.25 0
-1236.75 0
-1235.25 0
-1233.75 0
-1232.25 0
-1230.75 0
-1229.25 0
-1227.75 0
-1226.25 0
-1224.74 0
-1223.24 0
-1221.74 0
-1220.24 0
-1218.74 0
-1217.24 0
-1215.74 0
-1214.24 0
-1212.74 0
-1211.24 0
-1209.74 0
-1208.23 0
-1206.73 0
-1205.23 0
-1203.73 0
-1202.23 0
-1200.73 0
-1199.23 0
-1197.73 0
-1196.23 0
-1194.73 0
-1193.23 0
-1191.72 0
-1190.22 0
-1188.72 0
-1187.22 0
-1185.72 0
-1184.22 0
-1182.72 0
-1181.22 0
-1179.72 0
-1178.22 0
-1176.72 0
-1175.21 0
-1173.71 0
-1172.21 0
-1170.71 0
-1169.21 0
-1167.71 0
-1166.21 0
-1164.71 0
-1163.21 0
-1161.71 0
-1160.21 0
-1158.7 0
-1157.2 0
-1155.7 0
-1154.2 0
-1152.7 0
-1151.2 0
-1149.7 0
-1148.2 0
-1146.7 0
-1145.2 0
-1143.7 0
-1142.19 0
-1140.69 0
-1139.19 0
-1137.69 0
-1136.19 0
-1134.69 0
-1133.19 0
-1131.69 0
-1130.19 0
-1128.69 0
-1127.19 0
-1125.68 0
-1124.18 0
-1122.68 0
-1121.18 0
-1119.68 0
-1118.18 0
-1116.68 0
-1115.18 0
-1113.68 0
-1112.18 0
-1110.68 0
-1109.17 0
-1107.67 0
-1106.17 0
-1104.67 0
-1103.17 0
-1101.67 0
-1100.17 0
-1098.67 0
-1097.17 0
-1095.67 0
-1094.17 0
-1092.66 0
-1091.16 0
-1089.66 0
-1088.16 0
-1086.66 0
-1085.16 0
-1083.66 0
-1082.16 0
-1080.66 0
-1079.16 0
-1077.66 0
-1076.15 0
-1074.65 0
-1073.15 0
-1071.65 0
-1070.15 0
-1068.65 0
-1067.15 0
-1065.65 0
-1064.15 0
-1062.65 0
-1061.15 0
-1059.64 0
-1058.14 0
-1056.64 0
-1055.14 0
-1053.64 0
-1052.14 0
-1050.64 0
-1049.14 0
-1047.64 0
-1046.14 0
-1044.64 0
-1043.13 0
-1041.63 0
-1040.13 0
-1038.63 0
-1037.13 0
-1035.63 0
-1034.13 0
-1032.63 0
-1031.13 0
-1029.63 0
-1028.13 0
-1026.62 0
-1025.12 0
-1023.62 0
-1022.12 0
-1020.62 0
-1019.12 0
-1017.62 0
-1016.12 0
-1014.62 0
-1013.12 0
-1011.62 0
-1010.11 0
-1008.61 0
-1007.11 0
-1005.61 0
-1004.11 0
-1002.61 0
-1001.11 0
-999.608 0
-998.107 0
-996.606 0
-995.105 0
-993.604 0
-992.103 0
-990.603 0
-989.102 0
-987.601 0
-986.1 0
-984.599 0
-983.098 0
-981.597 0
-980.096 0
-978.595 0
-977.094 0
-975.593 0
-974.093 0
-972.592 0
-971.091 0
-969.59 0
-968.089 0
-966.588 0
-965.087 0
-963.586 0
-962.085 0
-960.584 0
-959.083 0
-957.582 0
-956.082 0
-954.581 0
-953.08 0
-951.579 0
-950.078 0
-948.577 0
-947.076 0
-945.575 0
-944.074 0
-942.573 0
-941.072 0
-939.572 0
-938.071 0
-936.57 0
-935.069 0
-933.568 0
-932.067 0
-930.566 0
-929.065 0
-927.564 0
-926.063 0
-924.562 0
-923.061 0
-921.561 0
-920.06 0
-918.559 0
-917.058 0
-915.557 0
-914.056 0
-912.555 0
-911.054 0
-909.553 0
-908.052 0
-906.551 0
-905.051 0
-903.55 0
-902.049 0
-900.548 0
-899.047 0
-897.546 0
-896.045 0
-894.544 0
-893.043 0
-891.542 0
-890.041 0
-888.54 0
-887.04 0
-885.539 0
-884.038 0
-882.537 0
-881.036 0
-879.535 0
-878.034 0
-876.533 0
-875.032 0
-873.531 0
-872.03 0
-870.53 0
-869.029 0
-867.528 0
-866.027 0
-864.526 0
-863.025 0
-861.524 0
-860.023 0
-858.522 0
-857.021 0
-855.52 0
-854.019 0
-852.519 0
-851.018 0
-849.517 0
-848.016 0
-846.515 0
-845.014 0
-843.513 0
-842.012 0
-840.511 0
-839.01 0
-837.509 0
-836.009 0
-834.508 0
-833.007 0
-831.506 0
-830.005 0
-828.504 0
-827.003 0
-825.502 0
-824.001 0
-822.5 0
-820.999 0
-819.498 0
-817.998 0
-816.497 0
-814.996 0
-813.495 0
-811.994 0
-810.493 0
-808.992 0
-807.491 0
-805.99 0
-804.489 0
-802.988 0
-801.488 0
-799.987 0
-798.486 0
-796.985 0
-795.484 0
-793.983 0
-792.482 0
-790.981 0
-789.48 0
-787.979 0
-786.478 0
-784.977 0
-783.477 0
-781.976 0
-780.475 0
-778.974 0
-777.473 0
-775.972 0
-774.471 0
-772.97 0
-771.469 0
-769.968 0
-768.467 0
-766.967 0
-765.466 0
-763.965 0
-762.464 0
-760.963 0
-759.462 0
-757.961 0
-756.46 0
-754.959 0
-753.458 0
-751.957 0
-750.456 0
-748.956 0
-747.455 0
-745.954 0
-744.453 0
-742.952 0
-741.451 0
-739.95 0
-738.449 0
-736.948 0
-735.447 0
-733.946 0
-732.446 0
-730.945 0
-729.444 0
-727.943 0
-726.442 0
-724.941 0
-723.44 0
-721.939 0
-720.438 0
-718.937 0
-717.436 0
-715.935 0
-714.435 0
-712.934 0
-711.433 0
-709.932 0
-708.431 0
-706.93 0
-705.429 0
-703.928 0
-702.427 0
-700.926 0
-699.425 0
-697.925 0
-696.424 0
-694.923 0
-693.422 0
-691.921 0
-690.42 0
-688.919 0
-687.418 0
-685.917 0
-684.416 0
-682.915 0
-681.414 0
-679.914 0
-678.413 0
-676.912 0
-675.411 0
-673.91 0
-672.409 0
-670.908 0
-669.407 0
-667.906 0
-666.405 0
-664.904 0
-663.404 0
-661.903 0
-660.402 0
-658.901 0
-657.4 0
-655.899 0
-654.398 0
-652.897 0
-651.396 0
-649.895 0
-648.394 0
-646.893 0
-645.393 0
-643.892 0
-642.391 0
-640.89 0
-639.389 0
-637.888 0
-636.387 0
-634.886 0
-633.385 0
-631.884 0
-630.383 0
-628.883 0
-627.382 0
-625.881 0
-624.38 0
-622.879 0
-621.378 0
-619.877 0
-618.376 0
-616.875 0
-615.374 0
-613.873 0
-612.372 0
-610.872 0
-609.371 0
-607.87 0
-606.369 0
-604.868 0
-603.367 0
-601.866 0
-600.365 0
-598.864 0
-597.363 0
-595.862 0
-594.362 0
-592.861 0
-591.36 0
-589.859 0
-588.358 0
-586.857 0
-585.356 0
-583.855 0
-582.354 0
-580.853 0
-579.352 0
-577.851 0
-576.351 0
-574.85 0
-573.349 0
-571.848 0
-570.347 0
-568.846 0
-567.345 0
-565.844 0
-564.343 0
-562.842 0
-561.341 0
-559.841 0
-558.34 0
-556.839 0
-555.338 0
-553.837 0
-552.336 0
-550.835 0
-549.334 0
-547.833 0
-546.332 0
-544.831 0
-543.33 0
-541.83 0
-540.329 0
-538.828 0
-537.327 0
-535.826 0
-534.325 0
-532.824 0
-531.323 0
-529.822 0
-528.321 0
-526.82 0
-525.32 2.22759e-05
-523.819 1.62994e-05
-522.318 1.14096e-05
-520.817 9.77964e-06
-519.316 1.08663e-05
-517.815 1.35828e-05
-516.314 1.08663e-05
-514.813 1.41261e-05
-513.312 1.62994e-05
-511.811 1.84727e-05
-510.31 2.17325e-05
-508.809 2.11892e-05
-507.309 2.17325e-05
-505.808 2.22759e-05
-504.307 2.39058e-05
-502.806 0
-501.305 3.45846e-322
-499.804 1.79294e-05
-498.303 2.11892e-05
-496.802 1.7386e-05
-495.301 2.01026e-05
-493.8 1.84727e-05
-492.299 1.30395e-05
-490.799 1.30395e-05
-489.298 9.23633e-06
-487.797 7.60638e-06
-486.296 5.97644e-06
-484.795 9.23633e-06
-483.294 6.51976e-06
-481.793 7.06307e-06
-480.292 6.51976e-06
-478.791 9.23633e-06
-477.29 1.14096e-05
-475.789 1.14096e-05
-474.288 1.19529e-05
-472.788 1.46695e-05
-471.287 1.52128e-05
-469.786 1.57561e-05
-468.285 1.46695e-05
-466.784 1.68427e-05
-465.283 1.24962e-05
-463.782 1.79294e-05
-462.281 1.57561e-05
-460.78 1.35828e-05
-459.279 1.57561e-05
-457.778 1.62994e-05
-456.278 1.35828e-05
-454.777 9.77963e-06
-453.276 1.35828e-05
-451.775 1.7386e-05
-450.274 1.46695e-05
-448.773 1.14096e-05
-447.272 9.77962e-06
-445.771 1.03229e-05
-444.27 7.06305e-06
-442.769 7.06304e-06
-441.268 1.03229e-05
-439.767 1.14096e-05
-438.267 1.19529e-05
-436.766 1.14095e-05
-435.265 1.30395e-05
-433.764 1.41261e-05
-432.263 1.30395e-05
-430.762 1.46695e-05
-429.261 9.77962e-06
-427.76 1.19529e-05
-426.259 1.19529e-05
-424.758 1.08663e-05
-423.257 1.03229e-05
-421.757 7.60637e-06
-420.256 8.14968e-06
-418.755 1.14096e-05
-417.254 1.08663e-05
-415.753 1.35828e-05
-414.252 1.35828e-05
-412.751 9.77963e-06
-411.25 8.693e-06
-409.749 8.693e-06
-408.248 4.8898e-06
-406.747 7.60637e-06
-405.246 7.06305e-06
-403.746 6.51974e-06
-402.245 1.14096e-05
-400.744 1.14096e-05
-399.243 8.693e-06
-397.742 1.08663e-05
-396.241 1.30395e-05
-394.74 1.41261e-05
-393.239 1.35828e-05
-391.738 1.24962e-05
-390.237 1.30395e-05
-388.736 1.62994e-05
-387.236 1.24962e-05
-385.735 1.03229e-05
-384.234 1.14096e-05
-382.733 1.08663e-05
-381.232 9.77961e-06
-379.731 5.97642e-06
-378.23 8.14966e-06
-376.729 1.08662e-05
-375.228 8.69299e-06
-373.727 9.77961e-06
-372.226 9.23631e-06
-370.725 7.06305e-06
-369.225 1.19529e-05
-367.724 9.77963e-06
-366.223 7.06307e-06
-364.722 9.23633e-06
-363.221 9.77964e-06
-361.72 1.14096e-05
-360.219 1.08663e-05
-358.718 1.14096e-05
-357.217 1.08663e-05
-355.716 7.60638e-06
-354.215 1.14096e-05
-352.715 1.24962e-05
-351.214 1.35828e-05
-349.713 1.62994e-05
-348.212 1.68427e-05
-346.711 1.46695e-05
-345.21 1.24962e-05
-343.709 1.46695e-05
-342.208 1.41261e-05
-340.707 1.79293e-05
-339.206 2.06459e-05
-337.705 2.11892e-05
-336.205 1.7386e-05
-334.704 1.84727e-05
-333.203 2.01026e-05
-331.702 1.95593e-05
-330.201 2.17325e-05
-328.7 2.39058e-05
-327.199 2.55357e-05
-325.698 2.39058e-05
-324.197 2.60791e-05
-322.696 2.60791e-05
-321.195 2.49924e-05
-319.694 2.55357e-05
-318.194 2.44491e-05
-316.693 2.49924e-05
-315.192 2.39058e-05
-313.691 2.22759e-05
-312.19 2.22759e-05
-310.689 2.60791e-05
-309.188 2.87956e-05
-307.687 3.20555e-05
-306.186 3.42288e-05
-304.685 3.85753e-05
-303.184 4.12918e-05
-301.684 4.45517e-05
-300.183 4.61817e-05
-298.682 4.61817e-05
-297.181 4.78116e-05
-295.68 4.61817e-05
-294.179 4.83549e-05
-292.678 4.78116e-05
-291.177 4.78116e-05
-289.676 5.05282e-05
-288.175 5.16148e-05
-286.674 4.99848e-05
-285.173 5.43314e-05
-283.673 5.59613e-05
-282.172 5.59613e-05
-280.671 5.75912e-05
-279.17 6.24811e-05
-277.669 6.08511e-05
-276.168 6.13944e-05
-274.667 6.24811e-05
-273.166 6.35677e-05
-271.665 6.68276e-05
-270.164 7.11741e-05
-268.663 7.11741e-05
-267.163 7.2804e-05
-265.662 7.2804e-05
-264.161 7.66072e-05
-262.66 7.93238e-05
-261.159 7.76938e-05
-259.658 7.66072e-05
-258.157 7.82372e-05
-256.656 7.11741e-05
-255.155 6.68276e-05
-253.654 6.73709e-05
-252.153 6.84575e-05
-250.652 6.79142e-05
-249.152 6.84575e-05
-247.651 7.06308e-05
-246.15 7.17174e-05
-244.649 7.06308e-05
-243.148 7.22607e-05
-241.647 7.2804e-05
-240.146 7.49773e-05
-238.645 7.49773e-05
-237.144 7.71505e-05
-235.643 7.82372e-05
-234.142 8.1497e-05
-232.642 8.25837e-05
-231.141 8.91035e-05
-229.64 9.345e-05
-228.139 9.99697e-05
-226.638 0.00010323
-225.137 0.000108119
-223.636 0.000115182
-222.135 0.000119529
-220.634 0.000126049
-219.133 0.000132025
-217.632 0.000139631
-216.131 0.000147238
-214.631 0.000153758
-213.13 0.000168971
-211.629 0.00017875
-210.128 0.000191246
-208.627 0.000209176
-207.126 0.000221672
-205.625 0.000240145
-204.124 0.000258074
-202.623 0.000276004
-201.122 0.000295019
-199.621 0.000315665
-198.121 0.000341201
-196.62 0.000359674
-195.119 0.000389012
-193.618 0.000417265
-192.117 0.000448777
-190.616 0.000479202
-189.115 0.000513431
-187.614 0.000552006
-186.113 0.000592755
-184.612 0.000629157
-183.111 0.000675882
-181.61 0.000724781
-180.11 0.000769876
-178.609 0.00082475
-177.108 0.000880711
-175.607 0.000936129
-174.106 0.000995894
-172.605 0.00106055
-171.104 0.00112575
-169.603 0.00119366
-168.102 0.00126483
-166.601 0.00133547
-165.1 0.00141099
-163.6 0.00148162
-162.099 0.00154844
-160.598 0.00162125
-159.097 0.00169025
-157.596 0.00176034
-156.095 0.00182553
-154.594 0.00189345
-153.093 0.00195376
-151.592 0.0020108
-150.091 0.00206731
-148.59 0.00211838
-147.089 0.00216565
-145.589 0.00221183
-144.088 0.00225204
-142.587 0.00228952
-141.086 0.00232484
-139.585 0.00235092
-138.084 0.00237645
-136.583 0.00239493
-135.082 0.00240688
-133.581 0.0024172
-132.08 0.00242209
-130.579 0.00242807
-129.079 0.00242481
-127.578 0.00242427
-126.077 0.00242372
-124.576 0.00241829
-123.075 0.00241231
-121.574 0.00240253
-120.073 0.00238352
-118.572 0.00237048
-117.071 0.00234929
-115.57 0.00233462
-114.069 0.00230854
-112.568 0.00228626
-111.068 0.00226725
-109.567 0.00224334
-108.066 0.00221781
-106.565 0.00219879
-105.064 0.00217869
-103.563 0.00215695
-102.062 0.00213848
-100.561 0.0021211
-99.0603 0.00210534
-97.5593 0.00209013
-96.0584 0.00207437
-94.5575 0.00206242
-93.0566 0.00204666
-91.5557 0.0020358
-90.0548 0.00202819
-88.5539 0.00202547
-87.053 0.00202221
-85.552 0.00202058
-84.0511 0.0020233
-82.5502 0.0020271
-81.0493 0.00203634
-79.5484 0.00205535
-78.0475 0.00207165
-76.5466 0.0020923
-75.0456 0.00212164
-73.5447 0.00214826
-72.0438 0.0021814
-70.5429 0.00221835
-69.042 0.0022591
-67.5411 0.00230528
-66.0402 0.00235309
-64.5393 0.00240362
-63.0383 0.00246393
-61.5374 0.00252749
-60.0365 0.00259541
-58.5356 0.00266387
-57.0347 0.0027383
-55.5338 0.00281925
-54.0329 0.00290727
-52.532 0.00299094
-51.031 0.00308276
-49.5301 0.00317893
-48.0292 0.00327455
-46.5283 0.00337615
-45.0274 0.00347829
-43.5265 0.00358587
-42.0256 0.00369182
-40.5246 0.00380645
-39.0237 0.00392435
-37.5228 0.00403954
-36.0219 0.00415689
-34.521 0.00427859
-33.0201 0.00440519
-31.5192 0.00452526
-30.0183 0.00464587
-28.5173 0.00476975
-27.0164 0.0048958
-25.5155 0.00501804
-24.0146 0.00513594
-22.5137 0.00525167
-21.0128 0.00536251
-19.5119 0.00547225
-18.011 0.00557331
-16.51 0.00567111
-15.0091 0.00576184
-13.5082 0.00584008
-12.0073 0.00591777
-10.5064 0.00598134
-9.00548 0.00603676
-7.50456 0.00608348
-6.00365 0.00612478
-4.50274 0.00614977
-3.00183 0.00617313
-1.50091 0.00618671
0 0.00618889
1.50091 0.00617965
3.00183 0.00616335
4.50274 0.00613618
6.00365 0.00610304
7.50456 0.00605469
9.00548 0.00600362
10.5064 0.00593896
12.0073 0.00586887
13.5082 0.00578629
15.0091 0.00570154
16.51 0.00560645
18.011 0.00550594
19.5119 0.00539836
21.0128 0.0052859
22.5137 0.005168
24.0146 0.00504684
25.5155 0.00492079
27.0164 0.00479366
28.5173 0.00466217
30.0183 0.00452635
31.5192 0.00439541
33.0201 0.00426067
34.521 0.00412484
36.0219 0.00399607
37.5228 0.00386731
39.0237 0.003738
40.5246 0.00360815
42.0256 0.00348481
43.5265 0.00336257
45.0274 0.00324684
46.5283 0.00312786
48.0292 0.00301376
49.5301 0.00290238
51.031 0.00279698
52.532 0.00269973
54.0329 0.00260193
55.5338 0.0025025
57.0347 0.0024134
58.5356 0.00232756
60.0365 0.00224117
61.5374 0.00216021
63.0383 0.00208904
64.5393 0.00201569
66.0402 0.00195104
67.5411 0.00188964
69.042 0.00183803
70.5429 0.00178316
72.0438 0.00173589
73.5447 0.00169134
75.0456 0.00165113
76.5466 0.00161744
78.0475 0.00158485
79.5484 0.00155496
81.0493 0.00152888
82.5502 0.00150063
84.0511 0.00147999
85.552 0.00145717
87.053 0.0014425
88.5539 0.00142185
90.0548 0.0014099
91.5557 0.00140012
93.0566 0.00138545
94.5575 0.0013735
96.0584 0.00135937
97.5593 0.00135285
99.0603 0.00134688
100.561 0.0013371
102.062 0.00133655
103.563 0.00133547
105.064 0.00133601
106.565 0.00133764
108.066 0.00133818
109.567 0.0013409
111.068 0.00134253
112.568 0.00134687
114.069 0.00134742
115.57 0.00134633
117.071 0.00134959
118.572 0.00134416
120.073 0.00134633
121.574 0.00134361
123.075 0.00134633
124.576 0.00135013
126.077 0.00134959
127.578 0.0013485
129.079 0.00134796
130.579 0.0013409
132.08 0.00133873
133.581 0.00133438
135.082 0.00132514
136.583 0.00131699
138.084 0.00130667
139.585 0.00129472
141.086 0.00127842
142.587 0.00125994
144.088 0.00124202
145.589 0.00122626
147.089 0.00119909
148.59 0.0011741
150.091 0.00115128
151.592 0.0011252
153.093 0.00109478
154.594 0.00106761
156.095 0.0010361
157.596 0.00100839
159.097 0.000976878
160.598 0.000945909
162.099 0.00091494
163.6 0.000879625
165.1 0.000847026
166.601 0.000811167
168.102 0.000780742
169.603 0.000745427
171.104 0.000713371
172.605 0.000684032
174.106 0.00065415
175.607 0.00062644
177.108 0.000600905
178.609 0.000577542
180.11 0.000547117
181.61 0.000529187
183.111 0.000502565
184.612 0.000482462
186.113 0.0004591
187.614 0.000438454
189.115 0.000421068
190.616 0.000404225
192.117 0.000384123
193.618 0.000371083
195.119 0.00035587
196.62 0.000341744
198.121 0.000328161
199.621 0.000312949
201.122 0.000303712
202.623 0.000294476
204.124 0.00028361
205.625 0.000272744
207.126 0.000261877
208.627 0.000254271
210.128 0.000243948
211.629 0.000235798
213.13 0.000230908
214.631 0.000221672
216.131 0.000212979
217.632 0.000204829
219.133 0.000201026
220.634 0.00019179
222.135 0.00019016
223.636 0.000186357
225.137 0.000181467
226.638 0.000179837
228.139 0.000174947
229.64 0.000173317
231.141 0.000166254
232.642 0.000161907
234.142 0.000158648
235.643 0.000152671
237.144 0.000149411
238.645 0.000145608
240.146 0.000143435
241.647 0.000142891
243.148 0.000139632
244.649 0.000134742
246.15 0.000136372
247.651 0.000135285
249.152 0.000137458
250.652 0.000139632
252.153 0.000135828
253.654 0.000135828
255.155 0.000131482
256.656 0.000129852
258.157 0.000129309
259.658 0.000123332
261.159 0.000124962
262.66 0.000119529
264.161 0.000120616
265.662 0.000122246
267.163 0.000122245
268.663 0.000121702
270.164 0.000120616
271.665 0.000121702
273.166 0.000119529
274.667 0.000120616
276.168 0.000117356
277.669 0.000114096
279.17 0.000109749
280.671 0.000107033
282.172 0.000103773
283.673 0.000106489
285.173 0.000103773
286.674 0.00010486
288.175 0.000105946
289.676 0.000105946
291.177 0.000105946
292.678 0.000104316
294.179 0.000102686
295.68 0.000100513
297.181 0.000100513
298.682 9.94264e-05
300.183 9.345e-05
301.684 9.50799e-05
303.184 9.50799e-05
304.685 9.345e-05
306.186 9.01901e-05
307.687 9.12767e-05
309.188 9.45366e-05
310.689 9.45366e-05
312.19 9.39933e-05
313.691 9.29066e-05
315.192 8.96468e-05
316.693 8.42136e-05
318.194 8.25837e-05
319.694 8.04104e-05
321.195 7.60639e-05
322.696 7.49773e-05
324.197 7.33473e-05
325.698 7.00874e-05
327.199 6.95441e-05
328.7 6.73709e-05
330.201 6.84575e-05
331.702 6.62843e-05
333.203 6.73709e-05
334.704 6.84575e-05
336.205 6.62843e-05
337.705 6.46543e-05
339.206 6.13944e-05
340.707 6.19377e-05
342.208 5.81346e-05
343.709 5.97645e-05
345.21 5.86779e-05
346.711 5.48747e-05
348.212 5.21581e-05
349.713 5.27014e-05
351.214 5.21581e-05
352.715 5.05282e-05
354.215 5.16148e-05
355.716 5.16148e-05
357.217 5.43314e-05
358.718 5.21581e-05
360.219 5.21581e-05
361.72 5.59613e-05
363.221 5.16148e-05
364.722 5.21581e-05
366.223 5.5418e-05
367.724 5.59613e-05
369.225 5.43314e-05
370.725 5.27014e-05
372.226 5.21581e-05
373.727 5.05282e-05
375.228 5.10715e-05
376.729 4.72683e-05
378.23 4.78116e-05
379.731 4.94415e-05
381.232 4.99848e-05
382.733 4.5095e-05
384.234 4.5095e-05
385.735 4.78116e-05
387.236 5.27014e-05
388.736 5.05282e-05
390.237 5.21581e-05
391.738 5.3788e-05
393.239 5.59613e-05
394.74 5.32447e-05
396.241 5.32447e-05
397.742 5.27014e-05
399.243 4.94415e-05
400.744 5.16148e-05
402.245 4.78116e-05
403.746 4.99848e-05
405.246 5.10715e-05
406.747 4.94415e-05
408.248 5.05282e-05
409.749 5.05282e-05
411.25 5.05282e-05
412.751 5.10715e-05
414.252 5.16148e-05
415.753 5.16148e-05
417.254 5.43314e-05
418.755 5.70479e-05
420.256 5.48747e-05
421.757 5.32447e-05
423.257 5.16148e-05
424.758 5.59613e-05
426.259 5.27014e-05
427.76 4.94415e-05
429.261 4.99849e-05
430.762 5.05282e-05
432.263 5.16148e-05
433.764 4.83549e-05
435.265 4.72683e-05
436.766 4.99848e-05
438.267 5.05282e-05
439.767 4.6725e-05
441.268 4.23785e-05
442.769 4.29218e-05
444.27 4.07485e-05
445.771 3.69453e-05
447.272 3.53154e-05
448.773 3.36854e-05
450.274 3.15122e-05
451.775 3.47721e-05
453.276 3.25988e-05
454.777 3.58587e-05
456.278 3.36854e-05
457.778 3.15122e-05
459.279 3.09689e-05
460.78 3.15122e-05
462.281 3.31421e-05
463.782 3.53154e-05
465.283 3.36854e-05
466.784 3.36854e-05
468.285 3.25988e-05
469.786 3.25988e-05
471.287 3.58587e-05
472.788 3.25988e-05
474.288 2.98822e-05
475.789 2.28192e-05
477.29 2.22759e-05
478.791 2.44491e-05
480.292 2.22759e-05
481.793 2.17325e-05
483.294 2.11892e-05
484.795 2.17325e-05
486.296 1.9016e-05
487.797 2.33625e-05
489.298 2.39058e-05
490.799 2.33625e-05
492.299 2.22759e-05
493.8 2.28192e-05
495.301 2.44491e-05
496.802 2.39058e-05
498.303 2.39058e-05
499.804 2.33625e-05
501.305 2.60791e-05
502.806 2.66224e-05
504.307 2.7709e-05
505.808 2.66224e-05
507.309 3.15122e-05
508.809 2.87956e-05
510.31 2.82523e-05
511.811 2.87956e-05
513.312 2.87956e-05
514.813 2.7709e-05
516.314 2.55357e-05
517.815 2.93389e-05
519.316 2.49924e-05
520.817 2.49924e-05
522.318 2.44491e-05
523.819 2.49924e-05
525.32 2.49924e-05
526.82 0
528.321 0
529.822 0
531.323 0
532.824 0
534.325 0
535.826 0
537.327 0
538.828 0
540.329 0
541.83 0
543.33 0
544.831 0
546.332 0
547.833 0
549.334 0
550.835 0
552.336 0
553.837 0
555.338 0
556.839 0
558.34 0
559.841 0
561.341 0
562.842 0
564.343 0
565.844 0
567.345 0
568.846 0
570.347 0
571.848 0
573.349 0
574.85 0
576.351 0
577.851 0
579.352 0
580.853 0
582.354 0
583.855 0
585.356 0
586.857 0
588.358 0
589.859 0
591.36 0
592.861 0
594.362 0
595.862 0
597.363 0
598.864 0
600.365 0
601.866 0
603.367 0
604.868 0
606.369 0
607.87 0
609.371 0
610.872 0
612.372 0
613.873 0
615.374 0
616.875 0
618.376 0
619.877 0
621.378 0
622.879 0
624.38 0
625.881 0
627.382 0
628.883 0
630.383 0
631.884 0
633.385 0
634.886 0
636.387 0
637.888 0
639.389 0
640.89 0
642.391 0
643.892 0
645.393 0
646.893 0
648.394 0
649.895 0
651.396 0
652.897 0
654.398 0
655.899 0
657.4 0
658.901 0
660.402 0
661.903 0
663.404 0
664.904 0
666.405 0
667.906 0
669.407 0
670.908 0
672.409 0
673.91 0
675.411 0
676.912 0
678.413 0
679.914 0
681.414 0
682.915 0
684.416 0
685.917 0
687.418 0
688.919 0
690.42 0
691.921 0
693.422 0
694.923 0
696.424 0
697.925 0
699.425 0
700.926 0
702.427 0
703.928 0
705.429 0
706.93 0
708.431 0
709.932 0
711.433 0
712.934 0
714.435 0
715.935 0
717.436 0
718.937 0
720.438 0
721.939 0
723.44 0
724.941 0
726.442 0
727.943 0
729.444 0
730.945 0
732.446 0
733.946 0
735.447 0
736.948 0
738.449 0
739.95 0
741.451 0
742.952 0
744.453 0
745.954 0
747.455 0
748.956 0
750.456 0
751.957 0
753.458 0
754.959 0
756.46 0
757.961 0
759.462 0
760.963 0
762.464 0
763.965 0
765.466 0
766.967 0
768.467 0
769.968 0
771.469 0
772.97 0
774.471 0
775.972 0
777.473 0
778.974 0
780.475 0
781.976 0
783.477 0
784.977 0
786.478 0
787.979 0
789.48 0
790.981 0
792.482 0
793.983 0
795.484 0
796.985 0
798.486 0
799.987 0
801.488 0
802.988 0
804.489 0
805.99 0
807.491 0
808.992 0
810.493 0
811.994 0
813.495 0
814.996 0
816.497 0
817.998 0
819.498 0
820.999 0
822.5 0
824.001 0
825.502 0
827.003 0
828.504 0
830.005 0
831.506 0
833.007 0
834.508 0
836.009 0
837.509 0
839.01 0
840.511 0
842.012 0
843.513 0
845.014 0
846.515 0
848.016 0
849.517 0
851.018 0
852.519 0
854.019 0
855.52 0
857.021 0
858.522 0
860.023 0
861.524 0
863.025 0
864.526 0
866.027 0
867.528 0
869.029 0
870.53 0
872.03 0
873.531 0
875.032 0
876.533 0
878.034 0
879.535 0
881.036 0
882.537 0
884.038 0
885.539 0
887.04 0
888.54 0
890.041 0
891.542 0
893.043 0
894.544 0
896.045 0
897.546 0
899.047 0
900.548 0
902.049 0
903.55 0
905.051 0
906.551 0
908.052 0
909.553 0
911.054 0
912.555 0
914.056 0
915.557 0
917.058 0
918.559 0
920.06 0
921.561 0
923.061 0
924.562 0
926.063 0
927.564 0
929.065 0
930.566 0
932.067 0
933.568 0
935.069 0
936.57 0
938.071 0
939.572 0
941.072 0
942.573 0
944.074 0
945.575 0
947.076 0
948.577 0
950.078 0
951.579 0
953.08 0
954.581 0
956.082 0
957.582 0
959.083 0
960.584 0
962.085 0
963.586 0
965.087 0
966.588 0
968.089 0
969.59 0
971.091 0
972.592 0
974.093 0
975.593 0
977.094 0
978.595 0
980.096 0
981.597 0
983.098 0
984.599 0
986.1 0
987.601 0
989.102 0
990.603 0
992.103 0
993.604 0
995.105 0
996.606 0
998.107 0
999.608 0
1001.11 0
1002.61 0
1004.11 0
1005.61 0
1007.11 0
1008.61 0
1010.11 0
1011.62 0
1013.12 0
1014.62 0
1016.12 0
1017.62 0
1019.12 0
1020.62 0
1022.12 0
1023.62 0
1025.12 0
1026.62 0
1028.13 0
1029.63 0
1031.13 0
1032.63 0
1034.13 0
1035.63 0
1037.13 0
1038.63 0
1040.13 0
1041.63 0
1043.13 0
1044.64 0
1046.14 0
1047.64 0
1049.14 0
1050.64 0
1052.14 0
1053.64 0
1055.14 0
1056.64 0
1058.14 0
1059.64 0
1061.15 0
1062.65 0
1064.15 0
1065.65 0
1067.15 0
1068.65 0
1070.15 0
1071.65 0
1073.15 0
1074.65 0
1076.15 0
1077.66 0
1079.16 0
1080.66 0
1082.16 0
1083.66 0
1085.16 0
1086.66 0
1088.16 0
1089.66 0
1091.16 0
1092.66 0
1094.17 0
1095.67 0
1097.17 0
1098.67 0
1100.17 0
1101.67 0
1103.17 0
1104.67 0
1106.17 0
1107.67 0
1109.17 0
1110.68 0
1112.18 0
1113.68 0
1115.18 0
1116.68 0
1118.18 0
1119.68 0
1121.18 0
1122.68 0
1124.18 0
1125.68 0
1127.19 0
1128.69 0
1130.19 0
1131.69 0
1133.19 0
1134.69 0
1136.19 0
1137.69 0
1139.19 0
1140.69 0
1142.19 0
1143.7 0
1145.2 0
1146.7 0
1148.2 0
1149.7 0
1151.2 0
1152.7 0
1154.2 0
1155.7 0
1157.2 0
1158.7 0
1160.21 0
1161.71 0
1163.21 0
1164.71 0
1166.21 0
1167.71 0
1169.21 0
1170.71 0
1172.21 0
1173.71 0
1175.21 0
1176.72 0
1178.22 0
1179.72 0
1181.22 0
1182.72 0
1184.22 0
1185.72 0
1187.22 0
1188.72 0
1190.22 0
1191.72 0
1193.23 0
1194.73 0
1196.23 0
1197.73 0
1199.23 0
1200.73 0
1202.23 0
1203.73 0
1205.23 0
1206.73 0
1208.23 0
1209.74 0
1211.24 0
1212.74 0
1214.24 0
1215.74 0
1217.24 0
1218.74 0
1220.24 0
1221.74 0
1223.24 0
1224.74 0
1226.25 0
1227.75 0
1229.25 0
1230.75 0
1232.25 0
1233.75 0
1235.25 0
1236.75 0
1238.25 0
1239.75 0
1241.26 0
1242.76 0
1244.26 0
1245.76 0
1247.26 0
1248.76 0
1250.26 0
1251.76 0
1253.26 0
1254.76 0
1256.26 0
1257.77 0
1259.27 0
1260.77 0
1262.27 0
1263.77 0
1265.27 0
1266.77 0
1268.27 0
1269.77 0
1271.27 0
1272.77 0
1274.28 0
1275.78 0
1277.28 0
1278.78 0
1280.28 0
1281.78 0
1283.28 0
1284.78 0
1286.28 0
1287.78 0
1289.28 0
1290.79 0
1292.29 0
1293.79 0
1295.29 0
1296.79 0
1298.29 0
1299.79 0
1301.29 0
1302.79 0
1304.29 0
1305.79 0
1307.3 0
1308.8 0
1310.3 0
1311.8 0
1313.3 0
1314.8 0
1316.3 0
1317.8 0
1319.3 0
1320.8 0
1322.3 0
1323.81 0
1325.31 0
1326.81 0
1328.31 0
1329.81 0
1331.31 0
1332.81 0
1334.31 0
1335.81 0
1337.31 0
1338.81 0
1340.32 0
1341.82 0
1343.32 0
1344.82 0
1346.32 0
1347.82 0
1349.32 0
1350.82 0
1352.32 0
1353.82 0
1355.32 0
1356.83 0
1358.33 0
1359.83 0
1361.33 0
1362.83 0
1364.33 0
1365.83 0
1367.33 0
1368.83 0
1370.33 0
1371.83 0
1373.34 0
1374.84 0
1376.34 0
1377.84 0
1379.34 0
1380.84 0
1382.34 0
1383.84 0
1385.34 0
1386.84 0
1388.34 0
1389.85 0
1391.35 0
1392.85 0
1394.35 0
1395.85 0
1397.35 0
1398.85 0
1400.35 0
1401.85 0
1403.35 0
1404.85 0
1406.36 0
1407.86 0
1409.36 0
1410.86 0
1412.36 0
1413.86 0
1415.36 0
1416.86 0
1418.36 0
1419.86 0
1421.36 0
1422.87 0
1424.37 0
1425.87 0
1427.37 0
1428.87 0
1430.37 0
1431.87 0
1433.37 0
1434.87 0
1436.37 0
1437.87 0
1439.38 0
1440.88 0
1442.38 0
1443.88 0
1445.38 0
1446.88 0
1448.38 0
1449.88 0
1451.38 0
1452.88 0
1454.38 0
1455.89 0
1457.39 0
1458.89 0
1460.39 0
1461.89 0
1463.39 0
1464.89 0
1466.39 0
1467.89 0
1469.39 0
1470.89 0
1472.4 0
1473.9 0
1475.4 0
1476.9 0
1478.4 0
1479.9 0
1481.4 0
1482.9 0
1484.4 0
1485.9 0
1487.4 0
1488.91 0
1490.41 0
1491.91 0
1493.41 0
1494.91 0
1496.41 0
1497.91 0
1499.41 0
1500.91 0
1502.41 0
1503.91 0
1505.42 0
1506.92 0
1508.42 0
1509.92 0
1511.42 0
1512.92 0
1514.42 0
1515.92 0
1517.42 0
1518.92 0
1520.42 0
1521.93 0
1523.43 0
1524.93 0
1526.43 0
1527.93 0
1529.43 0
1530.93 0
1532.43 0
1533.93 0
1535.43 0
1536.93 0
1538.44 0
1539.94 0
1541.44 0
1542.94 0
1544.44 0
1545.94 0
1547.44 0
1548.94 0
1550.44 0
1551.94 0
1553.44 0
1554.95 0
1556.45 0
1557.95 0
1559.45 0
1560.95 0
1562.45 0
1563.95 0
1565.45 0
1566.95 0
1568.45 0
1569.95 0
1571.46 0
1572.96 0
1574.46 0
1575.96 0
