-1574.67 0
-1573.17 0
-1571.67 0
-1570.17 0
-1568.67 0
-1567.17 0
-1565.67 0
-1564.16 0
-1562.66 0
-1561.16 0
-1559.66 0
-1558.16 0
-1556.66 0
-1555.16 0
-1553.66 0
-1552.15 0
-1550.65 0
-1549.15 0
-1547.65 0
-1546.15 0
-1544.65 0
-1543.15 0
-1541.65 0
-1540.15 0
-1538.64 0
-1537.14 0
-1535.64 0
-1534.14 0
-1532.64 0
-1531.14 0
-1529.64 0
-1528.14 0
-1526.64 0
-1525.13 0
-1523.63 0
-1522.13 0
-1520.63 0
-1519.13 0
-1517.63 0
-1516.13 0
-1514.63 0
-1513.13 0
-1511.62 0
-1510.12 0
-1508.62 0
-1507.12 0
-1505.62 0
-1504.12 0
-1502.62 0
-1501.12 0
-1499.62 0
-1498.11 0
-1496.61 0
-1495.11 0
-1493.61 0
-1492.11 0
-1490.61 0
-1489.11 0
-1487.61 0
-1486.11 0
-1484.6 0
-1483.1 0
-1481.6 0
-1480.1 0
-1478.6 0
-1477.1 0
-1475.6 0
-1474.1 0
-1472.6 0
-1471.09 0
-1469.59 0
-1468.09 0
-1466.59 0
-1465.09 0
-1463.59 0
-1462.09 0
-1460.59 0
-1459.09 0
-1457.58 0
-1456.08 0
-1454.58 0
-1453.08 0
-1451.58 0
-1450.08 0
-1448.58 0
-1447.08 0
-1445.58 0
-1444.07 0
-1442.57 0
-1441.07 0
-1439.57 0
-1438.07 0
-1436.57 0
-1435.07 0
-1433.57 0
-1432.07 0
-1430.56 0
-1429.06 0
-1427.56 0
-1426.06 0
-1424.56 0
-1423.06 0
-1421.56 0
-1420.06 0
-1418.56 0
-1417.05 0
-1415.55 0
-1414.05 0
-1412.55 0
-1411.05 0
-1409.55 0
-1408.05 0
-1406.55 0
-1405.05 0
-1403.54 0
-1402.04 0
-1400.54 0
-1399.04 0
-1397.54 0
-1396.04 0
-1394.54 0
-1393.04 0
-1391.54 0
-1390.03 0
-1388.53 0
-1387.03 0
-1385.53 0
-1384.03 0
-1382.53 0
-1381.03 0
-1379.53 0
-1378.03 0
-1376.52 0
-1375.02 0
-1373.52 0
-1372.02 0
-1370.52 0
-1369.02 0
-1367.52 0
-1366.02 0
-1364.52 0
-1363.01 0
-1361.51 0
-1360.01 0
-1358.51 0
-1357.01 0
-1355.51 0
-1354.01 0
-1352.51 0
-1351.01 0
-1349.5 0
-1348 0
-1346.5 0
-1345 0
-1343.5 0
-1342 0
-1340.5 0
-1339 0
-1337.5 0
-1335.99 0
-1334.49 0
-1332.99 0
-1331.49 0
-1329.99 0
-1328.49 0
-1326.99 0
-1325.49 0
-1323.99 0
-1322.48 0
-1320.98 0
-1319.48 0
-1317.98 0
-1316.48 0
-1314.98 0
-1313.48 0
-1311.98 0
-1310.48 0
-1308.97 0
-1307.47 0
-1305.97 0
-1304.47 0
-1302.97 0
-1301.47 0
-1299.97 0
-1298.47 0
-1296.97 0
-1295.46 0
-1293.96 0
-1292.46 0
-1290.96 0
-1289.46 0
-1287.96 0
-1286.46 0
-1284.96 0
-1283.46 0
-1281.95 0
-1280.45 0
-1278.95 0
-1277.45 0
-1275.95 0
-1274.45 0
-1272.95 0
-1271.45 0
-1269.94 0
-1268.44 0
-1266.94 0
-1265.44 0
-1263.94 0
-1262.44 0
-1260.94 0
-1259.44 0
-1257.94 0
-1256.43 0
-1254.93 0
-1253.43 0
-1251.93 0
-1250.43 0
-1248.93 0
-1247.43 0
-1245.93 0
-1244.43 0
-1242.92 0
-1241.42 0
-1239.92 0
-1238.42 0
-1236.92 0
-1235.42 0
-1233.92 0
-1232.42 0
-1230.92 0
-1229.41 0
-1227.91 0
-1226.41 0
-1224.91 0
-1223.41 0
-1221.91 0
-1220.41 0
-1218.91 0
-1217.41 0
-1215.9 0
-1214.4 0
-1212.9 0
-1211.4 0
-1209.9 0
-1208.4 0
-1206.9 0
-1205.4 0
-1203.9 0
-1202.39 0
-1200.89 0
-1199.39 0
-1197.89 0
-1196.39 0
-1194.89 0
-1193.39 0
-1191.89 0
-1190.39 0
-1188.88 0
-1187.38 0
-1185.88 0
-1184.38 0
-1182.88 0
-1181.38 0
-1179.88 0
-1178.38 0
-1176.88 0
-1175.37 0
-1173.87 0
-1172.37 0
-1170.87 0
-1169.37 0
-1167.87 0
-1166.37 0
-1164.87 0
-1163.37 0
-1161.86 0
-1160.36 0
-1158.86 0
-1157.36 0
-1155.86 0
-1154.36 0
-1152.86 0
-1151.36 0
-1149.86 0
-1148.35 0
-1146.85 0
-1145.35 0
-1143.85 0
-1142.35 0
-1140.85 0
-1139.35 0
-1137.85 0
-1136.35 0
-1134.84 0
-1133.34 0
-1131.84 0
-1130.34 0
-1128.84 0
-1127.34 0
-1125.84 0
-1124.34 0
-1122.84 0
-1121.33 0
-1119.83 0
-1118.33 0
-1116.83 0
-1115.33 0
-1113.83 0
-1112.33 0
-1110.83 0
-1109.33 0
-1107.82 0
-1106.32 0
-1104.82 0
-1103.32 0
-1101.82 0
-1100.32 0
-1098.82 0
-1097.32 0
-1095.82 0
-1094.31 0
-1092.81 0
-1091.31 0
-1089.81 0
-1088.31 0
-1086.81 0
-1085.31 0
-1083.81 0
-1082.31 0
-1080.8 0
-1079.3 0
-1077.8 0
-1076.3 0
-1074.8 0
-1073.3 0
-1071.8 0
-1070.3 0
-1068.8 0
-1067.29 0
-1065.79 0
-1064.29 0
-1062.79 0
-1061.29 0
-1059.79 0
-1058.29 0
-1056.79 0
-1055.29 0
-1053.78 0
-1052.28 0
-1050.78 0
-1049.28 0
-1047.78 0
-1046.28 0
-1044.78 0
-1043.28 0
-1041.78 0
-1040.27 0
-1038.77 0
-1037.27 0
-1035.77 0
-1034.27 0
-1032.77 0
-1031.27 0
-1029.77 0
-1028.27 0
-1026.76 0
-1025.26 0
-1023.76 0
-1022.26 0
-1020.76 0
-1019.26 0
-1017.76 0
-1016.26 0
-1014.76 0
-1013.25 0
-1011.75 0
-1010.25 0
-1008.75 0
-1007.25 0
-1005.75 0
-1004.25 0
-1002.75 0
-1001.25 0
-999.744 0
-998.243 0
-996.742 0
-995.241 0
-993.739 0
-992.238 0
-990.737 0
-989.236 0
-987.735 0
-986.234 0
-984.733 0
-983.232 0
-981.731 0
-980.229 0
-978.728 0
-977.227 0
-975.726 0
-974.225 0
-972.724 0
-971.223 0
-969.722 0
-968.22 0
-966.719 0
-965.218 0
-963.717 0
-962.216 0
-960.715 0
-959.214 0
-957.713 0
-956.212 0
-954.71 0
-953.209 0
-951.708 0
-950.207 0
-948.706 0
-947.205 0
-945.704 0
-944.203 0
-942.701 0
-941.2 0
-939.699 0
-938.198 0
-936.697 0
-935.196 0
-933.695 0
-932.194 0
-930.693 0
-929.191 0
-927.69 0
-926.189 0
-924.688 0
-923.187 0
-921.686 0
-920.185 0
-918.684 0
-917.182 0
-915.681 0
-914.18 0
-912.679 0
-911.178 0
-909.677 0
-908.176 0
-906.675 0
-905.174 0
-903.672 0
-902.171 0
-900.67 0
-899.169 0
-897.668 0
-896.167 0
-894.666 0
-893.165 0
-891.663 0
-890.162 0
-888.661 0
-887.16 0
-885.659 0
-884.158 0
-882.657 0
-881.156 0
-879.655 0
-878.153 0
-876.652 0
-875.151 0
-873.65 0
-872.149 0
-870.648 0
-869.147 0
-867.646 0
-866.145 0
-864.643 0
-863.142 0
-861.641 0
-860.14 0
-858.639 0
-857.138 0
-855.637 0
-854.136 0
-852.634 0
-851.133 0
-849.632 0
-848.131 0
-846.63 0
-845.129 0
-843.628 0
-842.127 0
-840.626 0
-839.124 0
-837.623 0
-836.122 0
-834.621 0
-833.12 0
-831.619 0
-830.118 0
-828.617 0
-827.115 0
-825.614 0
-824.113 0
-822.612 0
-821.111 0
-819.61 0
-818.109 0
-816.608 0
-815.107 0
-813.605 0
-812.104 0
-810.603 0
-809.102 0
-807.601 0
-806.1 0
-804.599 0
-803.098 0
-801.596 0
-800.095 0
-798.594 0
-797.093 0
-795.592 0
-794.091 0
-792.59 0
-791.089 0
-789.588 0
-788.086 0
-786.585 0
-785.084 0
-783.583 0
-782.082 0
-780.581 0
-779.08 0
-777.579 0
-776.077 0
-774.576 0
-773.075 0
-771.574 0
-770.073 0
-768.572 0
-767.071 0
-765.57 0
-764.069 0
-762.567 0
-761.066 0
-759.565 0
-758.064 0
-756.563 0
-755.062 0
-753.561 0
-752.06 0
-750.558 0
-749.057 0
-747.556 0
-746.055 0
-744.554 0
-743.053 0
-741.552 0
-740.051 0
-738.55 0
-737.048 0
-735.547 0
-734.046 0
-732.545 0
-731.044 0
-729.543 0
-728.042 0
-726.541 0
-725.04 0
-723.538 0
-722.037 0
-720.536 0
-719.035 0
-717.534 0
-716.033 0
-714.532 0
-713.031 0
-711.529 0
-710.028 0
-708.527 0
-707.026 0
-705.525 0
-704.024 0
-702.523 0
-701.022 0
-699.521 0
-698.019 0
-696.518 0
-695.017 0
-693.516 0
-692.015 0
-690.514 0
-689.013 0
-687.512 0
-686.01 0
-684.509 0
-683.008 0
-681.507 0
-680.006 0
-678.505 0
-677.004 0
-675.503 0
-674.002 0
-672.5 0
-670.999 0
-669.498 0
-667.997 0
-666.496 0
-664.995 0
-663.494 0
-661.993 0
-660.491 0
-658.99 0
-657.489 0
-655.988 0
-654.487 0
-652.986 0
-651.485 0
-649.984 0
-648.483 0
-646.981 0
-645.48 0
-643.979 0
-642.478 0
-640.977 0
-639.476 0
-637.975 0
-636.474 0
-634.972 0
-633.471 0
-631.97 0
-630.469 0
-628.968 0
-627.467 0
-625.966 0
-624.465 0
-622.964 0
-621.462 0
-619.961 0
-618.46 0
-616.959 0
-615.458 0
-613.957 0
-612.456 0
-610.955 0
-609.453 0
-607.952 0
-606.451 0
-604.95 0
-603.449 0
-601.948 0
-600.447 0
-598.946 0
-597.445 0
-595.943 0
-594.442 0
-592.941 0
-591.44 0
-589.939 0
-588.438 0
-586.937 0
-585.436 0
-583.935 0
-582.433 0
-580.932 0
-579.431 0
-577.93 0
-576.429 0
-574.928 0
-573.427 0
-571.926 0
-570.424 0
-568.923 0
-567.422 0
-565.921 0
-564.42 0
-562.919 0
-561.418 0
-559.917 0
-558.416 0
-556.914 0
-555.413 0
-553.912 0
-552.411 0
-550.91 0
-549.409 0
-547.908 0
-546.407 0
-544.905 0
-543.404 0
-541.903 0
-540.402 0
-538.901 0
-537.4 0
-535.899 0
-534.398 0
-532.897 0
-531.395 0
-529.894 0
-528.393 0
-526.892 0
-525.391 0
-523.89 0
-522.389 0
-520.888 0
-519.386 1.00486e-269
-517.885 1.00486e-269
-516.384 0
-514.883 0
-513.382 0
-511.881 0
-510.38 0
-508.879 0
-507.378 0
-505.876 0
-504.375 0
-502.874 0
-501.373 0
-499.872 0
-498.371 0
-496.87 1.59006e-29
-495.369 1.1989e-319
-493.867 1.64666e-87
-492.366 2.82853e-277
-490.865 0
-489.364 0
-487.863 1.59006e-29
-486.362 1.1989e-319
-484.861 0.666171
-483.36 4.31518e-92
-481.859 9.39794e-275
-480.357 1.00856e-274
-478.856 0
-477.355 0
-475.854 2.1123e-274
-474.353 2.07524e-274
-472.852 2.05053e-274
-471.351 2.09994e-274
-469.85 2.12465e-274
-468.349 2.1123e-274
-466.847 2.16171e-274
-465.346 2.16171e-274
-463.845 2.28523e-274
-462.344 2.33464e-274
-460.843 2.35935e-274
-459.342 2.35935e-274
-457.841 2.47052e-274
-456.34 2.47052e-274
-454.838 2.45817e-274
-453.337 2.50758e-274
-451.836 2.49523e-274
-450.335 2.54464e-274
-448.834 2.54464e-274
-447.333 2.61875e-274
-445.832 2.6311e-274
-444.331 2.72993e-274
-442.83 2.72993e-274
-441.328 2.74228e-274
-439.827 2.75463e-274
-438.326 2.76698e-274
-436.825 2.80404e-274
-435.324 2.91521e-274
-433.823 2.8411e-274
-432.322 2.77934e-274
-430.821 2.72993e-274
-429.319 2.80404e-274
-427.818 2.80404e-274
-426.317 2.81639e-274
-424.816 2.76698e-274
-423.315 2.77934e-274
-421.814 2.85345e-274
-420.313 2.87816e-274
-418.812 2.87816e-274
-417.311 2.98933e-274
-415.809 3.0758e-274
-414.308 3.02639e-274
-412.807 3.11286e-274
-411.306 3.13756e-274
-409.805 3.16227e-274
-408.304 3.16227e-274
-406.803 3.21168e-274
-405.302 3.23638e-274
-403.8 3.27344e-274
-402.299 3.42167e-274
-400.798 3.48344e-274
-399.297 3.48344e-274
-397.796 3.45873e-274
-396.295 3.48344e-274
-394.794 3.55755e-274
-393.293 3.63167e-274
-391.792 3.63167e-274
-390.29 3.61931e-274
-388.789 3.70578e-274
-387.288 3.84166e-274
-385.787 3.91578e-274
-384.286 4.0393e-274
-382.785 4.10107e-274
-381.284 4.13812e-274
-379.783 4.19989e-274
-378.281 4.28636e-274
-376.78 4.38518e-274
-375.279 4.45929e-274
-373.778 4.47165e-274
-372.277 4.484e-274
-370.776 4.55811e-274
-369.275 4.63223e-274
-367.774 4.68164e-274
-366.273 4.7187e-274
-364.771 4.87928e-274
-363.27 5.00281e-274
-361.769 5.07692e-274
-360.268 5.1881e-274
-358.767 5.36103e-274
-357.266 5.48456e-274
-355.765 5.54632e-274
-354.264 5.69455e-274
-352.762 5.6822e-274
-351.261 5.85514e-274
-349.76 5.99102e-274
-348.259 6.08984e-274
-346.758 6.20101e-274
-345.257 6.3863e-274
-343.756 6.49747e-274
-342.255 6.621e-274
-340.754 6.76923e-274
-339.252 6.89276e-274
-337.751 7.06569e-274
-336.25 7.27569e-274
-334.749 7.46098e-274
-333.248 7.63391e-274
-331.747 7.84391e-274
-330.246 7.95508e-274
-328.745 8.04155e-274
-327.244 8.21449e-274
-325.742 8.36272e-274
-324.241 8.53565e-274
-322.74 8.68388e-274
-321.239 8.85682e-274
-319.738 8.9927e-274
-318.237 9.04211e-274
-316.736 9.27681e-274
-315.235 9.4868e-274
-313.733 9.65974e-274
-312.232 9.82032e-274
-310.731 1.01291e-273
-309.23 1.03391e-273
-307.729 1.05738e-273
-306.228 1.07715e-273
-304.727 1.09938e-273
-303.226 1.12532e-273
-301.725 1.1525e-273
-300.223 1.16732e-273
-298.722 1.18709e-273
-297.221 1.2155e-273
-295.72 1.23526e-273
-294.219 1.25997e-273
-292.718 1.2822e-273
-291.217 1.30444e-273
-289.716 1.3242e-273
-288.214 1.35508e-273
-286.713 1.37979e-273
-285.212 1.3909e-273
-283.711 1.4329e-273
-282.21 1.45761e-273
-280.709 1.47861e-273
-279.208 1.50825e-273
-277.707 1.53667e-273
-276.206 1.56137e-273
-274.704 1.58978e-273
-273.203 1.61819e-273
-271.702 1.65031e-273
-270.201 1.6676e-273
-268.7 1.70343e-273
-267.199 1.7269e-273
-265.698 1.76148e-273
-264.197 1.79236e-273
-262.695 1.81583e-273
-261.194 1.84795e-273
-259.693 1.88624e-273
-258.192 1.91342e-273
-256.691 1.94307e-273
-255.19 1.98383e-273
-253.689 2.02583e-273
-252.188 2.06289e-273
-250.687 2.09006e-273
-249.185 2.137e-273
-247.684 2.18394e-273
-246.183 2.21976e-273
-244.682 2.25559e-273
-243.181 2.29264e-273
-241.68 2.34947e-273
-240.179 2.37911e-273
-238.678 2.42852e-273
-237.176 2.47176e-273
-235.675 2.51623e-273
-234.174 2.56934e-273
-232.673 2.61505e-273
-231.172 2.67928e-273
-229.671 2.72993e-273
-228.17 2.79292e-273
-226.669 2.84975e-273
-225.168 2.91522e-273
-223.666 2.98439e-273
-222.165 3.06345e-273
-220.664 3.12521e-273
-219.163 3.2055e-273
-217.662 3.27962e-273
-216.161 3.35744e-273
-214.66 3.42909e-273
-213.159 3.51432e-273
-211.657 3.58473e-273
-210.156 3.6712e-273
-208.655 3.74655e-273
-207.154 3.8256e-273
-205.653 3.92319e-273
-204.152 4.00719e-273
-202.651 4.09983e-273
-201.15 4.20112e-273
-199.649 4.30859e-273
-198.147 4.41606e-273
-196.646 4.53217e-273
-195.145 4.64088e-273
-193.644 4.7607e-273
-192.143 4.88546e-273
-190.642 5.00899e-273
-189.141 5.12881e-273
-187.64 5.25604e-273
-186.139 5.38327e-273
-184.637 5.51915e-273
-183.136 5.6575e-273
-181.635 5.7872e-273
-180.134 5.92925e-273
-178.633 6.06884e-273
-177.132 6.20966e-273
-175.631 6.35665e-273
-174.13 6.50489e-273
-172.628 6.64077e-273
-171.127 6.77911e-273
-169.626 6.91993e-273
-168.125 7.0657e-273
-166.624 7.1991e-273
-165.123 7.33498e-273
-163.622 7.4721e-273
-162.121 7.58945e-273
-160.62 7.73027e-273
-159.118 7.86244e-273
-157.617 7.9872e-273
-156.116 8.11443e-273
-154.615 8.2429e-273
-153.114 8.37383e-273
-151.613 8.49612e-273
-150.112 8.6283e-273
-148.611 8.74565e-273
-147.109 8.87535e-273
-145.608 8.99147e-273
-144.107 9.10635e-273
-142.606 9.20764e-273
-141.105 9.32252e-273
-139.604 9.43246e-273
-138.103 9.53375e-273
-136.602 9.63257e-273
-135.101 9.73139e-273
-133.599 9.82527e-273
-132.098 9.91421e-273
-130.597 1.00167e-272
-129.096 1.01007e-272
-127.595 1.01983e-272
-126.094 1.02724e-272
-124.593 1.03651e-272
-123.092 1.04441e-272
-121.59 1.05244e-272
-120.089 1.06109e-272
-118.588 1.06813e-272
-117.087 1.07567e-272
-115.586 1.08345e-272
-114.085 1.08987e-272
-112.584 1.09704e-272
-111.083 1.10383e-272
-109.582 1.11025e-272
-108.08 1.11729e-272
-106.579 1.12471e-272
-105.078 1.13076e-272
-103.577 1.13866e-272
-102.076 1.14521e-272
-100.575 1.15324e-272
-99.0737 1.1583e-272
-97.5726 1.16547e-272
-96.0715 1.17189e-272
-94.5704 1.17819e-272
-93.0693 1.18437e-272
-91.5681 1.19116e-272
-90.067 1.19808e-272
-88.5659 1.20426e-272
-87.0648 1.21191e-272
-85.5637 1.21809e-272
-84.0626 1.22624e-272
-82.5614 1.23366e-272
-81.0603 1.24144e-272
-79.5592 1.25095e-272
-78.0581 1.25898e-272
-76.557 1.26701e-272
-75.0558 1.27602e-272
-73.5547 1.28578e-272
-72.0536 1.29418e-272
-70.5525 1.30518e-272
-69.0514 1.31395e-272
-67.5503 1.32395e-272
-66.0491 1.33445e-272
-64.548 1.34483e-272
-63.0469 1.3557e-272
-61.5458 1.36521e-272
-60.0447 1.37657e-272
-58.5436 1.38794e-272
-57.0424 1.39869e-272
-55.5413 1.41129e-272
-54.0402 1.42265e-272
-52.5391 1.43451e-272
-51.038 1.44686e-272
-49.5369 1.45884e-272
-48.0357 1.47157e-272
-46.5346 1.4838e-272
-45.0335 1.49615e-272
-43.5324 1.50813e-272
-42.0313 1.52024e-272
-40.5302 1.53259e-272
-39.029 1.54494e-272
-37.5279 1.55668e-272
-36.0268 1.56854e-272
-34.5257 1.58002e-272
-33.0246 1.59176e-272
-31.5235 1.60362e-272
-30.0223 1.6156e-272
-28.5212 1.6277e-272
-27.0201 1.63857e-272
-25.519 1.64944e-272
-24.0179 1.65896e-272
-22.5168 1.66884e-272
-21.0156 1.67748e-272
-19.5145 1.6849e-272
-18.0134 1.69379e-272
-16.5123 1.69997e-272
-15.0112 1.70503e-272
-13.5101 1.7122e-272
-12.0089 1.71615e-272
-10.5078 1.72183e-272
-9.0067 1.72603e-272
-7.50558 1.72924e-272
-6.00447 1.73233e-272
-4.50335 1.73529e-272
-3.00223 1.73702e-272
-1.50112 1.73888e-272
0 1.73888e-272
1.50112 1.73826e-272
3.00223 1.73739e-272
4.50335 1.73628e-272
6.00447 1.73418e-272
7.50558 1.73147e-272
9.0067 1.72801e-272
10.5078 1.72467e-272
12.0089 1.71936e-272
13.5101 1.7143e-272
15.0112 1.70849e-272
16.5123 1.70207e-272
18.0134 1.69503e-272
19.5145 1.68687e-272
21.0156 1.67847e-272
22.5168 1.66995e-272
24.0179 1.66019e-272
25.519 1.65043e-272
27.0201 1.6387e-272
28.5212 1.62807e-272
30.0223 1.61609e-272
31.5235 1.60386e-272
33.0246 1.59102e-272
34.5257 1.57891e-272
36.0268 1.56582e-272
37.5279 1.55334e-272
39.029 1.54037e-272
40.5302 1.52728e-272
42.0313 1.51357e-272
43.5324 1.50072e-272
45.0335 1.48627e-272
46.5346 1.47255e-272
48.0357 1.45909e-272
49.5369 1.44488e-272
51.038 1.43228e-272
52.5391 1.41845e-272
54.0402 1.40573e-272
55.5413 1.39165e-272
57.0424 1.37905e-272
58.5436 1.36583e-272
60.0447 1.35261e-272
61.5458 1.33952e-272
63.0469 1.32667e-272
64.548 1.31395e-272
66.0491 1.30073e-272
67.5503 1.28788e-272
69.0514 1.27602e-272
70.5525 1.26491e-272
72.0536 1.25441e-272
73.5547 1.24329e-272
75.0558 1.23267e-272
76.557 1.22266e-272
78.0581 1.21229e-272
79.5592 1.2024e-272
81.0603 1.19203e-272
82.5614 1.18227e-272
84.0626 1.17239e-272
85.5637 1.16325e-272
87.0648 1.15336e-272
88.5659 1.14422e-272
90.067 1.13496e-272
91.5681 1.12619e-272
93.0693 1.11779e-272
94.5704 1.11025e-272
96.0715 1.10222e-272
97.5726 1.09395e-272
99.0737 1.0874e-272
100.575 1.07949e-272
102.076 1.07245e-272
103.577 1.06442e-272
105.078 1.05701e-272
106.579 1.04849e-272
108.08 1.04133e-272
109.582 1.03305e-272
111.083 1.02712e-272
112.584 1.01921e-272
114.085 1.01193e-272
115.586 1.00513e-272
117.087 9.9735e-273
118.588 9.90062e-273
120.089 9.8265e-273
121.59 9.75239e-273
123.092 9.68321e-273
124.593 9.59551e-273
126.094 9.51769e-273
127.595 9.43616e-273
129.096 9.35587e-273
130.597 9.27805e-273
132.098 9.19405e-273
133.599 9.1187e-273
135.101 9.03346e-273
136.602 8.94329e-273
138.103 8.85559e-273
139.604 8.76171e-273
141.105 8.66783e-273
142.606 8.5653e-273
144.107 8.46524e-273
145.608 8.36148e-273
147.109 8.26513e-273
148.611 8.16014e-273
150.112 8.06749e-273
151.613 7.96249e-273
153.114 7.86244e-273
154.615 7.76609e-273
156.116 7.66232e-273
157.617 7.55239e-273
159.118 7.43874e-273
160.62 7.32757e-273
162.121 7.21146e-273
163.622 7.09411e-273
165.123 6.96317e-273
166.624 6.84088e-273
168.125 6.70994e-273
169.626 6.58147e-273
171.127 6.45547e-273
172.628 6.32454e-273
174.13 6.19978e-273
175.631 6.07872e-273
177.132 5.96137e-273
178.633 5.84525e-273
180.134 5.72049e-273
181.635 5.60685e-273
183.136 5.49074e-273
184.637 5.37833e-273
186.139 5.26345e-273
187.64 5.14486e-273
189.141 5.03493e-273
190.642 4.91881e-273
192.143 4.80517e-273
193.644 4.69893e-273
195.145 4.5927e-273
196.646 4.49388e-273
198.147 4.39753e-273
199.649 4.295e-273
201.15 4.19989e-273
202.651 4.10848e-273
204.152 4.02942e-273
205.653 3.94048e-273
207.154 3.85402e-273
208.655 3.76508e-273
210.156 3.69096e-273
211.657 3.6082e-273
213.159 3.53408e-273
214.66 3.45379e-273
216.161 3.38709e-273
217.662 3.31297e-273
219.163 3.2475e-273
220.664 3.17709e-273
222.165 3.1178e-273
223.666 3.05357e-273
225.168 2.98315e-273
226.669 2.93251e-273
228.17 2.87322e-273
229.671 2.81639e-273
231.172 2.75587e-273
232.673 2.71387e-273
234.174 2.6657e-273
235.675 2.61134e-273
237.176 2.5644e-273
238.678 2.51376e-273
240.179 2.46805e-273
241.68 2.42729e-273
243.181 2.38158e-273
244.682 2.34453e-273
246.183 2.30006e-273
247.684 2.25188e-273
249.185 2.21729e-273
250.687 2.18518e-273
252.188 2.15059e-273
253.689 2.1123e-273
255.19 2.07647e-273
256.691 2.04189e-273
258.192 2.01471e-273
259.693 1.97765e-273
261.194 1.94554e-273
262.695 1.91218e-273
264.197 1.8813e-273
265.698 1.84919e-273
267.199 1.81707e-273
268.7 1.78372e-273
270.201 1.7516e-273
271.702 1.73184e-273
273.203 1.70096e-273
274.704 1.67007e-273
276.206 1.64784e-273
277.707 1.62437e-273
279.208 1.59472e-273
280.709 1.5799e-273
282.21 1.55025e-273
283.711 1.53419e-273
285.212 1.5169e-273
286.713 1.49837e-273
288.214 1.4749e-273
289.716 1.45143e-273
291.217 1.42673e-273
292.718 1.40326e-273
294.219 1.38102e-273
295.72 1.35138e-273
297.221 1.3242e-273
298.722 1.2995e-273
300.223 1.26614e-273
301.725 1.23897e-273
303.226 1.21673e-273
304.727 1.1945e-273
306.228 1.17103e-273
307.729 1.15744e-273
309.23 1.1352e-273
310.731 1.10926e-273
312.232 1.09691e-273
313.733 1.07468e-273
315.235 1.05491e-273
316.736 1.04256e-273
318.237 1.03021e-273
319.738 1.00797e-273
321.239 1.00303e-273
322.74 9.82033e-274
324.241 9.64739e-274
325.742 9.41269e-274
327.244 9.23975e-274
328.745 8.95564e-274
330.246 8.758e-274
331.747 8.65918e-274
333.248 8.42448e-274
334.749 8.2639e-274
336.25 8.04155e-274
337.751 7.89332e-274
339.252 7.8192e-274
340.754 7.65862e-274
342.255 7.52274e-274
343.756 7.39921e-274
345.257 7.26333e-274
346.758 7.15216e-274
348.259 7.05334e-274
349.76 6.97922e-274
351.261 6.8557e-274
352.762 6.74452e-274
354.264 6.67041e-274
355.765 6.621e-274
357.266 6.53453e-274
358.767 6.42336e-274
360.268 6.37395e-274
361.769 6.29983e-274
363.27 6.21336e-274
364.771 6.11454e-274
366.273 6.06513e-274
367.774 6.01572e-274
369.275 5.85514e-274
370.776 5.70691e-274
372.277 5.6575e-274
373.778 5.52162e-274
375.279 5.50927e-274
376.78 5.4228e-274
378.281 5.41044e-274
379.783 5.38574e-274
381.284 5.32398e-274
382.785 5.31162e-274
384.286 5.22516e-274
385.787 5.11398e-274
387.288 5.10163e-274
388.789 5.13869e-274
390.29 5.12633e-274
391.792 5.07692e-274
393.293 4.99046e-274
394.794 4.86693e-274
396.295 4.87928e-274
397.796 4.89163e-274
399.297 4.84222e-274
400.798 4.78046e-274
402.299 4.7434e-274
403.8 4.75576e-274
405.302 4.63223e-274
406.803 4.63223e-274
408.304 4.52106e-274
409.805 4.45929e-274
411.306 4.49635e-274
412.807 4.484e-274
414.308 4.53341e-274
415.809 4.43459e-274
417.311 4.45929e-274
418.812 4.32341e-274
420.313 4.26165e-274
421.814 4.16283e-274
423.315 4.05166e-274
424.816 4.08871e-274
426.317 4.05166e-274
427.818 4.08871e-274
429.319 4.07636e-274
430.821 4.08871e-274
432.322 4.02695e-274
433.823 4.05166e-274
435.324 4.0393e-274
436.825 4.05166e-274
438.326 4.05166e-274
439.827 4.0393e-274
441.328 3.98989e-274
442.83 3.87872e-274
444.331 3.76755e-274
445.832 3.74284e-274
447.333 3.63167e-274
448.834 3.65637e-274
450.335 3.64402e-274
451.836 3.53285e-274
453.337 3.50814e-274
454.838 3.5452e-274
456.34 3.52049e-274
457.841 3.63167e-274
459.342 3.58226e-274
460.843 3.55755e-274
462.344 3.49579e-274
463.845 3.42167e-274
465.346 3.38461e-274
466.847 3.27344e-274
468.349 3.21168e-274
469.85 3.24874e-274
471.351 3.18697e-274
472.852 3.11286e-274
474.353 3.19933e-274
475.854 3.19933e-274
477.355 3.13756e-274
478.856 3.11286e-274
480.357 3.13756e-274
481.859 3.0758e-274
483.36 3.05109e-274
484.861 2.92757e-274
486.362 2.89051e-274
487.863 2.90286e-274
489.364 2.82875e-274
490.865 2.77934e-274
492.366 2.77934e-274
493.867 2.77934e-274
495.369 2.80404e-274
496.87 2.75463e-274
498.371 2.8411e-274
499.872 2.85345e-274
501.373 2.85345e-274
502.874 2.85345e-274
504.375 2.90286e-274
505.876 2.92757e-274
507.378 2.87816e-274
508.879 2.90286e-274
510.38 2.89051e-274
511.881 2.82875e-274
513.382 2.72993e-274
514.883 2.69287e-274
516.384 2.71757e-274
517.885 2.64346e-274
519.386 2.69287e-274
520.888 2.69287e-274
522.389 2.65581e-274
523.89 2.64346e-274
525.391 0
526.892 0
528.393 0
529.894 0
531.395 0
532.897 0
534.398 0
535.899 0
537.4 0
538.901 0
540.402 0
541.903 0
543.404 0
544.905 0
546.407 0
547.908 0
549.409 0
550.91 0
552.411 0
553.912 0
555.413 0
556.914 0
558.416 0
559.917 0
561.418 0
562.919 0
564.42 0
565.921 0
567.422 0
568.923 0
570.424 0
571.926 0
573.427 0
574.928 0
576.429 0
577.93 0
579.431 0
580.932 0
582.433 0
583.935 0
585.436 0
586.937 0
588.438 0
589.939 0
591.44 0
592.941 0
594.442 0
595.943 0
597.445 0
598.946 0
600.447 0
601.948 0
603.449 0
604.95 0
606.451 0
607.952 0
609.453 0
610.955 0
612.456 0
613.957 0
615.458 0
616.959 0
618.46 0
619.961 0
621.462 0
622.964 0
624.465 0
625.966 0
627.467 0
628.968 0
630.469 0
631.97 0
633.471 0
634.972 0
636.474 0
637.975 0
639.476 0
640.977 0
642.478 0
643.979 0
645.48 0
646.981 0
648.483 0
649.984 0
651.485 0
652.986 0
654.487 0
655.988 0
657.489 0
658.99 0
660.491 0
661.993 0
663.494 0
664.995 0
666.496 0
667.997 0
669.498 0
670.999 0
672.5 0
674.002 0
675.503 0
677.004 0
678.505 0
680.006 0
681.507 0
683.008 0
684.509 0
686.01 0
687.512 0
689.013 0
690.514 0
692.015 0
693.516 0
695.017 0
696.518 0
698.019 0
699.521 0
701.022 0
702.523 0
704.024 0
705.525 0
707.026 0
708.527 0
710.028 0
711.529 0
713.031 0
714.532 0
716.033 0
717.534 0
719.035 0
720.536 0
722.037 0
723.538 0
725.04 0
726.541 0
728.042 0
729.543 0
731.044 0
732.545 0
734.046 0
735.547 0
737.048 0
738.55 0
740.051 0
741.552 0
743.053 0
744.554 0
746.055 0
747.556 0
749.057 0
750.558 0
752.06 0
753.561 0
755.062 0
756.563 0
758.064 0
759.565 0
761.066 0
762.567 0
764.069 0
765.57 0
767.071 0
768.572 0
770.073 0
771.574 0
773.075 0
774.576 0
776.077 0
777.579 0
779.08 0
780.581 0
782.082 0
783.583 0
785.084 0
786.585 0
788.086 0
789.588 0
791.089 0
792.59 0
794.091 0
795.592 0
797.093 0
798.594 0
800.095 0
801.596 0
803.098 0
804.599 0
806.1 0
807.601 0
809.102 0
810.603 0
812.104 0
813.605 0
815.107 0
816.608 0
818.109 0
819.61 0
821.111 0
822.612 0
824.113 0
825.614 0
827.115 0
828.617 0
830.118 0
831.619 0
833.12 0
834.621 0
836.122 0
837.623 0
839.124 0
840.626 0
842.127 0
843.628 0
845.129 0
846.63 0
848.131 0
849.632 0
851.133 0
852.634 0
854.136 0
855.637 0
857.138 0
858.639 0
860.14 0
861.641 0
863.142 0
864.643 0
866.145 0
867.646 0
869.147 0
870.648 0
872.149 0
873.65 0
875.151 0
876.652 0
878.153 0
879.655 0
881.156 0
882.657 0
884.158 0
885.659 0
887.16 0
888.661 0
890.162 0
891.663 0
893.165 0
894.666 0
896.167 0
897.668 0
899.169 0
900.67 0
902.171 0
903.672 0
905.174 0
906.675 0
908.176 0
909.677 0
911.178 0
912.679 0
914.18 0
915.681 0
917.182 0
918.684 0
920.185 0
921.686 0
923.187 0
924.688 0
926.189 0
927.69 0
929.191 0
930.693 0
932.194 0
933.695 0
935.196 0
936.697 0
938.198 0
939.699 0
941.2 0
942.701 0
944.203 0
945.704 0
947.205 0
948.706 0
950.207 0
951.708 0
953.209 0
954.71 0
956.212 0
957.713 0
959.214 0
960.715 0
962.216 0
963.717 0
965.218 0
966.719 0
968.22 0
969.722 0
971.223 0
972.724 0
974.225 0
975.726 0
977.227 0
978.728 0
980.229 0
981.731 0
983.232 0
984.733 0
986.234 0
987.735 0
989.236 0
990.737 0
992.238 0
993.739 0
995.241 0
996.742 0
998.243 0
999.744 0
1001.25 0
1002.75 0
1004.25 0
1005.75 0
1007.25 0
1008.75 0
1010.25 0
1011.75 0
1013.25 0
1014.76 0
1016.26 0
1017.76 0
1019.26 0
1020.76 0
1022.26 0
1023.76 0
1025.26 0
1026.76 0
1028.27 0
1029.77 0
1031.27 0
1032.77 0
1034.27 0
1035.77 0
1037.27 0
1038.77 0
1040.27 0
1041.78 0
1043.28 0
1044.78 0
1046.28 0
1047.78 0
1049.28 0
1050.78 0
1052.28 0
1053.78 0
1055.29 0
1056.79 0
1058.29 0
1059.79 0
1061.29 0
1062.79 0
1064.29 0
1065.79 0
1067.29 0
1068.8 0
1070.3 0
1071.8 0
1073.3 0
1074.8 0
1076.3 0
1077.8 0
1079.3 0
1080.8 0
1082.31 0
1083.81 0
1085.31 0
1086.81 0
1088.31 0
1089.81 0
1091.31 0
1092.81 0
1094.31 0
1095.82 0
1097.32 0
1098.82 0
1100.32 0
1101.82 0
1103.32 0
1104.82 0
1106.32 0
1107.82 0
1109.33 0
1110.83 0
1112.33 0
1113.83 0
1115.33 0
1116.83 0
1118.33 0
1119.83 0
1121.33 0
1122.84 0
1124.34 0
1125.84 0
1127.34 0
1128.84 0
1130.34 0
1131.84 0
1133.34 0
1134.84 0
1136.35 0
1137.85 0
1139.35 0
1140.85 0
1142.35 0
1143.85 0
1145.35 0
1146.85 0
1148.35 0
1149.86 0
1151.36 0
1152.86 0
1154.36 0
1155.86 0
1157.36 0
1158.86 0
1160.36 0
1161.86 0
1163.37 0
1164.87 0
1166.37 0
1167.87 0
1169.37 0
1170.87 0
1172.37 0
1173.87 0
1175.37 0
1176.88 0
1178.38 0
1179.88 0
1181.38 0
1182.88 0
1184.38 0
1185.88 0
1187.38 0
1188.88 0
1190.39 0
1191.89 0
1193.39 0
1194.89 0
1196.39 0
1197.89 0
1199.39 0
1200.89 0
1202.39 0
1203.9 0
1205.4 0
1206.9 0
1208.4 0
1209.9 0
1211.4 0
1212.9 0
1214.4 0
1215.9 0
1217.41 0
1218.91 0
1220.41 0
1221.91 0
1223.41 0
1224.91 0
1226.41 0
1227.91 0
1229.41 0
1230.92 0
1232.42 0
1233.92 0
1235.42 0
1236.92 0
1238.42 0
1239.92 0
1241.42 0
1242.92 0
1244.43 0
1245.93 0
1247.43 0
1248.93 0
1250.43 0
1251.93 0
1253.43 0
1254.93 0
1256.43 0
1257.94 0
1259.44 0
1260.94 0
1262.44 0
1263.94 0
1265.44 0
1266.94 0
1268.44 0
1269.94 0
1271.45 0
1272.95 0
1274.45 0
1275.95 0
1277.45 0
1278.95 0
1280.45 0
1281.95 0
1283.46 0
1284.96 0
1286.46 0
1287.96 0
1289.46 0
1290.96 0
1292.46 0
1293.96 0
1295.46 0
1296.97 0
1298.47 0
1299.97 0
1301.47 0
1302.97 0
1304.47 0
1305.97 0
1307.47 0
1308.97 0
1310.48 0
1311.98 0
1313.48 0
1314.98 0
1316.48 0
1317.98 0
1319.48 0
1320.98 0
1322.48 0
1323.99 0
1325.49 0
1326.99 0
1328.49 0
1329.99 0
1331.49 0
1332.99 0
1334.49 0
1335.99 0
1337.5 0
1339 0
1340.5 0
1342 0
1343.5 0
1345 0
1346.5 0
1348 0
1349.5 0
1351.01 0
1352.51 0
1354.01 0
1355.51 0
1357.01 0
1358.51 0
1360.01 0
1361.51 0
1363.01 0
1364.52 0
1366.02 0
1367.52 0
1369.02 0
1370.52 0
1372.02 0
1373.52 0
1375.02 0
1376.52 0
1378.03 0
1379.53 0
1381.03 0
1382.53 0
1384.03 0
1385.53 0
1387.03 0
1388.53 0
1390.03 0
1391.54 0
1393.04 0
1394.54 0
1396.04 0
1397.54 0
1399.04 0
1400.54 0
1402.04 0
1403.54 0
1405.05 0
1406.55 0
1408.05 0
1409.55 0
1411.05 0
1412.55 0
1414.05 0
1415.55 0
1417.05 0
1418.56 0
1420.06 0
1421.56 0
1423.06 0
1424.56 0
1426.06 0
1427.56 0
1429.06 0
1430.56 0
1432.07 0
1433.57 0
1435.07 0
1436.57 0
1438.07 0
1439.57 0
1441.07 0
1442.57 0
1444.07 0
1445.58 0
1447.08 0
1448.58 0
1450.08 0
1451.58 0
1453.08 0
1454.58 0
1456.08 0
1457.58 0
1459.09 0
1460.59 0
1462.09 0
1463.59 0
1465.09 0
1466.59 0
1468.09 0
1469.59 0
1471.09 0
1472.6 0
1474.1 0
1475.6 0
1477.1 0
1478.6 0
1480.1 0
1481.6 0
1483.1 0
1484.6 0
1486.11 0
1487.61 0
1489.11 0
1490.61 0
1492.11 0
1493.61 0
1495.11 0
1496.61 0
1498.11 0
1499.62 0
1501.12 0
1502.62 0
1504.12 0
1505.62 0
1507.12 0
1508.62 0
1510.12 0
1511.62 0
1513.13 0
1514.63 0
1516.13 0
1517.63 0
1519.13 0
1520.63 0
1522.13 0
1523.63 0
1525.13 0
1526.64 0
1528.14 0
1529.64 0
1531.14 0
1532.64 0
1534.14 0
1535.64 0
1537.14 0
1538.64 0
1540.15 0
1541.65 0
1543.15 0
1544.65 0
1546.15 0
1547.65 0
1549.15 0
1550.65 0
1552.15 0
1553.66 0
1555.16 0
1556.66 0
1558.16 0
1559.66 0
1561.16 0
1562.66 0
1564.16 0
1565.67 0
1567.17 0
1568.67 0
1570.17 0
1571.67 0
1573.17 0
1574.67 0
