-1574.67 0
-1573.17 0
-1571.67 0
-1570.17 0
-1568.67 0
-1567.17 0
-1565.67 0
-1564.16 0
-1562.66 0
-1561.16 0
-1559.66 0
-1558.16 0
-1556.66 0
-1555.16 0
-1553.66 0
-1552.15 0
-1550.65 0
-1549.15 0
-1547.65 0
-1546.15 0
-1544.65 0
-1543.15 0
-1541.65 0
-1540.15 0
-1538.64 0
-1537.14 0
-1535.64 0
-1534.14 0
-1532.64 0
-1531.14 0
-1529.64 0
-1528.14 0
-1526.64 0
-1525.13 0
-1523.63 0
-1522.13 0
-1520.63 0
-1519.13 0
-1517.63 0
-1516.13 0
-1514.63 0
-1513.13 0
-1511.62 0
-1510.12 0
-1508.62 0
-1507.12 0
-1505.62 0
-1504.12 0
-1502.62 0
-1501.12 0
-1499.62 0
-1498.11 0
-1496.61 0
-1495.11 0
-1493.61 0
-1492.11 0
-1490.61 0
-1489.11 0
-1487.61 0
-1486.11 0
-1484.6 0
-1483.1 0
-1481.6 0
-1480.1 0
-1478.6 0
-1477.1 0
-1475.6 0
-1474.1 0
-1472.6 0
-1471.09 0
-1469.59 0
-1468.09 0
-1466.59 0
-1465.09 0
-1463.59 0
-1462.09 0
-1460.59 0
-1459.09 0
-1457.58 0
-1456.08 0
-1454.58 0
-1453.08 0
-1451.58 0
-1450.08 0
-1448.58 0
-1447.08 0
-1445.58 0
-1444.07 0
-1442.57 0
-1441.07 0
-1439.57 0
-1438.07 0
-1436.57 0
-1435.07 0
-1433.57 0
-1432.07 0
-1430.56 0
-1429.06 0
-1427.56 0
-1426.06 0
-1424.56 0
-1423.06 0
-1421.56 0
-1420.06 0
-1418.56 0
-1417.05 0
-1415.55 0
-1414.05 0
-1412.55 0
-1411.05 0
-1409.55 0
-1408.05 0
-1406.55 0
-1405.05 0
-1403.54 0
-1402.04 0
-1400.54 0
-1399.04 0
-1397.54 0
-1396.04 0
-1394.54 0
-1393.04 0
-1391.54 0
-1390.03 0
-1388.53 0
-1387.03 0
-1385.53 0
-1384.03 0
-1382.53 0
-1381.03 0
-1379.53 0
-1378.03 0
-1376.52 0
-1375.02 0
-1373.52 0
-1372.02 0
-1370.52 0
-1369.02 0
-1367.52 0
-1366.02 0
-1364.52 0
-1363.01 0
-1361.51 0
-1360.01 0
-1358.51 0
-1357.01 0
-1355.51 0
-1354.01 0
-1352.51 0
-1351.01 0
-1349.5 0
-1348 0
-1346.5 0
-1345 0
-1343.5 0
-1342 0
-1340.5 0
-1339 0
-1337.5 0
-1335.99 0
-1334.49 0
-1332.99 0
-1331.49 0
-1329.99 0
-1328.49 0
-1326.99 0
-1325.49 0
-1323.99 0
-1322.48 0
-1320.98 0
-1319.48 0
-1317.98 0
-1316.48 0
-1314.98 0
-1313.48 0
-1311.98 0
-1310.48 0
-1308.97 0
-1307.47 0
-1305.97 0
-1304.47 0
-1302.97 0
-1301.47 0
-1299.97 0
-1298.47 0
-1296.97 0
-1295.46 0
-1293.96 0
-1292.46 0
-1290.96 0
-1289.46 0
-1287.96 0
-1286.46 0
-1284.96 0
-1283.46 0
-1281.95 0
-1280.45 0
-1278.95 0
-1277.45 0
-1275.95 0
-1274.45 0
-1272.95 0
-1271.45 0
-1269.94 0
-1268.44 0
-1266.94 0
-1265.44 0
-1263.94 0
-1262.44 0
-1260.94 0
-1259.44 0
-1257.94 0
-1256.43 0
-1254.93 0
-1253.43 0
-1251.93 0
-1250.43 0
-1248.93 0
-1247.43 0
-1245.93 0
-1244.43 0
-1242.92 0
-1241.42 0
-1239.92 0
-1238.42 0
-1236.92 0
-1235.42 0
-1233.92 0
-1232.42 0
-1230.92 0
-1229.41 0
-1227.91 0
-1226.41 0
-1224.91 0
-1223.41 0
-1221.91 0
-1220.41 0
-1218.91 0
-1217.41 0
-1215.9 0
-1214.4 0
-1212.9 0
-1211.4 0
-1209.9 0
-1208.4 0
-1206.9 0
-1205.4 0
-1203.9 0
-1202.39 0
-1200.89 0
-1199.39 0
-1197.89 0
-1196.39 0
-1194.89 0
-1193.39 0
-1191.89 0
-1190.39 0
-1188.88 0
-1187.38 0
-1185.88 0
-1184.38 0
-1182.88 0
-1181.38 0
-1179.88 0
-1178.38 0
-1176.88 0
-1175.37 0
-1173.87 0
-1172.37 0
-1170.87 0
-1169.37 0
-1167.87 0
-1166.37 0
-1164.87 0
-1163.37 0
-1161.86 0
-1160.36 0
-1158.86 0
-1157.36 0
-1155.86 0
-1154.36 0
-1152.86 0
-1151.36 0
-1149.86 0
-1148.35 0
-1146.85 0
-1145.35 0
-1143.85 0
-1142.35 0
-1140.85 0
-1139.35 0
-1137.85 0
-1136.35 0
-1134.84 0
-1133.34 0
-1131.84 0
-1130.34 0
-1128.84 0
-1127.34 0
-1125.84 0
-1124.34 0
-1122.84 0
-1121.33 0
-1119.83 0
-1118.33 0
-1116.83 0
-1115.33 0
-1113.83 0
-1112.33 0
-1110.83 0
-1109.33 0
-1107.82 0
-1106.32 0
-1104.82 0
-1103.32 0
-1101.82 0
-1100.32 0
-1098.82 0
-1097.32 0
-1095.82 0
-1094.31 0
-1092.81 0
-1091.31 0
-1089.81 0
-1088.31 0
-1086.81 0
-1085.31 0
-1083.81 0
-1082.31 0
-1080.8 0
-1079.3 0
-1077.8 0
-1076.3 0
-1074.8 0
-1073.3 0
-1071.8 0
-1070.3 0
-1068.8 0
-1067.29 0
-1065.79 0
-1064.29 0
-1062.79 0
-1061.29 0
-1059.79 0
-1058.29 0
-1056.79 0
-1055.29 0
-1053.78 0
-1052.28 0
-1050.78 0
-1049.28 0
-1047.78 0
-1046.28 0
-1044.78 0
-1043.28 0
-1041.78 0
-1040.27 0
-1038.77 0
-1037.27 0
-1035.77 0
-1034.27 0
-1032.77 0
-1031.27 0
-1029.77 0
-1028.27 0
-1026.76 0
-1025.26 0
-1023.76 0
-1022.26 0
-1020.76 0
-1019.26 0
-1017.76 0
-1016.26 0
-1014.76 0
-1013.25 0
-1011.75 0
-1010.25 0
-1008.75 0
-1007.25 0
-1005.75 0
-1004.25 0
-1002.75 0
-1001.25 0
-999.744 0
-998.243 0
-996.742 0
-995.241 0
-993.739 0
-992.238 0
-990.737 0
-989.236 0
-987.735 0
-986.234 0
-984.733 0
-983.232 0
-981.731 0
-980.229 0
-978.728 0
-977.227 0
-975.726 0
-974.225 0
-972.724 0
-971.223 0
-969.722 0
-968.22 0
-966.719 0
-965.218 0
-963.717 0
-962.216 0
-960.715 0
-959.214 0
-957.713 0
-956.212 0
-954.71 0
-953.209 0
-951.708 0
-950.207 0
-948.706 0
-947.205 0
-945.704 0
-944.203 0
-942.701 0
-941.2 0
-939.699 0
-938.198 0
-936.697 0
-935.196 0
-933.695 0
-932.194 0
-930.693 0
-929.191 0
-927.69 0
-926.189 0
-924.688 0
-923.187 0
-921.686 0
-920.185 0
-918.684 0
-917.182 0
-915.681 0
-914.18 0
-912.679 0
-911.178 0
-909.677 0
-908.176 0
-906.675 0
-905.174 0
-903.672 0
-902.171 0
-900.67 0
-899.169 0
-897.668 0
-896.167 0
-894.666 0
-893.165 0
-891.663 0
-890.162 0
-888.661 0
-887.16 0
-885.659 0
-884.158 0
-882.657 0
-881.156 0
-879.655 0
-878.153 0
-876.652 0
-875.151 0
-873.65 0
-872.149 0
-870.648 0
-869.147 0
-867.646 0
-866.145 0
-864.643 0
-863.142 0
-861.641 0
-860.14 0
-858.639 0
-857.138 0
-855.637 0
-854.136 0
-852.634 0
-851.133 0
-849.632 0
-848.131 0
-846.63 0
-845.129 0
-843.628 0
-842.127 0
-840.626 0
-839.124 0
-837.623 0
-836.122 0
-834.621 0
-833.12 0
-831.619 0
-830.118 0
-828.617 0
-827.115 0
-825.614 0
-824.113 0
-822.612 0
-821.111 0
-819.61 0
-818.109 0
-816.608 0
-815.107 0
-813.605 0
-812.104 0
-810.603 0
-809.102 0
-807.601 0
-806.1 0
-804.599 0
-803.098 0
-801.596 0
-800.095 0
-798.594 0
-797.093 0
-795.592 0
-794.091 0
-792.59 0
-791.089 0
-789.588 0
-788.086 0
-786.585 0
-785.084 0
-783.583 0
-782.082 0
-780.581 0
-779.08 0
-777.579 0
-776.077 0
-774.576 0
-773.075 0
-771.574 0
-770.073 0
-768.572 0
-767.071 0
-765.57 0
-764.069 0
-762.567 0
-761.066 0
-759.565 0
-758.064 0
-756.563 0
-755.062 0
-753.561 0
-752.06 0
-750.558 0
-749.057 0
-747.556 0
-746.055 0
-744.554 0
-743.053 0
-741.552 0
-740.051 0
-738.55 0
-737.048 0
-735.547 0
-734.046 0
-732.545 0
-731.044 0
-729.543 0
-728.042 0
-726.541 0
-725.04 0
-723.538 0
-722.037 0
-720.536 0
-719.035 0
-717.534 0
-716.033 0
-714.532 0
-713.031 0
-711.529 0
-710.028 0
-708.527 0
-707.026 0
-705.525 0
-704.024 0
-702.523 0
-701.022 0
-699.521 0
-698.019 0
-696.518 0
-695.017 0
-693.516 0
-692.015 0
-690.514 0
-689.013 0
-687.512 0
-686.01 0
-684.509 0
-683.008 0
-681.507 0
-680.006 0
-678.505 0
-677.004 0
-675.503 0
-674.002 0
-672.5 0
-670.999 0
-669.498 0
-667.997 0
-666.496 0
-664.995 0
-663.494 0
-661.993 0
-660.491 0
-658.99 0
-657.489 0
-655.988 0
-654.487 0
-652.986 0
-651.485 0
-649.984 0
-648.483 0
-646.981 0
-645.48 0
-643.979 0
-642.478 0
-640.977 0
-639.476 0
-637.975 0
-636.474 0
-634.972 0
-633.471 0
-631.97 0
-630.469 0
-628.968 0
-627.467 0
-625.966 0
-624.465 0
-622.964 0
-621.462 0
-619.961 0
-618.46 0
-616.959 0
-615.458 0
-613.957 0
-612.456 0
-610.955 0
-609.453 0
-607.952 0
-606.451 0
-604.95 0
-603.449 0
-601.948 0
-600.447 0
-598.946 0
-597.445 0
-595.943 0
-594.442 0
-592.941 0
-591.44 0
-589.939 0
-588.438 0
-586.937 0
-585.436 0
-583.935 0
-582.433 0
-580.932 0
-579.431 0
-577.93 0
-576.429 0
-574.928 0
-573.427 0
-571.926 0
-570.424 0
-568.923 0
-567.422 0
-565.921 0
-564.42 0
-562.919 0
-561.418 0
-559.917 0
-558.416 0
-556.914 0
-555.413 0
-553.912 0
-552.411 0
-550.91 0
-549.409 0
-547.908 0
-546.407 0
-544.905 0
-543.404 0
-541.903 0
-540.402 0
-538.901 0
-537.4 0
-535.899 0
-534.398 0
-532.897 0
-531.395 0
-529.894 0
-528.393 0
-526.892 0
-525.391 0
-523.89 3.93751e-05
-522.389 4.16787e-05
-520.888 4.00333e-05
-519.386 3.97042e-05
-517.885 4.13496e-05
-516.384 4.33241e-05
-514.883 4.33241e-05
-513.382 4.46404e-05
-511.881 4.66149e-05
-510.38 4.56277e-05
-508.879 4.46404e-05
-507.378 4.43114e-05
-505.876 4.46404e-05
-504.375 4.43113e-05
-502.874 4.2995e-05
-501.373 4.23369e-05
-499.872 4.20078e-05
-498.371 4.46404e-05
-496.87 4.39823e-05
-495.369 4.2995e-05
-493.867 4.16787e-05
-492.366 4.13496e-05
-490.865 4.20078e-05
-489.364 0
-487.863 2.61855e-322
-486.362 4.29539e-05
-484.861 4.15028e-05
-483.36 4.15028e-05
-481.859 4.1793e-05
-480.357 4.38246e-05
-478.856 4.52757e-05
-477.355 4.52757e-05
-475.854 4.75976e-05
-474.353 4.96292e-05
-472.852 4.8178e-05
-471.351 4.90487e-05
-469.85 5.10803e-05
-468.349 5.04999e-05
-466.847 4.99194e-05
-465.346 4.8178e-05
-463.845 4.8178e-05
-462.344 4.93389e-05
-460.843 4.93389e-05
-459.342 5.13705e-05
-457.841 5.28217e-05
-456.34 5.36924e-05
-454.838 5.65947e-05
-453.337 5.8336e-05
-451.836 5.97872e-05
-450.335 6.03677e-05
-448.834 5.97872e-05
-447.333 6.00774e-05
-445.832 5.97872e-05
-444.331 6.12383e-05
-442.83 6.15286e-05
-441.328 6.29797e-05
-439.827 6.38504e-05
-438.326 6.38504e-05
-436.825 6.29797e-05
-435.324 6.38504e-05
-433.823 6.41406e-05
-432.322 6.47211e-05
-430.821 6.50113e-05
-429.319 6.67527e-05
-427.818 6.55918e-05
-426.317 6.53015e-05
-424.816 6.41406e-05
-423.315 6.35602e-05
-421.814 6.32699e-05
-420.313 6.44308e-05
-418.812 6.67527e-05
-417.311 6.41406e-05
-415.809 6.47211e-05
-414.308 6.76234e-05
-412.807 6.8494e-05
-411.306 7.08159e-05
-409.805 7.19768e-05
-408.304 7.13963e-05
-406.803 7.34279e-05
-405.302 7.28475e-05
-403.8 7.31377e-05
-402.299 7.42986e-05
-400.798 7.45888e-05
-399.297 7.57498e-05
-397.796 7.57498e-05
-396.295 7.72009e-05
-394.794 7.80716e-05
-393.293 8.01032e-05
-391.792 8.12641e-05
-390.29 8.24251e-05
-388.789 8.53274e-05
-387.288 8.44567e-05
-385.787 8.44567e-05
-384.286 8.59078e-05
-382.785 8.82297e-05
-381.284 9.14222e-05
-379.783 9.17124e-05
-378.281 9.08417e-05
-376.78 9.31636e-05
-375.279 9.43245e-05
-373.778 9.6356e-05
-372.277 9.80974e-05
-370.776 0.000100419
-369.275 0.00010158
-367.774 0.00010158
-366.273 0.000104482
-364.771 0.000105643
-363.27 0.000106804
-361.769 0.000108255
-360.268 0.000108546
-358.767 0.000109126
-357.266 0.000111738
-355.765 0.000112028
-354.264 0.00011435
-352.762 0.000116092
-351.261 0.000118413
-349.76 0.000120155
-348.259 0.000121026
-346.758 0.000124218
-345.257 0.00012683
-343.756 0.000129152
-342.255 0.000129732
-340.754 0.000131184
-339.252 0.000132925
-337.751 0.000135247
-336.25 0.000136698
-334.749 0.000140181
-333.248 0.000141051
-331.747 0.000141051
-330.246 0.000143083
-328.745 0.000143373
-327.244 0.000146275
-325.742 0.000148307
-324.241 0.000150339
-322.74 0.000151209
-321.239 0.000153531
-319.738 0.000154692
-318.237 0.000155273
-316.736 0.000154982
-315.235 0.000157594
-313.733 0.000159046
-312.232 0.000160497
-310.731 0.000161658
-309.23 0.00016427
-307.729 0.000165721
-306.228 0.000168913
-304.727 0.000173267
-303.226 0.000175589
-301.725 0.000178781
-300.223 0.000181103
-298.722 0.000182264
-297.221 0.000183425
-295.72 0.000186037
-294.219 0.000187198
-292.718 0.0001901
-291.217 0.000193292
-289.716 0.000197356
-288.214 0.000197646
-286.713 0.000201419
-285.212 0.000208675
-283.711 0.000211577
-282.21 0.000213608
-280.709 0.000217381
-279.208 0.000220864
-277.707 0.000224057
-276.206 0.000227249
-274.704 0.000230732
-273.203 0.000233634
-271.702 0.000235666
-270.201 0.000237698
-268.7 0.000241471
-267.199 0.000244083
-265.698 0.000247856
-264.197 0.000249307
-262.695 0.000251629
-261.194 0.000254821
-259.693 0.000258304
-258.192 0.000261787
-256.691 0.000267301
-255.19 0.000273396
-253.689 0.000281232
-252.188 0.000287327
-250.687 0.000293131
-249.185 0.000299516
-247.684 0.00030445
-246.183 0.000310255
-244.682 0.000316059
-243.181 0.000320413
-241.68 0.000327669
-240.179 0.000331442
-238.678 0.000340439
-237.176 0.000345663
-235.675 0.000352628
-234.174 0.000361045
-232.673 0.000368881
-231.172 0.000378168
-229.671 0.000386295
-228.17 0.000394421
-226.669 0.00040516
-225.168 0.000413576
-223.666 0.000423734
-222.165 0.000435053
-220.664 0.000444051
-219.163 0.000457691
-217.662 0.00046901
-216.161 0.000483522
-214.66 0.00049455
-213.159 0.000508191
-211.657 0.000525024
-210.156 0.000538955
-208.655 0.000556949
-207.154 0.000574073
-205.653 0.000590035
-204.152 0.000607449
-202.651 0.000627475
-201.15 0.00064634
-199.649 0.000666366
-198.147 0.000685521
-196.646 0.0007099
-195.145 0.000731957
-193.644 0.000753434
-192.143 0.000777523
-190.642 0.000800742
-189.141 0.000827443
-187.64 0.000854434
-186.139 0.000879974
-184.637 0.000908417
-183.136 0.00093802
-181.635 0.000968494
-180.134 0.00100071
-178.633 0.00103205
-177.132 0.00106398
-175.631 0.00109823
-174.13 0.00113247
-172.628 0.00116846
-171.127 0.001203
-169.626 0.00123928
-168.125 0.00127817
-166.624 0.00131561
-165.123 0.00135392
-163.622 0.00139542
-162.121 0.00143605
-160.62 0.00147494
-159.118 0.00151645
-157.617 0.00155476
-156.116 0.00159626
-154.615 0.00163167
-153.114 0.00166882
-151.613 0.00170655
-150.112 0.00174166
-148.611 0.00177562
-147.109 0.00181103
-145.608 0.00184673
-144.107 0.00188272
-142.606 0.00191464
-141.105 0.00194715
-139.604 0.0019811
-138.103 0.00201361
-136.602 0.00204466
-135.101 0.00207514
-133.599 0.00210474
-132.098 0.00213376
-130.597 0.00216192
-129.096 0.00218862
-127.595 0.002213
-126.094 0.00223651
-124.593 0.00226292
-123.092 0.00228584
-121.59 0.00230935
-120.089 0.00232938
-118.588 0.00235085
-117.087 0.00237146
-115.586 0.00239323
-114.085 0.00241122
-112.584 0.00243009
-111.083 0.00244779
-109.582 0.00246404
-108.08 0.00248233
-106.579 0.00249858
-105.078 0.00251454
-103.577 0.00253022
-102.076 0.00254328
-100.575 0.00255953
-99.0737 0.00257085
-97.5726 0.00258391
-96.0715 0.00259697
-94.5704 0.00260887
-93.0693 0.00262338
-91.5681 0.00263528
-90.067 0.00265095
-88.5659 0.00266372
-87.0648 0.0026791
-85.5637 0.00269216
-84.0626 0.00270784
-82.5614 0.00272351
-81.0603 0.00273773
-79.5592 0.00275601
-78.0581 0.00276966
-76.557 0.00278707
-75.0558 0.00280506
-73.5547 0.00282393
-72.0536 0.00283989
-70.5525 0.00285963
-69.0514 0.00288052
-67.5503 0.0028991
-66.0491 0.00292173
-64.548 0.00294118
-63.0469 0.00296498
-61.5458 0.00298559
-60.0447 0.00301054
-58.5436 0.00303434
-57.0424 0.00305756
-55.5413 0.00308223
-54.0402 0.0031098
-52.5391 0.00313621
-51.038 0.00316408
-49.5369 0.00319194
-48.0357 0.00321893
-46.5346 0.00324766
-45.0335 0.00327698
-43.5324 0.00330455
-42.0313 0.00333299
-40.5302 0.00336259
-39.029 0.00339104
-37.5279 0.00342093
-36.0268 0.0034514
-34.5257 0.00348217
-33.0246 0.00351206
-31.5235 0.00354399
-30.0223 0.00357417
-28.5212 0.00360232
-27.0201 0.00363163
-25.519 0.00366008
-24.0179 0.00368707
-22.5168 0.00371348
-21.0156 0.00373815
-19.5145 0.00376108
-18.0134 0.00378197
-16.5123 0.00380229
-15.0112 0.00382319
-13.5101 0.00383944
-12.0089 0.00385569
-10.5078 0.00386875
-9.0067 0.00388442
-7.50558 0.003894
-6.00447 0.00390474
-4.50335 0.00391287
-3.00223 0.00391896
-1.50112 0.00392186
0 0.00392332
1.50112 0.00392128
3.00223 0.00391896
4.50335 0.00391316
6.00447 0.00390445
7.50558 0.00389429
9.0067 0.00388384
10.5078 0.00386991
12.0089 0.00385424
13.5101 0.00383857
15.0112 0.00381912
16.5123 0.00379997
18.0134 0.00377675
19.5145 0.00375208
21.0156 0.00372538
22.5168 0.00369607
24.0179 0.00366269
25.519 0.00362989
27.0201 0.00359333
28.5212 0.00355589
30.0223 0.00351845
31.5235 0.00347723
33.0246 0.0034395
34.5257 0.00340003
36.0268 0.00335766
37.5279 0.003315
39.029 0.00327436
40.5302 0.00323141
42.0313 0.00318787
43.5324 0.00314231
45.0335 0.00309732
46.5346 0.00305292
48.0357 0.00300822
49.5369 0.00296527
51.038 0.00292115
52.5391 0.00287704
54.0402 0.00283147
55.5413 0.0027891
57.0424 0.00274557
58.5436 0.00270145
60.0447 0.0026585
61.5458 0.00261554
63.0469 0.00257375
64.548 0.00253312
66.0491 0.00249132
67.5503 0.00245127
69.0514 0.00241383
70.5525 0.00237669
72.0536 0.0023375
73.5547 0.00230326
75.0558 0.0022693
76.557 0.00223505
78.0581 0.00220255
79.5592 0.00217062
81.0603 0.00213899
82.5614 0.00210648
84.0626 0.00207804
85.5637 0.0020496
87.0648 0.0020197
88.5659 0.00199184
90.067 0.00196369
91.5681 0.00193554
93.0693 0.00191087
94.5704 0.00188591
96.0715 0.00186269
97.5726 0.00183802
99.0737 0.00181364
100.575 0.00179478
102.076 0.00177185
103.577 0.00174979
105.078 0.00172802
106.579 0.001708
108.08 0.00168507
109.582 0.00166417
111.083 0.00164415
112.584 0.00162383
114.085 0.00160642
115.586 0.00158697
117.087 0.00156811
118.588 0.00154982
120.089 0.00153241
121.59 0.00151412
123.092 0.00149468
124.593 0.00147552
126.094 0.00145724
127.595 0.00143547
129.096 0.00141603
130.597 0.00139513
132.098 0.00137511
133.599 0.00135653
135.101 0.00133621
136.602 0.00131706
138.103 0.00129558
139.604 0.0012773
141.105 0.00125495
142.606 0.00123637
144.107 0.00121403
145.608 0.00119342
147.109 0.00117369
148.611 0.0011525
150.112 0.00113247
151.613 0.00111216
153.114 0.00109126
154.615 0.00107182
156.116 0.00105121
157.617 0.0010306
159.118 0.00101
160.62 0.000990842
162.121 0.000967623
163.622 0.000949048
165.123 0.00092583
166.624 0.000904644
168.125 0.000885199
169.626 0.000866044
171.127 0.000844857
172.628 0.000825701
174.13 0.000806256
175.631 0.000788261
177.132 0.000770267
178.633 0.000753144
180.134 0.00073602
181.635 0.000718317
183.136 0.000700323
184.637 0.000685811
186.139 0.000666656
187.64 0.000648952
189.141 0.000635311
190.642 0.000617898
192.143 0.000600194
193.644 0.000585392
195.145 0.000569719
196.646 0.000554627
198.147 0.000541567
199.649 0.000524444
201.15 0.000512544
202.651 0.000499774
204.152 0.000487004
205.653 0.000477137
207.154 0.000464657
208.655 0.000455079
210.156 0.000444631
211.657 0.000436504
213.159 0.000427217
214.66 0.000417059
216.161 0.00040516
217.662 0.000397033
219.163 0.000387166
220.664 0.000378169
222.165 0.00036772
223.666 0.000358433
225.168 0.000348855
226.669 0.000342761
228.17 0.000335215
229.671 0.000328539
231.172 0.000320703
232.673 0.000315769
234.174 0.000311996
235.675 0.000305031
237.176 0.000300387
238.678 0.000296324
240.179 0.000290809
241.68 0.000285876
243.181 0.000281232
244.682 0.000277749
246.183 0.000273396
247.684 0.000268752
249.185 0.000264689
250.687 0.000260916
252.188 0.000254241
253.689 0.000249887
255.19 0.000249307
256.691 0.000244083
258.192 0.000241471
259.693 0.000236537
261.194 0.000233925
262.695 0.000231893
264.197 0.000229281
265.698 0.000226088
267.199 0.000223186
268.7 0.000221154
270.201 0.000217381
271.702 0.00021564
273.203 0.000213899
274.704 0.000210996
276.206 0.000207804
277.707 0.000206063
279.208 0.000201999
280.709 0.000199678
282.21 0.000196775
283.711 0.000194453
285.212 0.000192132
286.713 0.000187198
288.214 0.000185747
289.716 0.000184295
291.217 0.000183135
292.718 0.000179942
294.219 0.00017733
295.72 0.000175589
297.221 0.000172686
298.722 0.000172977
300.223 0.000170074
301.725 0.000168043
303.226 0.000165431
304.727 0.00016427
306.228 0.000160206
307.729 0.000157885
309.23 0.000154692
310.731 0.000152951
312.232 0.00015266
313.733 0.000151209
315.235 0.000148597
316.736 0.000147436
318.237 0.000146275
319.738 0.000145115
321.239 0.000142502
322.74 0.000141632
324.241 0.000138729
325.742 0.000136698
327.244 0.000134086
328.745 0.000133505
330.246 0.000131474
331.747 0.000129732
333.248 0.000128571
334.749 0.000128281
336.25 0.000125669
337.751 0.000123638
339.252 0.000121606
340.754 0.000121606
342.255 0.000122186
343.756 0.000119574
345.257 0.000117543
346.758 0.000118704
348.259 0.000116382
349.76 0.000115801
351.261 0.00011406
352.762 0.000112319
354.264 0.000111448
355.765 0.000109997
357.266 0.000107675
358.767 0.000107385
360.268 0.000105934
361.769 0.000103322
363.27 0.000100709
364.771 9.98388e-05
366.273 9.7517e-05
367.774 9.86779e-05
369.275 9.72267e-05
370.776 9.66463e-05
372.277 9.63561e-05
373.778 9.72267e-05
375.279 9.63561e-05
376.78 9.57756e-05
378.281 9.51951e-05
379.783 9.60658e-05
381.284 9.51951e-05
382.785 9.40342e-05
384.286 9.25831e-05
385.787 9.17124e-05
387.288 9.22929e-05
388.789 9.08417e-05
390.29 8.88101e-05
391.792 8.88101e-05
393.293 8.88101e-05
394.794 8.82297e-05
396.295 8.76492e-05
397.796 8.70687e-05
399.297 8.70687e-05
400.798 8.50371e-05
402.299 8.50371e-05
403.8 8.47469e-05
405.302 8.47469e-05
406.803 8.38762e-05
408.304 8.44567e-05
409.805 8.41665e-05
411.306 8.30055e-05
412.807 8.15544e-05
414.308 8.24251e-05
415.809 8.27153e-05
417.311 8.24251e-05
418.812 8.03935e-05
420.313 7.86521e-05
421.814 8.01032e-05
423.315 7.69107e-05
424.816 7.77814e-05
426.317 7.66205e-05
427.818 7.74912e-05
429.319 7.72009e-05
430.821 7.77814e-05
432.322 7.604e-05
433.823 7.72009e-05
435.324 7.54595e-05
436.825 7.604e-05
438.326 7.45888e-05
439.827 7.34279e-05
441.328 7.34279e-05
442.83 7.13963e-05
444.331 7.16866e-05
445.832 7.05256e-05
447.333 6.87843e-05
448.834 6.87843e-05
450.335 6.87843e-05
451.836 6.90745e-05
453.337 6.8494e-05
454.838 6.93647e-05
456.34 6.9655e-05
457.841 6.79136e-05
459.342 6.93647e-05
460.843 6.8494e-05
462.344 6.73331e-05
463.845 6.67527e-05
465.346 6.41406e-05
466.847 6.38504e-05
468.349 6.44309e-05
469.85 6.38504e-05
471.351 6.18188e-05
472.852 6.12383e-05
474.353 6.12383e-05
475.854 6.03676e-05
477.355 6.03677e-05
478.856 5.9497e-05
480.357 6.03677e-05
481.859 6.15286e-05
483.36 5.9497e-05
484.861 5.97872e-05
486.362 5.9497e-05
487.863 5.71751e-05
489.364 5.77556e-05
490.865 5.51435e-05
492.366 5.5724e-05
493.867 5.54338e-05
495.369 5.51435e-05
496.87 5.42728e-05
498.371 5.45631e-05
499.872 5.65947e-05
501.373 5.63044e-05
502.874 5.65947e-05
504.375 5.65947e-05
505.876 5.63044e-05
507.378 5.54338e-05
508.879 5.5724e-05
510.38 5.45631e-05
511.881 5.36924e-05
513.382 5.25315e-05
514.883 5.39826e-05
516.384 5.28217e-05
517.885 5.28217e-05
519.386 5.13705e-05
520.888 5.10803e-05
522.389 5.16608e-05
523.89 5.04999e-05
525.391 0
526.892 0
528.393 0
529.894 0
531.395 0
532.897 0
534.398 0
535.899 0
537.4 0
538.901 0
540.402 0
541.903 0
543.404 0
544.905 0
546.407 0
547.908 0
549.409 0
550.91 0
552.411 0
553.912 0
555.413 0
556.914 0
558.416 0
559.917 0
561.418 0
562.919 0
564.42 0
565.921 0
567.422 0
568.923 0
570.424 0
571.926 0
573.427 0
574.928 0
576.429 0
577.93 0
579.431 0
580.932 0
582.433 0
583.935 0
585.436 0
586.937 0
588.438 0
589.939 0
591.44 0
592.941 0
594.442 0
595.943 0
597.445 0
598.946 0
600.447 0
601.948 0
603.449 0
604.95 0
606.451 0
607.952 0
609.453 0
610.955 0
612.456 0
613.957 0
615.458 0
616.959 0
618.46 0
619.961 0
621.462 0
622.964 0
624.465 0
625.966 0
627.467 0
628.968 0
630.469 0
631.97 0
633.471 0
634.972 0
636.474 0
637.975 0
639.476 0
640.977 0
642.478 0
643.979 0
645.48 0
646.981 0
648.483 0
649.984 0
651.485 0
652.986 0
654.487 0
655.988 0
657.489 0
658.99 0
660.491 0
661.993 0
663.494 0
664.995 0
666.496 0
667.997 0
669.498 0
670.999 0
672.5 0
674.002 0
675.503 0
677.004 0
678.505 0
680.006 0
681.507 0
683.008 0
684.509 0
686.01 0
687.512 0
689.013 0
690.514 0
692.015 0
693.516 0
695.017 0
696.518 0
698.019 0
699.521 0
701.022 0
702.523 0
704.024 0
705.525 0
707.026 0
708.527 0
710.028 0
711.529 0
713.031 0
714.532 0
716.033 0
717.534 0
719.035 0
720.536 0
722.037 0
723.538 0
725.04 0
726.541 0
728.042 0
729.543 0
731.044 0
732.545 0
734.046 0
735.547 0
737.048 0
738.55 0
740.051 0
741.552 0
743.053 0
744.554 0
746.055 0
747.556 0
749.057 0
750.558 0
752.06 0
753.561 0
755.062 0
756.563 0
758.064 0
759.565 0
761.066 0
762.567 0
764.069 0
765.57 0
767.071 0
768.572 0
770.073 0
771.574 0
773.075 0
774.576 0
776.077 0
777.579 0
779.08 0
780.581 0
782.082 0
783.583 0
785.084 0
786.585 0
788.086 0
789.588 0
791.089 0
792.59 0
794.091 0
795.592 0
797.093 0
798.594 0
800.095 0
801.596 0
803.098 0
804.599 0
806.1 0
807.601 0
809.102 0
810.603 0
812.104 0
813.605 0
815.107 0
816.608 0
818.109 0
819.61 0
821.111 0
822.612 0
824.113 0
825.614 0
827.115 0
828.617 0
830.118 0
831.619 0
833.12 0
834.621 0
836.122 0
837.623 0
839.124 0
840.626 0
842.127 0
843.628 0
845.129 0
846.63 0
848.131 0
849.632 0
851.133 0
852.634 0
854.136 0
855.637 0
857.138 0
858.639 0
860.14 0
861.641 0
863.142 0
864.643 0
866.145 0
867.646 0
869.147 0
870.648 0
872.149 0
873.65 0
875.151 0
876.652 0
878.153 0
879.655 0
881.156 0
882.657 0
884.158 0
885.659 0
887.16 0
888.661 0
890.162 0
891.663 0
893.165 0
894.666 0
896.167 0
897.668 0
899.169 0
900.67 0
902.171 0
903.672 0
905.174 0
906.675 0
908.176 0
909.677 0
911.178 0
912.679 0
914.18 0
915.681 0
917.182 0
918.684 0
920.185 0
921.686 0
923.187 0
924.688 0
926.189 0
927.69 0
929.191 0
930.693 0
932.194 0
933.695 0
935.196 0
936.697 0
938.198 0
939.699 0
941.2 0
942.701 0
944.203 0
945.704 0
947.205 0
948.706 0
950.207 0
951.708 0
953.209 0
954.71 0
956.212 0
957.713 0
959.214 0
960.715 0
962.216 0
963.717 0
965.218 0
966.719 0
968.22 0
969.722 0
971.223 0
972.724 0
974.225 0
975.726 0
977.227 0
978.728 0
980.229 0
981.731 0
983.232 0
984.733 0
986.234 0
987.735 0
989.236 0
990.737 0
992.238 0
993.739 0
995.241 0
996.742 0
998.243 0
999.744 0
1001.25 0
1002.75 0
1004.25 0
1005.75 0
1007.25 0
1008.75 0
1010.25 0
1011.75 0
1013.25 0
1014.76 0
1016.26 0
1017.76 0
1019.26 0
1020.76 0
1022.26 0
1023.76 0
1025.26 0
1026.76 0
1028.27 0
1029.77 0
1031.27 0
1032.77 0
1034.27 0
1035.77 0
1037.27 0
1038.77 0
1040.27 0
1041.78 0
1043.28 0
1044.78 0
1046.28 0
1047.78 0
1049.28 0
1050.78 0
1052.28 0
1053.78 0
1055.29 0
1056.79 0
1058.29 0
1059.79 0
1061.29 0
1062.79 0
1064.29 0
1065.79 0
1067.29 0
1068.8 0
1070.3 0
1071.8 0
1073.3 0
1074.8 0
1076.3 0
1077.8 0
1079.3 0
1080.8 0
1082.31 0
1083.81 0
1085.31 0
1086.81 0
1088.31 0
1089.81 0
1091.31 0
1092.81 0
1094.31 0
1095.82 0
1097.32 0
1098.82 0
1100.32 0
1101.82 0
1103.32 0
1104.82 0
1106.32 0
1107.82 0
1109.33 0
1110.83 0
1112.33 0
1113.83 0
1115.33 0
1116.83 0
1118.33 0
1119.83 0
1121.33 0
1122.84 0
1124.34 0
1125.84 0
1127.34 0
1128.84 0
1130.34 0
1131.84 0
1133.34 0
1134.84 0
1136.35 0
1137.85 0
1139.35 0
1140.85 0
1142.35 0
1143.85 0
1145.35 0
1146.85 0
1148.35 0
1149.86 0
1151.36 0
1152.86 0
1154.36 0
1155.86 0
1157.36 0
1158.86 0
1160.36 0
1161.86 0
1163.37 0
1164.87 0
1166.37 0
1167.87 0
1169.37 0
1170.87 0
1172.37 0
1173.87 0
1175.37 0
1176.88 0
1178.38 0
1179.88 0
1181.38 0
1182.88 0
1184.38 0
1185.88 0
1187.38 0
1188.88 0
1190.39 0
1191.89 0
1193.39 0
1194.89 0
1196.39 0
1197.89 0
1199.39 0
1200.89 0
1202.39 0
1203.9 0
1205.4 0
1206.9 0
1208.4 0
1209.9 0
1211.4 0
1212.9 0
1214.4 0
1215.9 0
1217.41 0
1218.91 0
1220.41 0
1221.91 0
1223.41 0
1224.91 0
1226.41 0
1227.91 0
1229.41 0
1230.92 0
1232.42 0
1233.92 0
1235.42 0
1236.92 0
1238.42 0
1239.92 0
1241.42 0
1242.92 0
1244.43 0
1245.93 0
1247.43 0
1248.93 0
1250.43 0
1251.93 0
1253.43 0
1254.93 0
1256.43 0
1257.94 0
1259.44 0
1260.94 0
1262.44 0
1263.94 0
1265.44 0
1266.94 0
1268.44 0
1269.94 0
1271.45 0
1272.95 0
1274.45 0
1275.95 0
1277.45 0
1278.95 0
1280.45 0
1281.95 0
1283.46 0
1284.96 0
1286.46 0
1287.96 0
1289.46 0
1290.96 0
1292.46 0
1293.96 0
1295.46 0
1296.97 0
1298.47 0
1299.97 0
1301.47 0
1302.97 0
1304.47 0
1305.97 0
1307.47 0
1308.97 0
1310.48 0
1311.98 0
1313.48 0
1314.98 0
1316.48 0
1317.98 0
1319.48 0
1320.98 0
1322.48 0
1323.99 0
1325.49 0
1326.99 0
1328.49 0
1329.99 0
1331.49 0
1332.99 0
1334.49 0
1335.99 0
1337.5 0
1339 0
1340.5 0
1342 0
1343.5 0
1345 0
1346.5 0
1348 0
1349.5 0
1351.01 0
1352.51 0
1354.01 0
1355.51 0
1357.01 0
1358.51 0
1360.01 0
1361.51 0
1363.01 0
1364.52 0
1366.02 0
1367.52 0
1369.02 0
1370.52 0
1372.02 0
1373.52 0
1375.02 0
1376.52 0
1378.03 0
1379.53 0
1381.03 0
1382.53 0
1384.03 0
1385.53 0
1387.03 0
1388.53 0
1390.03 0
1391.54 0
1393.04 0
1394.54 0
1396.04 0
1397.54 0
1399.04 0
1400.54 0
1402.04 0
1403.54 0
1405.05 0
1406.55 0
1408.05 0
1409.55 0
1411.05 0
1412.55 0
1414.05 0
1415.55 0
1417.05 0
1418.56 0
1420.06 0
1421.56 0
1423.06 0
1424.56 0
1426.06 0
1427.56 0
1429.06 0
1430.56 0
1432.07 0
1433.57 0
1435.07 0
1436.57 0
1438.07 0
1439.57 0
1441.07 0
1442.57 0
1444.07 0
1445.58 0
1447.08 0
1448.58 0
1450.08 0
1451.58 0
1453.08 0
1454.58 0
1456.08 0
1457.58 0
1459.09 0
1460.59 0
1462.09 0
1463.59 0
1465.09 0
1466.59 0
1468.09 0
1469.59 0
1471.09 0
1472.6 0
1474.1 0
1475.6 0
1477.1 0
1478.6 0
1480.1 0
1481.6 0
1483.1 0
1484.6 0
1486.11 0
1487.61 0
1489.11 0
1490.61 0
1492.11 0
1493.61 0
1495.11 0
1496.61 0
1498.11 0
1499.62 0
1501.12 0
1502.62 0
1504.12 0
1505.62 0
1507.12 0
1508.62 0
1510.12 0
1511.62 0
1513.13 0
1514.63 0
1516.13 0
1517.63 0
1519.13 0
1520.63 0
1522.13 0
1523.63 0
1525.13 0
1526.64 0
1528.14 0
1529.64 0
1531.14 0
1532.64 0
1534.14 0
1535.64 0
1537.14 0
1538.64 0
1540.15 0
1541.65 0
1543.15 0
1544.65 0
1546.15 0
1547.65 0
1549.15 0
1550.65 0
1552.15 0
1553.66 0
1555.16 0
1556.66 0
1558.16 0
1559.66 0
1561.16 0
1562.66 0
1564.16 0
1565.67 0
1567.17 0
1568.67 0
1570.17 0
1571.67 0
1573.17 0
1574.67 0
