-1575.96 0
-1574.46 0
-1572.96 0
-1571.46 0
-1569.95 0
-1568.45 0
-1566.95 0
-1565.45 0
-1563.95 0
-1562.45 0
-1560.95 0
-1559.45 0
-1557.95 0
-1556.45 0
-1554.95 0
-1553.44 0
-1551.94 0
-1550.44 0
-1548.94 0
-1547.44 0
-1545.94 0
-1544.44 0
-1542.94 0
-1541.44 0
-1539.94 0
-1538.44 0
-1536.93 0
-1535.43 0
-1533.93 0
-1532.43 0
-1530.93 0
-1529.43 0
-1527.93 0
-1526.43 0
-1524.93 0
-1523.43 0
-1521.93 0
-1520.42 0
-1518.92 0
-1517.42 0
-1515.92 0
-1514.42 0
-1512.92 0
-1511.42 0
-1509.92 0
-1508.42 0
-1506.92 0
-1505.42 0
-1503.91 0
-1502.41 0
-1500.91 0
-1499.41 0
-1497.91 0
-1496.41 0
-1494.91 0
-1493.41 0
-1491.91 0
-1490.41 0
-1488.91 0
-1487.4 0
-1485.9 0
-1484.4 0
-1482.9 0
-1481.4 0
-1479.9 0
-1478.4 0
-1476.9 0
-1475.4 0
-1473.9 0
-1472.4 0
-1470.89 0
-1469.39 0
-1467.89 0
-1466.39 0
-1464.89 0
-1463.39 0
-1461.89 0
-1460.39 0
-1458.89 0
-1457.39 0
-1455.89 0
-1454.38 0
-1452.88 0
-1451.38 0
-1449.88 0
-1448.38 0
-1446.88 0
-1445.38 0
-1443.88 0
-1442.38 0
-1440.88 0
-1439.38 0
-1437.87 0
-1436.37 0
-1434.87 0
-1433.37 0
-1431.87 0
-1430.37 0
-1428.87 0
-1427.37 0
-1425.87 0
-1424.37 0
-1422.87 0
-1421.36 0
-1419.86 0
-1418.36 0
-1416.86 0
-1415.36 0
-1413.86 0
-1412.36 0
-1410.86 0
-1409.36 0
-1407.86 0
-1406.36 0
-1404.85 0
-1403.35 0
-1401.85 0
-1400.35 0
-1398.85 0
-1397.35 0
-1395.85 0
-1394.35 0
-1392.85 0
-1391.35 0
-1389.85 0
-1388.34 0
-1386.84 0
-1385.34 0
-1383.84 0
-1382.34 0
-1380.84 0
-1379.34 0
-1377.84 0
-1376.34 0
-1374.84 0
-1373.34 0
-1371.83 0
-1370.33 0
-1368.83 0
-1367.33 0
-1365.83 0
-1364.33 0
-1362.83 0
-1361.33 0
-1359.83 0
-1358.33 0
-1356.83 0
-1355.32 0
-1353.82 0
-1352.32 0
-1350.82 0
-1349.32 0
-1347.82 0
-1346.32 0
-1344.82 0
-1343.32 0
-1341.82 0
-1340.32 0
-1338.81 0
-1337.31 0
-1335.81 0
-1334.31 0
-1332.81 0
-1331.31 0
-1329.81 0
-1328.31 0
-1326.81 0
-1325.31 0
-1323.81 0
-1322.3 0
-1320.8 0
-1319.3 0
-1317.8 0
-1316.3 0
-1314.8 0
-1313.3 0
-1311.8 0
-1310.3 0
-1308.8 0
-1307.3 0
-1305.79 0
-1304.29 0
-1302.79 0
-1301.29 0
-1299.79 0
-1298.29 0
-1296.79 0
-1295.29 0
-1293.79 0
-1292.29 0
-1290.79 0
-1289.28 0
-1287.78 0
-1286.28 0
-1284.78 0
-1283.28 0
-1281.78 0
-1280.28 0
-1278.78 0
-1277.28 0
-1275.78 0
-1274.28 0
-1272.77 0
-1271.27 0
-1269.77 0
-1268.27 0
-1266.77 0
-1265.27 0
-1263.77 0
-1262.27 0
-1260.77 0
-1259.27 0
-1257.77 0
-1256.26 0
-1254.76 0
-1253.26 0
-1251.76 0
-1250.26 0
-1248.76 0
-1247.26 0
-1245.76 0
-1244.26 0
-1242.76 0
-1241.26 0
-1239.75 0
-1238.25 0
-1236.75 0
-1235.25 0
-1233.75 0
-1232.25 0
-1230.75 0
-1229.25 0
-1227.75 0
-1226.25 0
-1224.74 0
-1223.24 0
-1221.74 0
-1220.24 0
-1218.74 0
-1217.24 0
-1215.74 0
-1214.24 0
-1212.74 0
-1211.24 0
-1209.74 0
-1208.23 0
-1206.73 0
-1205.23 0
-1203.73 0
-1202.23 0
-1200.73 0
-1199.23 0
-1197.73 0
-1196.23 0
-1194.73 0
-1193.23 0
-1191.72 0
-1190.22 0
-1188.72 0
-1187.22 0
-1185.72 0
-1184.22 0
-1182.72 0
-1181.22 0
-1179.72 0
-1178.22 0
-1176.72 0
-1175.21 0
-1173.71 0
-1172.21 0
-1170.71 0
-1169.21 0
-1167.71 0
-1166.21 0
-1164.71 0
-1163.21 0
-1161.71 0
-1160.21 0
-1158.7 0
-1157.2 0
-1155.7 0
-1154.2 0
-1152.7 0
-1151.2 0
-1149.7 0
-1148.2 0
-1146.7 0
-1145.2 0
-1143.7 0
-1142.19 0
-1140.69 0
-1139.19 0
-1137.69 0
-1136.19 0
-1134.69 0
-1133.19 0
-1131.69 0
-1130.19 0
-1128.69 0
-1127.19 0
-1125.68 0
-1124.18 0
-1122.68 0
-1121.18 0
-1119.68 0
-1118.18 0
-1116.68 0
-1115.18 0
-1113.68 0
-1112.18 0
-1110.68 0
-1109.17 0
-1107.67 0
-1106.17 0
-1104.67 0
-1103.17 0
-1101.67 0
-1100.17 0
-1098.67 0
-1097.17 0
-1095.67 0
-1094.17 0
-1092.66 0
-1091.16 0
-1089.66 0
-1088.16 0
-1086.66 0
-1085.16 0
-1083.66 0
-1082.16 0
-1080.66 0
-1079.16 0
-1077.66 0
-1076.15 0
-1074.65 0
-1073.15 0
-1071.65 0
-1070.15 0
-1068.65 0
-1067.15 0
-1065.65 0
-1064.15 0
-1062.65 0
-1061.15 0
-1059.64 0
-1058.14 0
-1056.64 0
-1055.14 0
-1053.64 0
-1052.14 0
-1050.64 0
-1049.14 0
-1047.64 0
-1046.14 0
-1044.64 0
-1043.13 0
-1041.63 0
-1040.13 0
-1038.63 0
-1037.13 0
-1035.63 0
-1034.13 0
-1032.63 0
-1031.13 0
-1029.63 0
-1028.13 0
-1026.62 0
-1025.12 0
-1023.62 0
-1022.12 0
-1020.62 0
-1019.12 0
-1017.62 0
-1016.12 0
-1014.62 0
-1013.12 0
-1011.62 0
-1010.11 0
-1008.61 0
-1007.11 0
-1005.61 0
-1004.11 0
-1002.61 0
-1001.11 0
-999.608 0
-998.107 0
-996.606 0
-995.105 0
-993.604 0
-992.103 0
-990.603 0
-989.102 0
-987.601 0
-986.1 0
-984.599 0
-983.098 0
-981.597 0
-980.096 0
-978.595 0
-977.094 0
-975.593 0
-974.093 0
-972.592 0
-971.091 0
-969.59 0
-968.089 0
-966.588 0
-965.087 0
-963.586 0
-962.085 0
-960.584 0
-959.083 0
-957.582 0
-956.082 0
-954.581 0
-953.08 0
-951.579 0
-950.078 0
-948.577 0
-947.076 0
-945.575 0
-944.074 0
-942.573 0
-941.072 0
-939.572 0
-938.071 0
-936.57 0
-935.069 0
-933.568 0
-932.067 0
-930.566 0
-929.065 0
-927.564 0
-926.063 0
-924.562 0
-923.061 0
-921.561 0
-920.06 0
-918.559 0
-917.058 0
-915.557 0
-914.056 0
-912.555 0
-911.054 0
-909.553 0
-908.052 0
-906.551 0
-905.051 0
-903.55 0
-902.049 0
-900.548 0
-899.047 0
-897.546 0
-896.045 0
-894.544 0
-893.043 0
-891.542 0
-890.041 0
-888.54 0
-887.04 0
-885.539 0
-884.038 0
-882.537 0
-881.036 0
-879.535 0
-878.034 0
-876.533 0
-875.032 0
-873.531 0
-872.03 0
-870.53 0
-869.029 0
-867.528 0
-866.027 0
-864.526 0
-863.025 0
-861.524 0
-860.023 0
-858.522 0
-857.021 0
-855.52 0
-854.019 0
-852.519 0
-851.018 0
-849.517 0
-848.016 0
-846.515 0
-845.014 0
-843.513 0
-842.012 0
-840.511 0
-839.01 0
-837.509 0
-836.009 0
-834.508 0
-833.007 0
-831.506 0
-830.005 0
-828.504 0
-827.003 0
-825.502 0
-824.001 0
-822.5 0
-820.999 0
-819.498 0
-817.998 0
-816.497 0
-814.996 0
-813.495 0
-811.994 0
-810.493 0
-808.992 0
-807.491 0
-805.99 0
-804.489 0
-802.988 0
-801.488 0
-799.987 0
-798.486 0
-796.985 0
-795.484 0
-793.983 0
-792.482 0
-790.981 0
-789.48 0
-787.979 0
-786.478 0
-784.977 0
-783.477 0
-781.976 0
-780.475 0
-778.974 0
-777.473 0
-775.972 0
-774.471 0
-772.97 0
-771.469 0
-769.968 0
-768.467 0
-766.967 0
-765.466 0
-763.965 0
-762.464 0
-760.963 0
-759.462 0
-757.961 0
-756.46 0
-754.959 0
-753.458 0
-751.957 0
-750.456 0
-748.956 0
-747.455 0
-745.954 0
-744.453 0
-742.952 0
-741.451 0
-739.95 0
-738.449 0
-736.948 0
-735.447 0
-733.946 0
-732.446 0
-730.945 0
-729.444 0
-727.943 0
-726.442 0
-724.941 0
-723.44 0
-721.939 0
-720.438 0
-718.937 0
-717.436 0
-715.935 0
-714.435 0
-712.934 0
-711.433 0
-709.932 0
-708.431 0
-706.93 0
-705.429 0
-703.928 0
-702.427 0
-700.926 0
-699.425 0
-697.925 0
-696.424 0
-694.923 0
-693.422 0
-691.921 0
-690.42 0
-688.919 0
-687.418 0
-685.917 0
-684.416 0
-682.915 0
-681.414 0
-679.914 0
-678.413 0
-676.912 0
-675.411 0
-673.91 0
-672.409 0
-670.908 0
-669.407 0
-667.906 0
-666.405 0
-664.904 0
-663.404 0
-661.903 0
-660.402 0
-658.901 0
-657.4 0
-655.899 0
-654.398 0
-652.897 0
-651.396 0
-649.895 0
-648.394 0
-646.893 0
-645.393 0
-643.892 0
-642.391 0
-640.89 0
-639.389 0
-637.888 0
-636.387 0
-634.886 0
-633.385 0
-631.884 0
-630.383 0
-628.883 0
-627.382 0
-625.881 0
-624.38 0
-622.879 0
-621.378 0
-619.877 0
-618.376 0
-616.875 0
-615.374 0
-613.873 0
-612.372 0
-610.872 0
-609.371 0
-607.87 0
-606.369 0
-604.868 0
-603.367 0
-601.866 0
-600.365 0
-598.864 0
-597.363 0
-595.862 0
-594.362 0
-592.861 0
-591.36 0
-589.859 0
-588.358 0
-586.857 0
-585.356 0
-583.855 0
-582.354 0
-580.853 0
-579.352 0
-577.851 0
-576.351 0
-574.85 0
-573.349 0
-571.848 0
-570.347 0
-568.846 0
-567.345 0
-565.844 0
-564.343 0
-562.842 0
-561.341 0
-559.841 0
-558.34 0
-556.839 0
-555.338 0
-553.837 0
-552.336 0
-550.835 0
-549.334 0
-547.833 0
-546.332 0
-544.831 0
-543.33 0
-541.83 0
-540.329 0
-538.828 0
-537.327 0
-535.826 0
-534.325 0
-532.824 0
-531.323 0
-529.822 0
-528.321 0
-526.82 0
-525.32 3.84805e-05
-523.819 4.01825e-05
-522.318 3.93315e-05
-520.817 3.84805e-05
-519.316 3.81968e-05
-517.815 3.84805e-05
-516.314 3.81968e-05
-514.813 3.70621e-05
-513.312 3.64948e-05
-511.811 3.62111e-05
-510.31 3.84805e-05
-508.809 3.79131e-05
-507.309 3.70621e-05
-505.808 3.59274e-05
-504.307 3.56438e-05
-502.806 3.62111e-05
-501.305 0
-499.804 2.2727e-322
-498.303 1.61974e-05
-496.802 1.4809e-05
-495.301 1.43462e-05
-493.8 1.52718e-05
-492.299 1.4809e-05
-490.799 1.4809e-05
-489.298 1.20323e-05
-487.797 1.20323e-05
-486.296 1.29579e-05
-484.795 1.43462e-05
-483.294 1.52718e-05
-481.793 1.57346e-05
-480.292 1.80485e-05
-478.791 1.61974e-05
-477.29 1.66601e-05
-475.789 1.75857e-05
-474.288 1.80485e-05
-472.788 1.80485e-05
-471.287 1.61974e-05
-469.786 1.4809e-05
-468.285 1.71229e-05
-466.784 1.61974e-05
-465.283 1.34207e-05
-463.782 1.24951e-05
-462.281 1.34207e-05
-460.78 1.43462e-05
-459.279 1.52718e-05
-457.778 1.61974e-05
-456.278 1.52718e-05
-454.777 1.98996e-05
-453.276 2.1288e-05
-451.775 2.22135e-05
-450.274 2.36019e-05
-448.773 2.31391e-05
-447.272 2.45274e-05
-445.771 2.40647e-05
-444.27 2.1288e-05
-442.769 2.22135e-05
-441.268 1.75857e-05
-439.767 1.43462e-05
-438.267 1.29579e-05
-436.766 1.15695e-05
-435.265 1.11068e-05
-433.764 1.01812e-05
-432.263 9.71842e-06
-430.762 9.71842e-06
-429.261 1.34207e-05
-427.76 1.24951e-05
-426.259 1.61974e-05
-424.758 1.34207e-05
-423.257 1.38835e-05
-421.757 1.61974e-05
-420.256 1.38834e-05
-418.755 1.4809e-05
-417.254 1.4809e-05
-415.753 1.29579e-05
-414.252 1.43462e-05
-412.751 1.43462e-05
-411.25 1.61974e-05
-409.749 1.66601e-05
-408.248 1.57346e-05
-406.747 1.38834e-05
-405.246 1.01812e-05
-403.746 1.24951e-05
-402.245 1.52718e-05
-400.744 1.24951e-05
-399.243 1.0644e-05
-397.742 1.61974e-05
-396.241 1.71229e-05
-394.74 1.75857e-05
-393.239 2.08252e-05
-391.738 1.98996e-05
-390.237 1.85113e-05
-388.736 2.03624e-05
-387.236 1.75857e-05
-385.735 1.43462e-05
-384.234 1.29579e-05
-382.733 1.24951e-05
-381.232 1.0644e-05
-379.731 1.24951e-05
-378.23 1.20323e-05
-376.729 1.15696e-05
-375.228 1.29579e-05
-373.727 1.29579e-05
-372.226 1.29579e-05
-370.725 1.43462e-05
-369.225 1.52718e-05
-367.724 1.4809e-05
-366.223 1.11068e-05
-364.722 8.33008e-06
-363.221 6.94174e-06
-361.72 1.11068e-05
-360.219 1.20323e-05
-358.718 1.43462e-05
-357.217 1.61974e-05
-355.716 1.80485e-05
-354.215 1.85113e-05
-352.715 2.36019e-05
-351.214 2.5453e-05
-349.713 2.59158e-05
-348.212 2.5453e-05
-346.711 2.5453e-05
-345.21 2.5453e-05
-343.709 2.59158e-05
-342.208 2.17507e-05
-340.707 2.17507e-05
-339.206 1.98996e-05
-337.705 2.08252e-05
-336.205 1.85113e-05
-334.704 1.94368e-05
-333.203 2.36019e-05
-331.702 2.36019e-05
-330.201 2.40647e-05
-328.7 2.31391e-05
-327.199 2.49902e-05
-325.698 2.26763e-05
-324.197 2.49902e-05
-322.696 2.40647e-05
-321.195 2.9618e-05
-319.694 2.68413e-05
-318.194 2.86925e-05
-316.693 3.00808e-05
-315.192 2.9618e-05
-313.691 2.91553e-05
-312.19 3.14692e-05
-310.689 3.05436e-05
-309.188 3.51714e-05
-307.687 3.56342e-05
-306.186 3.79481e-05
-304.685 4.30387e-05
-303.184 4.39643e-05
-301.684 4.62782e-05
-300.183 4.72037e-05
-298.682 4.76665e-05
-297.181 4.81293e-05
-295.68 4.95176e-05
-294.179 5.04432e-05
-292.678 5.41455e-05
-291.177 5.73849e-05
-289.676 6.01616e-05
-288.175 6.24755e-05
-286.674 6.20128e-05
-285.173 6.61778e-05
-283.673 6.71034e-05
-282.172 6.71034e-05
-280.671 6.5715e-05
-279.17 6.61778e-05
-277.669 7.08056e-05
-276.168 6.94173e-05
-274.667 7.17312e-05
-273.166 7.35823e-05
-271.665 7.31195e-05
-270.164 7.54334e-05
-268.663 7.86729e-05
-267.163 8.00612e-05
-265.662 8.14496e-05
-264.161 8.14496e-05
-262.66 8.09868e-05
-261.159 8.46891e-05
-259.658 8.19124e-05
-258.157 8.33007e-05
-256.656 8.60774e-05
-255.155 8.51519e-05
-253.654 8.65402e-05
-252.153 8.60775e-05
-250.652 8.60774e-05
-249.152 8.46891e-05
-247.651 8.56147e-05
-246.15 8.60774e-05
-244.649 8.51519e-05
-243.148 8.56147e-05
-241.647 9.16308e-05
-240.146 9.30192e-05
-238.645 9.62587e-05
-237.144 9.71842e-05
-235.643 0.000101812
-234.142 0.000106903
-232.642 0.000111068
-231.141 0.000113844
-229.64 0.000117084
-228.139 0.000122637
-226.638 0.000128191
-225.137 0.000129116
-223.636 0.000137446
-222.135 0.000145776
-220.634 0.00015133
-219.133 0.000158734
-217.632 0.000170767
-216.131 0.000180485
-214.631 0.000189278
-213.13 0.000203624
-211.629 0.000216119
-210.128 0.000226763
-208.627 0.000240647
-207.126 0.000255919
-205.625 0.000271653
-204.124 0.000290164
-202.623 0.000309138
-201.122 0.000329964
-199.621 0.000348938
-198.121 0.000373465
-196.62 0.000396142
-195.119 0.000421132
-193.618 0.000451213
-192.117 0.000479905
-190.616 0.0005123
-189.115 0.000550711
-187.614 0.000589584
-186.113 0.000629384
-184.612 0.000673811
-183.111 0.000719163
-181.61 0.000768681
-180.11 0.000819124
-178.609 0.000871418
-177.108 0.000925101
-175.607 0.00098156
-174.106 0.00104265
-172.605 0.0011005
-171.104 0.00116019
-169.603 0.00123054
-168.102 0.00129255
-166.601 0.00136104
-165.1 0.0014337
-163.6 0.00150265
-162.099 0.00157485
-160.598 0.00164704
-159.097 0.00172201
-157.596 0.00178819
-156.095 0.00185391
-154.594 0.00191731
-153.093 0.00197932
-151.592 0.00203578
-150.091 0.00208344
-148.59 0.00213204
-147.089 0.00217693
-145.589 0.00221534
-144.088 0.00224634
-142.587 0.00227596
-141.086 0.00230373
-139.585 0.0023264
-138.084 0.0023463
-136.583 0.00236204
-135.082 0.0023787
-133.581 0.00238981
-132.08 0.0024023
-130.579 0.00240971
-129.079 0.00241202
-127.578 0.00241156
-126.077 0.00240924
-124.576 0.002406
-123.075 0.00239675
-121.574 0.0023861
-120.073 0.00237407
-118.572 0.00236482
-117.071 0.0023463
-115.57 0.00232918
-114.069 0.00231622
-112.568 0.00230373
-111.068 0.00228568
-109.567 0.00226624
-108.066 0.00225236
-106.565 0.00223246
-105.064 0.00221626
-103.563 0.00219914
-102.062 0.00218248
-100.561 0.00216628
-99.0603 0.00215101
-97.5593 0.00213574
-96.0584 0.00212324
-94.5575 0.00210936
-93.0566 0.00209825
-91.5557 0.00209039
-90.0548 0.00208576
-88.5539 0.00208067
-87.053 0.00207789
-85.552 0.00207974
-84.0511 0.00208437
-82.5502 0.00208715
-81.0493 0.00209594
-79.5484 0.00210843
-78.0475 0.00212278
-76.5466 0.00214037
-75.0456 0.00216675
-73.5447 0.0021885
-72.0438 0.00222182
-70.5429 0.00225467
-69.042 0.00229077
-67.5411 0.00233381
-66.0402 0.00238148
-64.5393 0.00243192
-63.0383 0.00248421
-61.5374 0.0025379
-60.0365 0.00260592
-58.5356 0.00267118
-57.0347 0.00274013
-55.5338 0.00282065
-54.0329 0.00289701
-52.532 0.00298402
-51.031 0.00307102
-49.5301 0.00316496
-48.0292 0.00325659
-46.5283 0.00335609
-45.0274 0.00345559
-43.5265 0.00356018
-42.0256 0.00366662
-40.5246 0.00377213
-39.0237 0.00388598
-37.5228 0.00399381
-36.0219 0.00410534
-34.521 0.00421779
-33.0201 0.00433118
-31.5192 0.00444132
-30.0183 0.00454915
-28.5173 0.0046542
-27.0164 0.00475879
-25.5155 0.00485875
-24.0146 0.00495547
-22.5137 0.0050508
-21.0128 0.00514197
-19.5119 0.00522759
-18.011 0.00530858
-16.51 0.0053854
-15.0091 0.00545898
-13.5082 0.00552192
-12.0073 0.00558717
-10.5064 0.005639
-9.00548 0.00568667
-7.50456 0.00572832
-6.00365 0.00576349
-4.50274 0.00578617
-3.00183 0.00580375
-1.50091 0.00581671
0 0.0058218
1.50091 0.00581856
3.00183 0.00581116
4.50274 0.0057908
6.00365 0.00576673
7.50456 0.0057385
9.00548 0.0057024
10.5064 0.00565752
12.0073 0.00560615
13.5082 0.00554876
15.0091 0.00548675
16.51 0.00541548
18.011 0.00533773
19.5119 0.00525536
21.0128 0.0051591
22.5137 0.00506376
24.0146 0.00496334
25.5155 0.00485736
27.0164 0.00474907
28.5173 0.00463846
30.0183 0.00451999
31.5192 0.00440059
33.0201 0.00428166
34.521 0.00416087
36.0219 0.00403361
37.5228 0.00390866
39.0237 0.00378232
40.5246 0.00365736
42.0256 0.00353797
43.5265 0.00341718
45.0274 0.00329593
46.5283 0.00318301
48.0292 0.00306917
49.5301 0.00295949
51.031 0.00285583
52.532 0.00275355
54.0329 0.00265683
55.5338 0.00256057
57.0347 0.00247264
58.5356 0.00238286
60.0365 0.00230373
61.5374 0.00222922
63.0383 0.00215564
64.5393 0.00208992
66.0402 0.00202282
67.5411 0.00196266
69.042 0.00190759
70.5429 0.00185807
72.0438 0.00180948
73.5447 0.00176227
75.0456 0.00172386
76.5466 0.00168638
78.0475 0.00165306
79.5484 0.00161974
81.0493 0.00159058
82.5502 0.00156606
84.0511 0.00153736
85.552 0.00151561
87.053 0.00149571
88.5539 0.00147581
90.0548 0.00146285
91.5557 0.00144527
93.0566 0.00143601
94.5575 0.00142722
96.0584 0.00141611
97.5593 0.00141241
99.0603 0.00140778
100.561 0.0014013
102.062 0.00139436
103.563 0.00138881
105.064 0.00138557
106.565 0.00138187
108.066 0.00138187
109.567 0.0013777
111.068 0.00138002
112.568 0.0013814
114.069 0.00138279
115.57 0.00138326
117.071 0.00138464
118.572 0.0013865
120.073 0.00138742
121.574 0.00138742
123.075 0.00138742
124.576 0.00138511
126.077 0.00138372
127.578 0.00138372
129.079 0.00138048
130.579 0.0013777
132.08 0.00137169
133.581 0.00136706
135.082 0.00136012
136.583 0.00134994
138.084 0.00134022
139.585 0.00133096
141.086 0.00131847
142.587 0.00130551
144.088 0.00128885
145.589 0.00127265
147.089 0.00125645
148.59 0.00123193
150.091 0.00121018
151.592 0.00118611
153.093 0.00116297
154.594 0.00113567
156.095 0.00110559
157.596 0.00107643
159.097 0.00104635
160.598 0.00101303
162.099 0.000982023
163.6 0.000947777
165.1 0.000913068
166.601 0.000880211
168.102 0.000844114
169.603 0.000807091
171.104 0.000776085
172.605 0.000741377
174.106 0.000710833
175.607 0.000683992
177.108 0.000653911
178.609 0.000633086
180.11 0.000607633
181.61 0.000582643
183.111 0.000560892
184.612 0.000533125
186.113 0.000514151
187.614 0.000488698
189.115 0.000464633
190.616 0.000443808
192.117 0.000421132
193.618 0.000404934
195.119 0.000385498
196.62 0.000365135
198.121 0.000351252
199.621 0.000337368
201.122 0.000322559
202.623 0.000310527
204.124 0.000297569
205.625 0.000285074
207.126 0.000276281
208.627 0.000263786
210.128 0.000253605
211.629 0.000244349
213.13 0.000234168
214.631 0.000227689
216.131 0.00021797
217.632 0.000211954
219.133 0.000206401
220.634 0.000199922
222.135 0.000195757
223.636 0.000190666
225.137 0.000187427
226.638 0.000180948
228.139 0.000177245
229.64 0.000172155
231.141 0.000166602
232.642 0.000163362
234.142 0.000161048
235.643 0.000158734
237.144 0.000152718
238.645 0.000152718
240.146 0.00014809
241.647 0.000146702
243.148 0.000144851
244.649 0.000141148
246.15 0.000139297
247.651 0.000137446
249.152 0.00013467
250.652 0.000132356
252.153 0.000133744
253.654 0.000128653
255.155 0.000129579
256.656 0.000128191
258.157 0.000126339
259.658 0.000130504
261.159 0.000127728
262.66 0.000126339
264.161 0.000123563
265.662 0.000122174
267.163 0.000118009
268.663 0.000116621
270.164 0.000117547
271.665 0.000115695
273.166 0.000112919
274.667 0.00011153
276.168 0.000109679
277.669 0.000106903
279.17 0.000107365
280.671 0.000107365
282.172 0.000105977
283.673 0.00010644
285.173 0.000101812
286.674 0.000102275
288.175 0.000105051
289.676 0.000103663
291.177 0.00010644
292.678 0.000104126
294.179 0.0001032
295.68 0.000100886
297.181 0.000100424
298.682 9.90353e-05
300.183 9.71842e-05
301.684 9.25564e-05
303.184 9.07053e-05
304.685 8.7003e-05
306.186 8.7003e-05
307.687 8.60775e-05
309.188 8.83914e-05
310.689 8.79286e-05
312.19 8.83914e-05
313.691 8.74658e-05
315.192 8.7003e-05
316.693 8.79286e-05
318.194 8.37635e-05
319.694 7.86729e-05
321.195 7.40451e-05
322.696 7.03428e-05
324.197 6.89545e-05
325.698 6.84917e-05
327.199 6.71034e-05
328.7 6.43267e-05
330.201 6.20128e-05
331.702 6.52522e-05
333.203 6.29383e-05
334.704 6.20128e-05
336.205 6.29383e-05
337.705 6.43267e-05
339.206 6.20128e-05
340.707 5.87733e-05
342.208 5.83105e-05
343.709 5.73849e-05
345.21 5.55338e-05
346.711 5.46083e-05
348.212 5.36827e-05
349.713 5.46083e-05
351.214 5.22943e-05
352.715 5.0906e-05
354.215 5.0906e-05
355.716 4.85921e-05
357.217 4.99804e-05
358.718 5.04432e-05
360.219 5.27571e-05
361.72 5.46083e-05
363.221 5.55338e-05
364.722 5.96988e-05
366.223 5.78477e-05
367.724 5.96988e-05
369.225 6.155e-05
370.725 5.87733e-05
372.226 5.64594e-05
373.727 5.64594e-05
375.228 5.32199e-05
376.729 5.13688e-05
378.23 5.04432e-05
379.731 4.81293e-05
381.232 4.72037e-05
382.733 4.81293e-05
384.234 4.6741e-05
385.735 4.62782e-05
387.236 4.72038e-05
388.736 4.72038e-05
390.237 4.99804e-05
391.738 5.0906e-05
393.239 5.13688e-05
394.74 5.18316e-05
396.241 5.46083e-05
397.742 5.55338e-05
399.243 5.5071e-05
400.744 5.46083e-05
402.245 5.41455e-05
403.746 5.32199e-05
405.246 5.5071e-05
406.747 5.04432e-05
408.248 5.18316e-05
409.749 5.13688e-05
411.25 5.22943e-05
412.751 5.0906e-05
414.252 5.18316e-05
415.753 5.0906e-05
417.254 5.04432e-05
418.755 5.04432e-05
420.256 4.81293e-05
421.757 4.53526e-05
423.257 4.35015e-05
424.758 4.39643e-05
426.259 4.39643e-05
427.76 4.44271e-05
429.261 4.30387e-05
430.762 4.30387e-05
432.263 4.62782e-05
433.764 4.62782e-05
435.265 4.62782e-05
436.766 4.44271e-05
438.267 4.76665e-05
439.767 4.44271e-05
441.268 4.58154e-05
442.769 4.95177e-05
444.27 4.53526e-05
445.771 4.44271e-05
447.272 4.35015e-05
448.773 4.07248e-05
450.274 3.65598e-05
451.775 3.28575e-05
453.276 3.42459e-05
454.777 3.10064e-05
456.278 2.91553e-05
457.778 2.77669e-05
459.279 3.05436e-05
460.78 3.10064e-05
462.281 3.10064e-05
463.782 3.05436e-05
465.283 2.9618e-05
466.784 3.10064e-05
468.285 3.00808e-05
469.786 3.10064e-05
471.287 3.28575e-05
472.788 3.1932e-05
474.288 3.33203e-05
475.789 3.00808e-05
477.29 2.9618e-05
478.791 3.10064e-05
480.292 3.23947e-05
481.793 3.10064e-05
483.294 2.86925e-05
484.795 2.68413e-05
486.296 2.59158e-05
487.797 2.40647e-05
489.298 2.17507e-05
490.799 2.1288e-05
492.299 2.1288e-05
493.8 1.89741e-05
495.301 2.31391e-05
496.802 2.17507e-05
498.303 2.31391e-05
499.804 2.49902e-05
501.305 2.49902e-05
502.806 2.77669e-05
504.307 3.00808e-05
505.808 3.1932e-05
507.309 3.14692e-05
508.809 3.28575e-05
510.31 3.10064e-05
511.811 3.14692e-05
513.312 3.00808e-05
514.813 2.77669e-05
516.314 2.73041e-05
517.815 2.63786e-05
519.316 2.73041e-05
520.817 2.40647e-05
522.318 2.49902e-05
523.819 2.45274e-05
525.32 2.82297e-05
526.82 0
528.321 0
529.822 0
531.323 0
532.824 0
534.325 0
535.826 0
537.327 0
538.828 0
540.329 0
541.83 0
543.33 0
544.831 0
546.332 0
547.833 0
549.334 0
550.835 0
552.336 0
553.837 0
555.338 0
556.839 0
558.34 0
559.841 0
561.341 0
562.842 0
564.343 0
565.844 0
567.345 0
568.846 0
570.347 0
571.848 0
573.349 0
574.85 0
576.351 0
577.851 0
579.352 0
580.853 0
582.354 0
583.855 0
585.356 0
586.857 0
588.358 0
589.859 0
591.36 0
592.861 0
594.362 0
595.862 0
597.363 0
598.864 0
600.365 0
601.866 0
603.367 0
604.868 0
606.369 0
607.87 0
609.371 0
610.872 0
612.372 0
613.873 0
615.374 0
616.875 0
618.376 0
619.877 0
621.378 0
622.879 0
624.38 0
625.881 0
627.382 0
628.883 0
630.383 0
631.884 0
633.385 0
634.886 0
636.387 0
637.888 0
639.389 0
640.89 0
642.391 0
643.892 0
645.393 0
646.893 0
648.394 0
649.895 0
651.396 0
652.897 0
654.398 0
655.899 0
657.4 0
658.901 0
660.402 0
661.903 0
663.404 0
664.904 0
666.405 0
667.906 0
669.407 0
670.908 0
672.409 0
673.91 0
675.411 0
676.912 0
678.413 0
679.914 0
681.414 0
682.915 0
684.416 0
685.917 0
687.418 0
688.919 0
690.42 0
691.921 0
693.422 0
694.923 0
696.424 0
697.925 0
699.425 0
700.926 0
702.427 0
703.928 0
705.429 0
706.93 0
708.431 0
709.932 0
711.433 0
712.934 0
714.435 0
715.935 0
717.436 0
718.937 0
720.438 0
721.939 0
723.44 0
724.941 0
726.442 0
727.943 0
729.444 0
730.945 0
732.446 0
733.946 0
735.447 0
736.948 0
738.449 0
739.95 0
741.451 0
742.952 0
744.453 0
745.954 0
747.455 0
748.956 0
750.456 0
751.957 0
753.458 0
754.959 0
756.46 0
757.961 0
759.462 0
760.963 0
762.464 0
763.965 0
765.466 0
766.967 0
768.467 0
769.968 0
771.469 0
772.97 0
774.471 0
775.972 0
777.473 0
778.974 0
780.475 0
781.976 0
783.477 0
784.977 0
786.478 0
787.979 0
789.48 0
790.981 0
792.482 0
793.983 0
795.484 0
796.985 0
798.486 0
799.987 0
801.488 0
802.988 0
804.489 0
805.99 0
807.491 0
808.992 0
810.493 0
811.994 0
813.495 0
814.996 0
816.497 0
817.998 0
819.498 0
820.999 0
822.5 0
824.001 0
825.502 0
827.003 0
828.504 0
830.005 0
831.506 0
833.007 0
834.508 0
836.009 0
837.509 0
839.01 0
840.511 0
842.012 0
843.513 0
845.014 0
846.515 0
848.016 0
849.517 0
851.018 0
852.519 0
854.019 0
855.52 0
857.021 0
858.522 0
860.023 0
861.524 0
863.025 0
864.526 0
866.027 0
867.528 0
869.029 0
870.53 0
872.03 0
873.531 0
875.032 0
876.533 0
878.034 0
879.535 0
881.036 0
882.537 0
884.038 0
885.539 0
887.04 0
888.54 0
890.041 0
891.542 0
893.043 0
894.544 0
896.045 0
897.546 0
899.047 0
900.548 0
902.049 0
903.55 0
905.051 0
906.551 0
908.052 0
909.553 0
911.054 0
912.555 0
914.056 0
915.557 0
917.058 0
918.559 0
920.06 0
921.561 0
923.061 0
924.562 0
926.063 0
927.564 0
929.065 0
930.566 0
932.067 0
933.568 0
935.069 0
936.57 0
938.071 0
939.572 0
941.072 0
942.573 0
944.074 0
945.575 0
947.076 0
948.577 0
950.078 0
951.579 0
953.08 0
954.581 0
956.082 0
957.582 0
959.083 0
960.584 0
962.085 0
963.586 0
965.087 0
966.588 0
968.089 0
969.59 0
971.091 0
972.592 0
974.093 0
975.593 0
977.094 0
978.595 0
980.096 0
981.597 0
983.098 0
984.599 0
986.1 0
987.601 0
989.102 0
990.603 0
992.103 0
993.604 0
995.105 0
996.606 0
998.107 0
999.608 0
1001.11 0
1002.61 0
1004.11 0
1005.61 0
1007.11 0
1008.61 0
1010.11 0
1011.62 0
1013.12 0
1014.62 0
1016.12 0
1017.62 0
1019.12 0
1020.62 0
1022.12 0
1023.62 0
1025.12 0
1026.62 0
1028.13 0
1029.63 0
1031.13 0
1032.63 0
1034.13 0
1035.63 0
1037.13 0
1038.63 0
1040.13 0
1041.63 0
1043.13 0
1044.64 0
1046.14 0
1047.64 0
1049.14 0
1050.64 0
1052.14 0
1053.64 0
1055.14 0
1056.64 0
1058.14 0
1059.64 0
1061.15 0
1062.65 0
1064.15 0
1065.65 0
1067.15 0
1068.65 0
1070.15 0
1071.65 0
1073.15 0
1074.65 0
1076.15 0
1077.66 0
1079.16 0
1080.66 0
1082.16 0
1083.66 0
1085.16 0
1086.66 0
1088.16 0
1089.66 0
1091.16 0
1092.66 0
1094.17 0
1095.67 0
1097.17 0
1098.67 0
1100.17 0
1101.67 0
1103.17 0
1104.67 0
1106.17 0
1107.67 0
1109.17 0
1110.68 0
1112.18 0
1113.68 0
1115.18 0
1116.68 0
1118.18 0
1119.68 0
1121.18 0
1122.68 0
1124.18 0
1125.68 0
1127.19 0
1128.69 0
1130.19 0
1131.69 0
1133.19 0
1134.69 0
1136.19 0
1137.69 0
1139.19 0
1140.69 0
1142.19 0
1143.7 0
1145.2 0
1146.7 0
1148.2 0
1149.7 0
1151.2 0
1152.7 0
1154.2 0
1155.7 0
1157.2 0
1158.7 0
1160.21 0
1161.71 0
1163.21 0
1164.71 0
1166.21 0
1167.71 0
1169.21 0
1170.71 0
1172.21 0
1173.71 0
1175.21 0
1176.72 0
1178.22 0
1179.72 0
1181.22 0
1182.72 0
1184.22 0
1185.72 0
1187.22 0
1188.72 0
1190.22 0
1191.72 0
1193.23 0
1194.73 0
1196.23 0
1197.73 0
1199.23 0
1200.73 0
1202.23 0
1203.73 0
1205.23 0
1206.73 0
1208.23 0
1209.74 0
1211.24 0
1212.74 0
1214.24 0
1215.74 0
1217.24 0
1218.74 0
1220.24 0
1221.74 0
1223.24 0
1224.74 0
1226.25 0
1227.75 0
1229.25 0
1230.75 0
1232.25 0
1233.75 0
1235.25 0
1236.75 0
1238.25 0
1239.75 0
1241.26 0
1242.76 0
1244.26 0
1245.76 0
1247.26 0
1248.76 0
1250.26 0
1251.76 0
1253.26 0
1254.76 0
1256.26 0
1257.77 0
1259.27 0
1260.77 0
1262.27 0
1263.77 0
1265.27 0
1266.77 0
1268.27 0
1269.77 0
1271.27 0
1272.77 0
1274.28 0
1275.78 0
1277.28 0
1278.78 0
1280.28 0
1281.78 0
1283.28 0
1284.78 0
1286.28 0
1287.78 0
1289.28 0
1290.79 0
1292.29 0
1293.79 0
1295.29 0
1296.79 0
1298.29 0
1299.79 0
1301.29 0
1302.79 0
1304.29 0
1305.79 0
1307.3 0
1308.8 0
1310.3 0
1311.8 0
1313.3 0
1314.8 0
1316.3 0
1317.8 0
1319.3 0
1320.8 0
1322.3 0
1323.81 0
1325.31 0
1326.81 0
1328.31 0
1329.81 0
1331.31 0
1332.81 0
1334.31 0
1335.81 0
1337.31 0
1338.81 0
1340.32 0
1341.82 0
1343.32 0
1344.82 0
1346.32 0
1347.82 0
1349.32 0
1350.82 0
1352.32 0
1353.82 0
1355.32 0
1356.83 0
1358.33 0
1359.83 0
1361.33 0
1362.83 0
1364.33 0
1365.83 0
1367.33 0
1368.83 0
1370.33 0
1371.83 0
1373.34 0
1374.84 0
1376.34 0
1377.84 0
1379.34 0
1380.84 0
1382.34 0
1383.84 0
1385.34 0
1386.84 0
1388.34 0
1389.85 0
1391.35 0
1392.85 0
1394.35 0
1395.85 0
1397.35 0
1398.85 0
1400.35 0
1401.85 0
1403.35 0
1404.85 0
1406.36 0
1407.86 0
1409.36 0
1410.86 0
1412.36 0
1413.86 0
1415.36 0
1416.86 0
1418.36 0
1419.86 0
1421.36 0
1422.87 0
1424.37 0
1425.87 0
1427.37 0
1428.87 0
1430.37 0
1431.87 0
1433.37 0
1434.87 0
1436.37 0
1437.87 0
1439.38 0
1440.88 0
1442.38 0
1443.88 0
1445.38 0
1446.88 0
1448.38 0
1449.88 0
1451.38 0
1452.88 0
1454.38 0
1455.89 0
1457.39 0
1458.89 0
1460.39 0
1461.89 0
1463.39 0
1464.89 0
1466.39 0
1467.89 0
1469.39 0
1470.89 0
1472.4 0
1473.9 0
1475.4 0
1476.9 0
1478.4 0
1479.9 0
1481.4 0
1482.9 0
1484.4 0
1485.9 0
1487.4 0
1488.91 0
1490.41 0
1491.91 0
1493.41 0
1494.91 0
1496.41 0
1497.91 0
1499.41 0
1500.91 0
1502.41 0
1503.91 0
1505.42 0
1506.92 0
1508.42 0
1509.92 0
1511.42 0
1512.92 0
1514.42 0
1515.92 0
1517.42 0
1518.92 0
1520.42 0
1521.93 0
1523.43 0
1524.93 0
1526.43 0
1527.93 0
1529.43 0
1530.93 0
1532.43 0
1533.93 0
1535.43 0
1536.93 0
1538.44 0
1539.94 0
1541.44 0
1542.94 0
1544.44 0
1545.94 0
1547.44 0
1548.94 0
1550.44 0
1551.94 0
1553.44 0
1554.95 0
1556.45 0
1557.95 0
1559.45 0
1560.95 0
1562.45 0
1563.95 0
1565.45 0
1566.95 0
1568.45 0
1569.95 0
1571.46 0
1572.96 0
1574.46 0
1575.96 0
