-1574.55 1.58354e-05
-1573.05 1.67951e-05
-1571.55 1.7035e-05
-1570.05 1.79948e-05
-1568.54 1.75149e-05
-1567.04 1.94343e-05
-1565.54 1.94343e-05
-1564.04 1.79947e-05
-1562.54 1.89545e-05
-1561.04 1.84746e-05
-1559.54 1.75149e-05
-1558.04 1.7035e-05
-1556.54 1.79947e-05
-1555.03 1.53555e-05
-1553.53 1.82347e-05
-1552.03 1.79947e-05
-1550.53 2.0634e-05
-1549.03 1.94343e-05
-1547.53 2.01541e-05
-1546.03 2.0394e-05
-1544.53 1.94343e-05
-1543.03 1.94343e-05
-1541.52 1.94343e-05
-1540.02 1.75149e-05
-1538.52 1.58354e-05
-1537.02 1.55954e-05
-1535.52 1.46357e-05
-1534.02 1.55954e-05
-1532.52 1.51156e-05
-1531.02 1.48756e-05
-1529.52 1.46357e-05
-1528.01 1.51156e-05
-1526.51 1.53555e-05
-1525.01 1.58354e-05
-1523.51 1.60753e-05
-1522.01 1.46357e-05
-1520.51 1.41559e-05
-1519.01 1.3676e-05
-1517.51 1.46357e-05
-1516.01 1.48756e-05
-1514.5 1.63152e-05
-1513 1.67951e-05
-1511.5 1.79948e-05
-1510 1.91944e-05
-1508.5 1.82347e-05
-1507 1.77548e-05
-1505.5 1.87145e-05
-1504 1.91944e-05
-1502.5 1.82347e-05
-1500.99 1.82347e-05
-1499.49 1.7275e-05
-1497.99 1.63152e-05
-1496.49 1.67951e-05
-1494.99 1.82347e-05
-1493.49 1.87145e-05
-1491.99 1.65552e-05
-1490.49 1.58354e-05
-1488.99 1.63152e-05
-1487.48 1.58354e-05
-1485.98 1.60753e-05
-1484.48 1.48757e-05
-1482.98 1.39159e-05
-1481.48 1.48757e-05
-1479.98 1.55954e-05
-1478.48 1.48757e-05
-1476.98 1.51156e-05
-1475.48 1.46357e-05
-1473.97 1.55954e-05
-1472.47 1.55954e-05
-1470.97 1.46357e-05
-1469.47 1.3676e-05
-1467.97 1.29562e-05
-1466.47 1.46357e-05
-1464.97 1.39159e-05
-1463.47 1.15166e-05
-1461.97 1.19965e-05
-1460.46 1.27163e-05
-1458.96 1.22364e-05
-1457.46 1.24764e-05
-1455.96 1.41559e-05
-1454.46 1.53555e-05
-1452.96 1.48756e-05
-1451.46 1.43958e-05
-1449.96 1.51156e-05
-1448.46 1.41559e-05
-1446.95 1.48756e-05
-1445.45 1.46357e-05
-1443.95 1.48756e-05
-1442.45 1.58354e-05
-1440.95 1.7035e-05
-1439.45 1.7035e-05
-1437.95 1.79947e-05
-1436.45 1.77548e-05
-1434.95 1.87145e-05
-1433.44 1.75149e-05
-1431.94 1.84746e-05
-1430.44 1.63152e-05
-1428.94 1.55954e-05
-1427.44 1.55954e-05
-1425.94 1.51156e-05
-1424.44 1.43958e-05
-1422.94 1.41559e-05
-1421.44 1.55954e-05
-1419.93 1.65552e-05
-1418.43 1.60753e-05
-1416.93 1.7035e-05
-1415.43 1.72749e-05
-1413.93 1.65552e-05
-1412.43 1.60753e-05
-1410.93 1.48756e-05
-1409.43 1.48756e-05
-1407.92 1.43958e-05
-1406.42 1.48756e-05
-1404.92 1.55954e-05
-1403.42 1.58354e-05
-1401.92 1.7275e-05
-1400.42 1.67951e-05
-1398.92 1.60753e-05
-1397.42 1.55954e-05
-1395.92 1.55954e-05
-1394.41 1.51156e-05
-1392.91 1.51156e-05
-1391.41 1.29562e-05
-1389.91 1.22364e-05
-1388.41 1.3676e-05
-1386.91 1.31961e-05
-1385.41 1.3676e-05
-1383.91 1.3676e-05
-1382.41 1.43958e-05
-1380.9 1.41559e-05
-1379.4 1.34361e-05
-1377.9 1.41559e-05
-1376.4 1.67951e-05
-1374.9 1.55954e-05
-1373.4 1.48756e-05
-1371.9 1.39159e-05
-1370.4 1.29562e-05
-1368.9 1.22364e-05
-1367.39 1.27163e-05
-1365.89 1.17566e-05
-1364.39 1.27163e-05
-1362.89 1.24764e-05
-1361.39 1.12767e-05
-1359.89 1.17566e-05
-1358.39 1.27163e-05
-1356.89 1.46357e-05
-1355.39 1.3676e-05
-1353.88 1.51156e-05
-1352.38 1.51156e-05
-1350.88 1.48757e-05
-1349.38 1.51156e-05
-1347.88 1.55954e-05
-1346.38 1.48757e-05
-1344.88 1.43958e-05
-1343.38 1.48757e-05
-1341.88 1.46357e-05
-1340.37 1.48757e-05
-1338.87 1.46357e-05
-1337.37 1.46357e-05
-1335.87 1.48757e-05
-1334.37 1.48757e-05
-1332.87 1.58354e-05
-1331.37 1.53555e-05
-1329.87 1.58354e-05
-1328.37 1.55954e-05
-1326.86 1.48756e-05
-1325.36 1.53555e-05
-1323.86 1.60753e-05
-1322.36 1.55954e-05
-1320.86 1.39159e-05
-1319.36 1.34361e-05
-1317.86 1.39159e-05
-1316.36 1.43958e-05
-1314.86 1.43958e-05
-1313.35 1.43958e-05
-1311.85 1.39159e-05
-1310.35 1.46357e-05
-1308.85 1.41559e-05
-1307.35 1.39159e-05
-1305.85 1.31961e-05
-1304.35 1.24764e-05
-1302.85 1.39159e-05
-1301.35 1.3676e-05
-1299.84 1.48757e-05
-1298.34 1.48757e-05
-1296.84 1.53555e-05
-1295.34 1.75149e-05
-1293.84 1.75149e-05
-1292.34 1.67951e-05
-1290.84 1.7035e-05
-1289.34 1.63152e-05
-1287.84 1.58354e-05
-1286.33 1.51156e-05
-1284.83 1.3676e-05
-1283.33 1.34361e-05
-1281.83 1.31961e-05
-1280.33 1.3676e-05
-1278.83 1.34361e-05
-1277.33 1.31961e-05
-1275.83 1.29562e-05
-1274.33 1.39159e-05
-1272.82 1.31962e-05
-1271.32 1.34361e-05
-1269.82 1.34361e-05
-1268.32 1.17566e-05
-1266.82 1.34361e-05
-1265.32 1.31961e-05
-1263.82 1.05569e-05
-1262.32 1.0077e-05
-1260.82 1.10368e-05
-1259.31 1.12767e-05
-1257.81 1.07968e-05
-1256.31 1.07968e-05
-1254.81 1.19965e-05
-1253.31 1.12767e-05
-1251.81 1.12767e-05
-1250.31 1.29562e-05
-1248.81 1.22364e-05
-1247.31 1.27163e-05
-1245.8 1.31961e-05
-1244.3 1.34361e-05
-1242.8 1.34361e-05
-1241.3 1.24763e-05
-1239.8 1.3676e-05
-1238.3 1.27163e-05
-1236.8 1.31961e-05
-1235.3 1.22364e-05
-1233.8 1.07968e-05
-1232.29 1.27163e-05
-1230.79 1.24764e-05
-1229.29 1.3676e-05
-1227.79 1.39159e-05
-1226.29 1.43958e-05
-1224.79 1.53555e-05
-1223.29 1.58354e-05
-1221.79 1.60753e-05
-1220.29 1.39159e-05
-1218.78 1.46357e-05
-1217.28 1.31961e-05
-1215.78 1.17566e-05
-1214.28 1.24763e-05
-1212.78 1.19965e-05
-1211.28 1.19965e-05
-1209.78 1.19965e-05
-1208.28 1.3676e-05
-1206.78 1.46357e-05
-1205.27 1.39159e-05
-1203.77 1.41559e-05
-1202.27 1.48756e-05
-1200.77 1.48756e-05
-1199.27 1.39159e-05
-1197.77 1.39159e-05
-1196.27 1.29562e-05
-1194.77 1.41559e-05
-1193.27 1.43958e-05
-1191.76 1.53555e-05
-1190.26 1.67951e-05
-1188.76 1.72749e-05
-1187.26 1.77548e-05
-1185.76 1.63152e-05
-1184.26 1.63152e-05
-1182.76 1.63152e-05
-1181.26 1.67951e-05
-1179.76 1.7275e-05
-1178.25 1.55954e-05
-1176.75 1.55954e-05
-1175.25 1.55954e-05
-1173.75 1.46357e-05
-1172.25 1.41559e-05
-1170.75 1.3676e-05
-1169.25 1.34361e-05
-1167.75 1.24763e-05
-1166.25 1.27163e-05
-1164.74 1.15166e-05
-1163.24 1.19965e-05
-1161.74 1.19965e-05
-1160.24 1.39159e-05
-1158.74 1.3676e-05
-1157.24 1.3676e-05
-1155.74 1.39159e-05
-1154.24 1.39159e-05
-1152.74 1.34361e-05
-1151.23 1.31961e-05
-1149.73 1.31961e-05
-1148.23 1.39159e-05
-1146.73 1.24764e-05
-1145.23 1.29562e-05
-1143.73 1.34361e-05
-1142.23 1.39159e-05
-1140.73 1.39159e-05
-1139.23 1.24763e-05
-1137.72 1.19965e-05
-1136.22 1.46357e-05
-1134.72 1.41559e-05
-1133.22 1.48756e-05
-1131.72 1.51156e-05
-1130.22 1.46357e-05
-1128.72 1.72749e-05
-1127.22 1.60753e-05
-1125.72 1.48757e-05
-1124.21 1.41559e-05
-1122.71 1.39159e-05
-1121.21 1.48757e-05
-1119.71 1.29562e-05
-1118.21 1.29562e-05
-1116.71 1.19965e-05
-1115.21 1.29562e-05
-1113.71 1.27163e-05
-1112.2 1.31961e-05
-1110.7 1.29562e-05
-1109.2 1.27163e-05
-1107.7 1.34361e-05
-1106.2 1.34361e-05
-1104.7 1.22364e-05
-1103.2 1.17566e-05
-1101.7 1.05569e-05
-1100.2 1.19965e-05
-1098.69 1.15166e-05
-1097.19 1.12767e-05
-1095.69 1.15166e-05
-1094.19 1.15166e-05
-1092.69 1.19965e-05
-1091.19 1.29562e-05
-1089.69 1.29562e-05
-1088.19 1.3676e-05
-1086.69 1.3676e-05
-1085.18 1.3676e-05
-1083.68 1.31961e-05
-1082.18 1.48756e-05
-1080.68 1.46357e-05
-1079.18 1.53555e-05
-1077.68 1.48756e-05
-1076.18 1.55954e-05
-1074.68 1.41559e-05
-1073.18 1.31961e-05
-1071.67 1.29562e-05
-1070.17 1.10368e-05
-1068.67 1.05569e-05
-1067.17 1.10368e-05
-1065.67 1.05569e-05
-1064.17 1.19965e-05
-1062.67 1.24764e-05
-1061.17 1.29562e-05
-1059.67 1.34361e-05
-1058.16 1.31961e-05
-1056.66 1.43958e-05
-1055.16 1.39159e-05
-1053.66 1.34361e-05
-1052.16 1.31961e-05
-1050.66 1.17566e-05
-1049.16 1.05569e-05
-1047.66 1.15166e-05
-1046.16 1.0317e-05
-1044.65 1.12767e-05
-1043.15 1.10368e-05
-1041.65 1.12767e-05
-1040.15 1.17566e-05
-1038.65 1.17566e-05
-1037.15 1.27163e-05
-1035.65 1.22364e-05
-1034.15 1.24763e-05
-1032.65 1.29562e-05
-1031.14 1.31961e-05
-1029.64 1.27163e-05
-1028.14 1.29562e-05
-1026.64 1.29562e-05
-1025.14 1.17566e-05
-1023.64 1.27163e-05
-1022.14 1.22364e-05
-1020.64 1.19965e-05
-1019.14 1.12767e-05
-1017.63 1.22364e-05
-1016.13 1.24764e-05
-1014.63 1.29562e-05
-1013.13 1.34361e-05
-1011.63 1.3676e-05
-1010.13 1.3676e-05
-1008.63 1.3676e-05
-1007.13 1.41559e-05
-1005.63 1.39159e-05
-1004.12 1.3676e-05
-1002.62 1.39159e-05
-1001.12 1.24764e-05
-999.621 1.19965e-05
-998.12 1.24764e-05
-996.619 1.43958e-05
-995.118 1.39159e-05
-993.617 1.34361e-05
-992.116 1.27163e-05
-990.614 1.39159e-05
-989.113 1.27163e-05
-987.612 1.27163e-05
-986.111 1.15166e-05
-984.61 1.19965e-05
-983.109 1.0317e-05
-981.608 1.10368e-05
-980.107 1.31961e-05
-978.606 1.22364e-05
-977.104 1.19965e-05
-975.603 1.22364e-05
-974.102 1.3676e-05
-972.601 1.24764e-05
-971.1 1.31961e-05
-969.599 1.31961e-05
-968.098 1.27163e-05
-966.597 1.22364e-05
-965.095 1.31961e-05
-963.594 1.3676e-05
-962.093 1.29562e-05
-960.592 1.22364e-05
-959.091 1.22364e-05
-957.59 1.22364e-05
-956.089 1.12767e-05
-954.588 1.15166e-05
-953.087 1.19965e-05
-951.585 1.17566e-05
-950.084 1.29562e-05
-948.583 1.29562e-05
-947.082 1.34361e-05
-945.581 1.41559e-05
-944.08 1.41559e-05
-942.579 1.29562e-05
-941.078 1.3676e-05
-939.576 1.27163e-05
-938.075 1.24764e-05
-936.574 1.31961e-05
-935.073 1.19965e-05
-933.572 1.24763e-05
-932.071 1.19965e-05
-930.57 1.15166e-05
-929.069 1.31961e-05
-927.568 1.24764e-05
-926.066 1.24764e-05
-924.565 1.17566e-05
-923.064 1.0317e-05
-921.563 1.10368e-05
-920.062 1.05569e-05
-918.561 9.35725e-06
-917.06 8.1576e-06
-915.559 8.1576e-06
-914.058 8.39754e-06
-912.556 7.67774e-06
-911.055 7.91767e-06
-909.554 9.35725e-06
-908.053 8.39754e-06
-906.552 8.15761e-06
-905.051 6.47809e-06
-903.55 6.71803e-06
-902.049 9.35726e-06
-900.547 8.8774e-06
-899.046 9.35725e-06
-897.545 9.59718e-06
-896.044 8.87739e-06
-894.543 9.59718e-06
-893.042 1.10368e-05
-891.541 1.12767e-05
-890.04 1.10368e-05
-888.539 1.17566e-05
-887.037 1.07968e-05
-885.536 1.22364e-05
-884.035 1.17566e-05
-882.534 1.07968e-05
-881.033 1.0317e-05
-879.532 9.59719e-06
-878.031 9.11732e-06
-876.53 9.35725e-06
-875.028 9.35725e-06
-873.527 9.83711e-06
-872.026 9.59718e-06
-870.525 9.35726e-06
-869.024 1.07968e-05
-867.523 1.22364e-05
-866.022 1.17566e-05
-864.521 9.83712e-06
-863.02 9.59719e-06
-861.518 1.0077e-05
-860.017 9.35726e-06
-858.516 8.8774e-06
-857.015 9.35726e-06
-855.514 8.63747e-06
-854.013 8.39754e-06
-852.512 7.91768e-06
-851.011 8.15761e-06
-849.509 8.39754e-06
-848.008 9.35726e-06
-846.507 8.63747e-06
-845.006 9.59719e-06
-843.505 1.0317e-05
-842.004 9.59719e-06
-840.503 9.59718e-06
-839.002 1.15166e-05
-837.501 1.29562e-05
-835.999 1.22364e-05
-834.498 1.27163e-05
-832.997 1.34361e-05
-831.496 1.15166e-05
-829.995 1.17566e-05
-828.494 1.05569e-05
-826.993 1.00771e-05
-825.492 1.0317e-05
-823.991 9.83712e-06
-822.489 8.8774e-06
-820.988 9.83712e-06
-819.487 1.15166e-05
-817.986 1.19965e-05
-816.485 1.05569e-05
-814.984 1.12767e-05
-813.483 1.07968e-05
-811.982 1.05569e-05
-810.48 9.59719e-06
-808.979 9.83712e-06
-807.478 1.10368e-05
-805.977 1.15166e-05
-804.476 1.12767e-05
-802.975 1.31961e-05
-801.474 1.41559e-05
-799.973 1.43958e-05
-798.471 1.3676e-05
-796.97 1.29562e-05
-795.469 1.41559e-05
-793.968 1.29562e-05
-792.467 1.29562e-05
-790.966 1.17566e-05
-789.465 1.15166e-05
-787.964 1.12767e-05
-786.463 1.10368e-05
-784.961 9.59719e-06
-783.46 9.35726e-06
-781.959 9.35726e-06
-780.458 9.35725e-06
-778.957 8.15761e-06
-777.456 8.15761e-06
-775.955 7.67775e-06
-774.454 9.83712e-06
-772.952 1.0317e-05
-771.451 1.00771e-05
-769.95 9.35726e-06
-768.449 9.11732e-06
-766.948 1.0077e-05
-765.447 1.05569e-05
-763.946 9.83712e-06
-762.445 1.07968e-05
-760.944 1.10368e-05
-759.442 1.19965e-05
-757.941 1.22364e-05
-756.44 1.27163e-05
-754.939 1.3676e-05
-753.438 1.31961e-05
-751.937 1.34361e-05
-750.436 1.24763e-05
-748.935 1.07968e-05
-747.434 9.59719e-06
-745.932 9.59719e-06
-744.431 1.0077e-05
-742.93 1.10368e-05
-741.429 1.05569e-05
-739.928 9.83712e-06
-738.427 1.10368e-05
-736.926 1.12767e-05
-735.425 1.29562e-05
-733.923 1.24763e-05
-732.422 1.19965e-05
-730.921 1.19965e-05
-729.42 1.10368e-05
-727.919 1.19965e-05
-726.418 1.15166e-05
-724.917 1.07968e-05
-723.416 1.22364e-05
-721.915 1.17566e-05
-720.413 1.19965e-05
-718.912 1.24763e-05
-717.411 1.27163e-05
-715.91 1.05569e-05
-714.409 1.17566e-05
-712.908 1.12767e-05
-711.407 1.24764e-05
-709.906 1.15166e-05
-708.404 1.05569e-05
-706.903 9.83712e-06
-705.402 1.19965e-05
-703.901 1.29562e-05
-702.4 1.39159e-05
-700.899 1.22364e-05
-699.398 1.31961e-05
-697.897 1.46357e-05
-696.396 1.60753e-05
-694.894 1.65552e-05
-693.393 1.48756e-05
-691.892 1.63152e-05
-690.391 1.63152e-05
-688.89 1.60753e-05
-687.389 1.51156e-05
-685.888 1.53555e-05
-684.387 1.46357e-05
-682.885 1.31961e-05
-681.384 1.43958e-05
-679.883 1.43958e-05
-678.382 1.31961e-05
-676.881 1.27163e-05
-675.38 1.34361e-05
-673.879 1.31961e-05
-672.378 1.58354e-05
-670.877 1.55954e-05
-669.375 1.67951e-05
-667.874 1.7035e-05
-666.373 1.75149e-05
-664.872 1.7275e-05
-663.371 1.7035e-05
-661.87 1.55954e-05
-660.369 1.46357e-05
-658.868 1.67951e-05
-657.367 1.46357e-05
-655.865 1.34361e-05
-654.364 1.3676e-05
-652.863 1.41559e-05
-651.362 1.63152e-05
-649.861 1.7275e-05
-648.36 1.89545e-05
-646.859 1.91944e-05
-645.358 2.11138e-05
-643.856 2.23135e-05
-642.355 2.11138e-05
-640.854 2.13538e-05
-639.353 1.96742e-05
-637.852 2.0394e-05
-636.351 1.91944e-05
-634.85 1.82347e-05
-633.349 1.63152e-05
-631.848 1.55954e-05
-630.346 1.65552e-05
-628.845 1.77548e-05
-627.344 1.96742e-05
-625.843 1.91944e-05
-624.342 1.99142e-05
-622.841 2.01541e-05
-621.34 2.0394e-05
-619.839 2.0634e-05
-618.337 2.0394e-05
-616.836 2.01541e-05
-615.335 1.84746e-05
-613.834 1.96742e-05
-612.333 2.01541e-05
-610.832 2.0634e-05
-609.331 1.89545e-05
-607.83 1.77548e-05
-606.329 1.84746e-05
-604.827 1.75149e-05
-603.326 1.67951e-05
-601.825 1.58354e-05
-600.324 1.43958e-05
-598.823 1.34361e-05
-597.322 1.31961e-05
-595.821 1.41559e-05
-594.32 1.34361e-05
-592.818 1.39159e-05
-591.317 1.39159e-05
-589.816 1.41559e-05
-588.315 1.48757e-05
-586.814 1.60753e-05
-585.313 1.65552e-05
-583.812 1.58354e-05
-582.311 1.63152e-05
-580.81 1.58354e-05
-579.308 1.41559e-05
-577.807 1.29562e-05
-576.306 1.29562e-05
-574.805 1.46357e-05
-573.304 1.63152e-05
-571.803 1.67951e-05
-570.302 1.77548e-05
-568.801 1.75149e-05
-567.299 1.77548e-05
-565.798 1.94343e-05
-564.297 1.79947e-05
-562.796 1.84746e-05
-561.295 1.84746e-05
-559.794 1.77548e-05
-558.293 1.75149e-05
-556.792 1.82347e-05
-555.291 1.96743e-05
-553.789 2.20735e-05
-552.288 2.25534e-05
-550.787 2.47128e-05
-549.286 2.42329e-05
-547.785 2.66322e-05
-546.284 2.63923e-05
-544.783 2.54326e-05
-543.282 2.63923e-05
-541.78 2.78319e-05
-540.279 2.80718e-05
-538.778 2.80718e-05
-537.277 2.87916e-05
-535.776 2.95114e-05
-534.275 3.23905e-05
-532.774 3.33503e-05
-531.273 3.38301e-05
-529.771 3.431e-05
-528.27 3.67093e-05
-526.769 3.81489e-05
-525.268 3.79089e-05
-523.767 3.93485e-05
-522.266 6.90998e-05
-520.765 6.95797e-05
-519.264 6.95797e-05
-517.763 6.90998e-05
-516.261 6.90998e-05
-514.76 6.93397e-05
-513.259 6.98196e-05
-511.758 6.81401e-05
-510.257 6.838e-05
-508.756 6.71804e-05
-507.255 6.88599e-05
-505.754 6.90998e-05
-504.253 7.00595e-05
-502.751 7.02995e-05
-501.25 7.02995e-05
-499.749 7.10192e-05
-498.248 7.00595e-05
-496.747 6.98196e-05
-495.246 6.88599e-05
-493.745 6.90998e-05
-492.244 6.838e-05
-490.743 6.71804e-05
-489.241 6.862e-05
-487.74 6.81401e-05
-486.239 6.79002e-05
-484.738 6.81401e-05
-483.237 6.90998e-05
-481.736 7.00595e-05
-480.235 6.93397e-05
-478.734 7.00595e-05
-477.233 7.00595e-05
-475.731 7.02995e-05
-474.23 6.90998e-05
-472.729 6.76602e-05
-471.228 6.98196e-05
-469.727 7.12592e-05
-468.226 7.19789e-05
-466.725 7.31786e-05
-465.224 7.31786e-05
-463.722 7.5338e-05
-462.221 7.55779e-05
-460.72 7.5338e-05
-459.219 7.70175e-05
-457.718 7.79772e-05
-456.217 7.89369e-05
-454.716 7.96567e-05
-453.215 7.98966e-05
-451.714 8.08563e-05
-450.212 8.15761e-05
-448.711 8.34956e-05
-447.21 8.44553e-05
-445.709 8.44553e-05
-444.208 8.44553e-05
-442.707 8.44553e-05
-441.206 8.5415e-05
-439.705 8.63747e-05
-438.203 8.66146e-05
-436.702 8.75744e-05
-435.201 9.09334e-05
-433.7 9.33327e-05
-432.199 9.5732e-05
-430.698 9.83712e-05
-429.197 0.00010245
-427.696 0.000104369
-426.194 0.000107249
-424.693 0.000113007
-423.192 0.000116366
-421.691 0.000119725
-420.19 0.000122844
-418.689 0.000124763
-417.188 0.000128122
-415.687 0.000130522
-414.186 0.00013556
-412.684 0.0001382
-411.183 0.000142278
-409.682 0.000149476
-408.181 0.000154755
-406.68 0.000160993
-405.179 0.000165791
-403.678 0.000173469
-402.177 0.000180907
-400.675 0.000188345
-399.174 0.000196263
-397.673 0.000202741
-396.172 0.000208019
-394.671 0.000214977
-393.17 0.000221935
-391.669 0.000231052
-390.168 0.00023849
-388.667 0.000245688
-387.165 0.000254086
-385.664 0.000264643
-384.163 0.000271841
-382.662 0.000281678
-381.161 0.000290555
-379.66 0.000298953
-378.159 0.000311189
-376.658 0.000320546
-375.156 0.000329663
-373.655 0.0003407
-372.154 0.000351257
-370.653 0.000363254
-369.152 0.000372851
-367.651 0.000383888
-366.15 0.000393005
-364.649 0.000402602
-363.148 0.000411479
-361.646 0.000422037
-360.145 0.000429954
-358.644 0.000438592
-357.143 0.000448669
-355.642 0.000456586
-354.141 0.000465944
-352.64 0.000473382
-351.139 0.000481299
-349.637 0.000489937
-348.136 0.000495215
-346.635 0.000501933
-345.134 0.000506252
-343.633 0.00051153
-342.132 0.000514889
-340.631 0.000519448
-339.13 0.000523767
-337.629 0.000526406
-336.127 0.000530005
-334.626 0.000534803
-333.125 0.000536723
-331.624 0.000542481
-330.123 0.0005456
-328.622 0.000548719
-327.121 0.000551838
-325.62 0.000553758
-324.119 0.000556877
-322.617 0.000559996
-321.116 0.000562155
-319.615 0.000564075
-318.114 0.000565994
-316.613 0.000569113
-315.112 0.000573192
-313.611 0.000574392
-312.11 0.000576551
-310.609 0.00058015
-309.107 0.000583029
-307.606 0.000586148
-306.105 0.000588548
-304.604 0.000593106
-303.103 0.000597905
-301.602 0.000601984
-300.101 0.000607502
-298.6 0.000613021
-297.098 0.000619979
-295.597 0.000626937
-294.096 0.000632455
-292.595 0.000641332
-291.094 0.00064829
-289.593 0.000656448
-288.092 0.000665325
-286.591 0.000676122
-285.09 0.000686439
-283.588 0.000696276
-282.087 0.000709232
-280.586 0.000721949
-279.085 0.000734905
-277.584 0.0007505
-276.083 0.000766096
-274.582 0.00078505
-273.081 0.000802325
-271.579 0.000821999
-270.078 0.000843833
-268.577 0.000865427
-267.076 0.00088774
-265.575 0.000911733
-264.074 0.000936446
-262.573 0.000961159
-261.072 0.000987311
-259.571 0.00101538
-258.069 0.00104537
-256.568 0.00107561
-255.067 0.00110536
-253.566 0.00113871
-252.065 0.0011723
-250.564 0.00120661
-249.063 0.00124404
-247.562 0.00127955
-246.06 0.00131889
-244.559 0.00135464
-243.058 0.00139255
-241.557 0.00143286
-240.056 0.00146885
-238.555 0.00150724
-237.054 0.00154299
-235.553 0.00158186
-234.051 0.00161833
-232.55 0.00165552
-231.049 0.00169438
-229.548 0.00173157
-228.047 0.00176804
-226.546 0.00180787
-225.045 0.00184458
-223.544 0.00188321
-222.043 0.00191704
-220.541 0.00195279
-219.04 0.00198686
-217.539 0.00201973
-216.038 0.0020502
-214.537 0.00207947
-213.036 0.00210682
-211.535 0.00213442
-210.034 0.00216057
-208.532 0.002186
-207.031 0.00220975
-205.53 0.00223303
-204.029 0.00225342
-202.528 0.00227381
-201.027 0.00229013
-199.526 0.00230693
-198.025 0.00232132
-196.524 0.00233236
-195.022 0.00234483
-193.521 0.00235155
-192.02 0.00235971
-190.519 0.00236595
-189.018 0.00237051
-187.517 0.00237435
-186.016 0.00237674
-184.515 0.00237627
-183.013 0.00237603
-181.512 0.00237531
-180.011 0.00237339
-178.51 0.00236979
-177.009 0.00236523
-175.508 0.00236187
-174.007 0.00235515
-172.506 0.00234939
-171.005 0.00234099
-169.503 0.00233332
-168.002 0.0023254
-166.501 0.00231724
-165 0.00230908
-163.499 0.00229781
-161.998 0.00228821
-160.497 0.00227981
-158.996 0.00226926
-157.495 0.00226086
-155.993 0.0022539
-154.492 0.00224574
-152.991 0.00223903
-151.49 0.00223303
-149.989 0.00222679
-148.488 0.00222223
-146.987 0.00221863
-145.486 0.00221551
-143.985 0.00221455
-142.483 0.00221287
-140.982 0.00221119
-139.481 0.00221263
-137.98 0.00221287
-136.479 0.00221431
-134.978 0.00221815
-133.477 0.00222559
-131.976 0.00223159
-130.474 0.00223878
-128.973 0.00224694
-127.472 0.00225822
-125.971 0.00226854
-124.47 0.00228053
-122.969 0.00229469
-121.468 0.00230908
-119.967 0.00232564
-118.466 0.00234268
-116.964 0.00236043
-115.463 0.00237938
-113.962 0.00240074
-112.461 0.00242209
-110.96 0.00244417
-109.459 0.0024672
-107.958 0.00249191
-106.457 0.00251974
-104.955 0.00254662
-103.454 0.00257565
-101.953 0.00260396
-100.452 0.00263563
-98.9509 0.00266706
-97.4499 0.00269777
-95.9487 0.00272824
-94.4476 0.00275967
-92.9466 0.0027899
-91.4454 0.00282373
-89.9443 0.00285085
-88.4431 0.00287916
-86.9421 0.00291035
-85.4409 0.0029389
-83.9398 0.00296745
-82.4387 0.00299432
-80.9376 0.00302144
-79.4364 0.00304735
-77.9353 0.0030711
-76.4342 0.00309486
-74.9331 0.00311741
-73.4319 0.00313852
-71.9309 0.00315772
-70.4298 0.00317643
-68.9286 0.00319299
-67.4276 0.00320834
-65.9264 0.0032225
-64.4253 0.00323233
-62.9241 0.00324337
-61.4231 0.00325081
-59.9219 0.00325729
-58.4208 0.00325969
-56.9198 0.00326257
-55.4186 0.00326329
-53.9175 0.00326185
-52.4163 0.00325681
-50.9153 0.00325153
-49.4141 0.00324265
-47.913 0.00323137
-46.4119 0.00321866
-44.9108 0.0032033
-43.4096 0.00318555
-41.9085 0.00316635
-40.4074 0.0031438
-38.9063 0.00312125
-37.4051 0.00309605
-35.9041 0.0030711
-34.403 0.00304375
-32.9018 0.00301472
-31.4007 0.00298425
-29.8996 0.00295186
-28.3985 0.00291779
-26.8973 0.00288396
-25.3963 0.00284893
-23.8951 0.00281246
-22.394 0.00277479
-20.8928 0.00273616
-19.3918 0.00269825
-17.8907 0.00266154
-16.3895 0.00262243
-14.8885 0.00258428
-13.3873 0.0025459
-11.8862 0.00250775
-10.385 0.00246984
-8.88398 0.00243241
-7.38283 0.00239642
-5.88168 0.00236067
-4.38064 0.00232468
-2.8795 0.00228893
-1.37834 0.0022551
0.122693 0.00222247
1.62384 0.0021908
3.12499 0.00215937
4.62614 0.00212914
6.12718 0.00209939
7.62833 0.00206988
9.12948 0.00204132
10.6305 0.00201421
12.1317 0.00198782
13.6328 0.00196431
15.134 0.00194199
16.635 0.00191992
18.1361 0.00189952
19.6373 0.00188081
21.1383 0.00186377
22.6395 0.00184578
24.1406 0.00183138
25.6418 0.00181795
27.1428 0.00180379
28.644 0.00179251
30.1451 0.00178148
31.6462 0.00177188
33.1473 0.00176156
34.6485 0.00175581
36.1496 0.00174573
37.6506 0.00173781
39.1518 0.00173277
40.6529 0.00172773
42.154 0.0017239
43.6551 0.00172078
45.1563 0.00171622
46.6574 0.00171358
48.1585 0.0017107
49.6596 0.00170806
51.1608 0.00170686
52.6618 0.00170566
54.163 0.00170566
55.6641 0.0017047
57.1652 0.00170374
58.6663 0.00170446
60.1674 0.00170302
61.6686 0.00170254
63.1696 0.00170278
64.6708 0.00170494
66.1719 0.0017035
67.673 0.00170278
69.1741 0.00170134
70.6753 0.00169966
72.1764 0.00169702
73.6774 0.00169342
75.1786 0.00168935
76.6797 0.00168623
78.1808 0.00168047
79.6819 0.00167423
81.1831 0.00166823
82.6842 0.00166223
84.1853 0.00165288
85.6864 0.00164448
87.1876 0.0016332
88.6886 0.00162241
90.1898 0.00161113
91.6909 0.00159649
93.1921 0.00158258
94.6931 0.00156602
96.1942 0.00154995
97.6954 0.00153123
99.1964 0.00151276
100.698 0.00149284
102.199 0.00147245
103.7 0.0014511
105.201 0.00142686
106.702 0.00140383
108.203 0.00138056
109.704 0.00135536
111.205 0.00132945
112.707 0.00130186
114.208 0.00127451
115.709 0.00124572
117.21 0.00121716
118.711 0.00118957
120.212 0.00116054
121.713 0.00113247
123.214 0.00110152
124.715 0.00107393
126.217 0.00104465
127.718 0.00101442
129.219 0.000987791
130.72 0.000960199
132.221 0.000933087
133.722 0.000906455
135.223 0.000882222
136.724 0.000857269
138.226 0.000832076
139.727 0.000810003
141.228 0.00078673
142.729 0.000764656
144.23 0.000744023
145.731 0.000724108
147.232 0.000702994
148.733 0.00068332
150.234 0.000665565
151.736 0.000647811
153.237 0.000630536
154.738 0.000612781
156.239 0.000596225
157.74 0.00058015
159.241 0.000567434
160.742 0.000553518
162.243 0.000540562
163.745 0.000530485
165.246 0.000518968
166.747 0.000506972
168.248 0.000496895
169.749 0.000487537
171.25 0.00047794
172.751 0.000469783
174.252 0.000458746
175.753 0.000450108
177.255 0.000440991
178.756 0.000431874
180.257 0.000424196
181.758 0.000415558
183.259 0.00040932
184.76 0.000402602
186.261 0.000394684
187.762 0.000389646
189.263 0.000382448
190.765 0.000379089
192.266 0.00037429
193.767 0.000370451
195.268 0.000368292
196.769 0.000363494
198.27 0.000360854
199.771 0.000358695
201.272 0.000356536
202.773 0.000351497
204.275 0.000347418
205.776 0.000346219
207.277 0.000343819
208.778 0.0003407
210.279 0.000336142
211.78 0.000331343
213.281 0.000330863
214.782 0.000326304
216.284 0.000323905
217.785 0.000320066
219.286 0.000317907
220.787 0.000315028
222.288 0.000312868
223.789 0.000309749
225.29 0.00030687
226.791 0.000303751
228.293 0.000301832
229.794 0.000298473
231.295 0.000296073
232.796 0.000294634
234.297 0.000291275
235.798 0.000289115
237.299 0.000285516
238.8 0.000281678
240.301 0.000277599
241.803 0.00027352
243.304 0.000270881
244.805 0.000265842
246.306 0.000261284
247.807 0.000257445
249.308 0.000252886
250.809 0.000248087
252.31 0.000244968
253.812 0.00023921
255.313 0.000235371
256.814 0.000231532
258.315 0.000227693
259.816 0.000221935
261.317 0.000216897
262.818 0.000211378
264.319 0.000207299
265.82 0.000201541
267.322 0.000196982
268.823 0.000192184
270.324 0.000185466
271.825 0.000182826
273.326 0.000177788
274.827 0.000175389
276.328 0.00017035
277.829 0.000167711
279.331 0.000165551
280.832 0.000161233
282.333 0.000157394
283.834 0.000155474
285.335 0.000150916
286.836 0.000147557
288.337 0.000144918
289.838 0.000141798
291.339 0.000139879
292.841 0.000138679
294.342 0.00013748
295.843 0.000134601
297.344 0.000132681
298.845 0.000131002
300.346 0.000128362
301.847 0.000125723
303.348 0.000122364
304.85 0.000120925
306.351 0.000118525
307.852 0.000115166
309.353 0.000113487
310.854 0.000111567
312.355 0.000111567
313.856 0.000109648
315.357 0.000107249
316.858 0.000107488
318.36 0.000107249
319.861 0.000106529
321.362 0.00010365
322.863 0.00010245
324.364 0.00010101
325.865 9.86111e-05
327.366 9.76514e-05
328.867 9.64518e-05
330.368 9.64518e-05
331.87 9.47722e-05
333.371 9.50122e-05
334.872 9.26129e-05
336.373 9.2373e-05
337.874 8.97337e-05
339.375 8.9014e-05
340.876 8.85341e-05
342.377 8.90139e-05
343.879 8.75744e-05
345.38 8.70945e-05
346.881 8.73344e-05
348.382 8.80542e-05
349.883 8.68546e-05
351.384 8.8774e-05
352.885 8.82942e-05
354.386 8.70945e-05
355.887 8.56549e-05
357.389 8.51751e-05
358.89 8.25358e-05
360.391 8.08563e-05
361.892 7.94168e-05
363.393 7.82171e-05
364.894 7.82171e-05
366.395 7.8697e-05
367.896 7.8697e-05
369.398 7.8457e-05
370.899 7.8697e-05
372.4 7.98966e-05
373.901 7.8457e-05
375.402 7.79772e-05
376.903 7.77373e-05
378.404 7.65376e-05
379.905 7.55779e-05
381.407 7.46182e-05
382.907 7.22189e-05
384.409 7.12592e-05
385.91 7.00595e-05
387.411 6.95797e-05
388.912 6.79002e-05
390.413 6.90998e-05
391.914 6.90998e-05
393.415 6.838e-05
394.916 6.88599e-05
396.418 6.79002e-05
397.919 6.76602e-05
399.42 6.76602e-05
400.921 6.79002e-05
402.422 6.74203e-05
403.923 6.69404e-05
405.424 6.71804e-05
406.925 6.57408e-05
408.427 6.5021e-05
409.928 6.45411e-05
411.429 6.31016e-05
412.93 6.26217e-05
414.431 6.23818e-05
415.932 6.02224e-05
417.433 5.90227e-05
418.934 5.95026e-05
420.436 5.8063e-05
421.937 5.83029e-05
423.438 5.61436e-05
424.939 5.68634e-05
426.44 5.66234e-05
427.941 5.63835e-05
429.442 5.59036e-05
430.943 5.66234e-05
432.445 5.54238e-05
433.945 5.56637e-05
435.447 5.44641e-05
436.948 5.39842e-05
438.449 5.37443e-05
439.95 5.35043e-05
441.451 5.27846e-05
442.952 5.32644e-05
444.453 5.25446e-05
445.954 5.39842e-05
447.456 5.32644e-05
448.957 5.27846e-05
450.458 5.25446e-05
451.959 5.20648e-05
453.46 5.15849e-05
454.961 5.1345e-05
456.462 5.18248e-05
457.963 5.1345e-05
459.465 4.99054e-05
460.966 5.01453e-05
462.467 5.01453e-05
463.968 4.94255e-05
465.469 4.96655e-05
466.97 4.99054e-05
468.471 4.91856e-05
469.972 4.99054e-05
471.474 4.87058e-05
472.975 4.7746e-05
474.476 4.82259e-05
475.977 4.82259e-05
477.478 4.87058e-05
478.979 4.75061e-05
480.48 4.75061e-05
481.981 4.67863e-05
483.482 4.58266e-05
484.984 4.63065e-05
486.485 4.58266e-05
487.986 4.58266e-05
489.487 4.58266e-05
490.988 4.63065e-05
492.489 4.7746e-05
493.99 4.60665e-05
495.491 4.39072e-05
496.992 4.31874e-05
498.494 4.31874e-05
499.995 4.29474e-05
501.496 4.24676e-05
502.997 4.19877e-05
504.498 4.07881e-05
505.999 4.19877e-05
507.5 4.24676e-05
509.001 4.1028e-05
510.503 3.91086e-05
512.004 4.00683e-05
513.505 3.98284e-05
515.006 3.91086e-05
516.507 3.83888e-05
518.008 3.95884e-05
519.509 3.79089e-05
521.01 3.88686e-05
522.511 4.03082e-05
524.013 4.1028e-05
525.514 3.98284e-05
527.015 4.1028e-05
528.516 4.19877e-05
530.017 4.05481e-05
531.518 4.07881e-05
533.019 4.05481e-05
534.52 3.95884e-05
536.022 3.98284e-05
537.523 3.81489e-05
539.024 3.81488e-05
540.525 3.91086e-05
542.026 3.81488e-05
543.527 3.88686e-05
545.028 3.7669e-05
546.529 3.79089e-05
548.03 3.93485e-05
549.531 3.95884e-05
551.033 3.79089e-05
552.534 3.7669e-05
554.035 3.64693e-05
555.536 3.67093e-05
557.037 3.74291e-05
558.538 3.71891e-05
560.039 3.64693e-05
561.54 3.52697e-05
563.042 3.62294e-05
564.543 3.71891e-05
566.044 3.64693e-05
567.545 3.69492e-05
569.046 3.71891e-05
570.547 3.83888e-05
572.048 3.74291e-05
573.549 3.69492e-05
575.051 3.83888e-05
576.552 3.7669e-05
578.053 3.67093e-05
579.554 3.45499e-05
581.055 3.407e-05
582.556 3.407e-05
584.057 3.33503e-05
585.558 3.28704e-05
587.06 3.38301e-05
588.561 3.38301e-05
590.062 3.407e-05
591.563 3.407e-05
593.064 3.45499e-05
594.565 3.28704e-05
596.066 3.31103e-05
597.567 3.407e-05
599.069 3.52697e-05
600.569 3.52697e-05
602.071 3.59895e-05
603.572 3.52697e-05
605.073 3.59895e-05
606.574 3.62294e-05
608.075 3.64693e-05
609.576 3.59895e-05
611.077 3.55096e-05
612.578 3.45499e-05
614.08 3.407e-05
615.581 3.38301e-05
617.082 3.31103e-05
618.583 3.33503e-05
620.084 3.28704e-05
621.585 3.31103e-05
623.086 3.38301e-05
624.587 3.55096e-05
626.089 3.52697e-05
627.59 3.59895e-05
629.091 3.67093e-05
630.592 3.69492e-05
632.093 3.83888e-05
633.594 3.67093e-05
635.095 3.52697e-05
636.596 3.431e-05
638.098 3.31103e-05
639.599 3.28704e-05
641.1 3.23905e-05
642.601 3.19107e-05
644.102 3.21506e-05
645.603 3.33503e-05
647.104 3.33503e-05
648.605 3.33503e-05
650.106 3.31103e-05
651.608 3.33503e-05
653.109 3.45499e-05
654.61 3.28704e-05
656.111 3.23905e-05
657.612 3.19107e-05
659.113 3.0711e-05
660.614 2.99912e-05
662.115 2.95114e-05
663.616 3.02312e-05
665.118 2.92714e-05
666.619 2.92714e-05
668.12 3.04711e-05
669.621 3.04711e-05
671.122 2.99912e-05
672.623 3.0951e-05
674.124 3.11909e-05
675.625 3.14308e-05
677.126 3.16707e-05
678.628 3.11909e-05
680.129 3.0711e-05
681.63 3.04711e-05
683.131 3.04711e-05
684.632 3.02312e-05
686.133 3.04711e-05
687.634 3.0711e-05
689.135 3.23905e-05
690.637 3.23905e-05
692.138 3.26305e-05
693.639 3.26305e-05
695.14 3.28704e-05
696.641 3.26305e-05
698.142 3.23905e-05
699.643 3.21506e-05
701.144 2.99912e-05
702.646 3.02312e-05
704.147 3.11909e-05
705.648 3.02312e-05
707.149 2.97513e-05
708.65 2.99912e-05
710.151 2.95114e-05
711.652 2.95114e-05
713.153 3.0951e-05
714.654 3.0951e-05
716.155 3.26305e-05
717.657 3.31103e-05
719.158 3.31103e-05
720.659 3.35902e-05
722.16 3.50298e-05
723.661 3.50298e-05
725.162 3.431e-05
726.663 3.431e-05
728.164 3.47898e-05
729.666 3.38301e-05
731.167 3.11909e-05
732.668 3.16707e-05
734.169 3.26305e-05
735.67 3.26305e-05
737.171 3.0951e-05
738.672 3.02312e-05
740.173 2.95114e-05
741.675 2.87916e-05
743.176 2.97513e-05
744.677 2.83117e-05
746.178 2.92714e-05
747.679 2.97513e-05
749.18 3.11909e-05
750.681 2.97513e-05
752.182 3.0951e-05
753.684 3.14308e-05
755.185 3.11909e-05
756.686 3.21506e-05
758.187 3.31103e-05
759.688 3.35902e-05
761.189 3.26305e-05
762.69 3.33503e-05
764.191 3.14308e-05
765.693 3.0951e-05
767.193 2.99912e-05
768.695 2.95114e-05
770.196 3.02312e-05
771.697 2.90315e-05
773.198 2.92714e-05
774.699 2.95114e-05
776.2 2.95114e-05
777.701 3.02312e-05
779.202 3.02312e-05
780.704 2.95114e-05
782.205 2.78319e-05
783.706 2.92714e-05
785.207 2.85517e-05
786.708 2.87916e-05
788.209 2.92714e-05
789.71 2.80718e-05
791.211 2.85517e-05
792.713 2.80718e-05
794.214 2.83117e-05
795.715 2.95114e-05
797.216 2.97513e-05
798.717 2.99912e-05
800.218 3.02312e-05
801.719 3.0951e-05
803.22 3.0951e-05
804.722 2.95114e-05
806.223 2.92715e-05
807.724 2.97513e-05
809.225 2.99912e-05
810.726 2.90315e-05
812.227 2.95114e-05
813.728 2.87916e-05
815.229 2.87916e-05
816.73 3.02312e-05
818.231 3.0951e-05
819.733 2.95114e-05
821.234 2.90315e-05
822.735 2.97513e-05
824.236 2.90315e-05
825.737 2.80718e-05
827.238 2.85517e-05
828.739 2.63923e-05
830.24 2.56725e-05
831.742 2.7352e-05
833.243 2.61524e-05
834.744 2.54326e-05
836.245 2.71121e-05
837.746 2.7352e-05
839.247 2.78319e-05
840.748 2.66322e-05
842.249 2.87916e-05
843.75 2.95114e-05
845.252 2.92714e-05
846.753 2.97513e-05
848.254 3.04711e-05
849.755 3.19107e-05
851.256 3.26305e-05
852.757 3.28704e-05
854.258 3.45499e-05
855.759 3.28704e-05
857.261 3.23905e-05
858.762 3.21506e-05
860.263 3.16708e-05
861.764 3.16708e-05
863.265 3.02312e-05
864.766 2.99912e-05
866.267 3.23905e-05
867.768 3.16708e-05
869.27 3.31103e-05
870.771 3.50298e-05
872.272 3.50298e-05
873.773 3.50298e-05
875.274 3.62294e-05
876.775 3.71891e-05
878.276 3.79089e-05
879.777 3.59895e-05
881.278 3.55096e-05
882.779 3.45499e-05
884.281 3.33503e-05
885.782 3.35902e-05
887.283 3.431e-05
888.784 3.55096e-05
890.285 3.431e-05
891.786 3.45499e-05
893.287 3.45499e-05
894.788 3.35902e-05
896.29 3.33503e-05
897.791 3.45499e-05
899.292 3.23905e-05
900.793 3.33503e-05
902.294 3.16707e-05
903.795 3.14308e-05
905.296 3.21506e-05
906.797 3.14308e-05
908.299 3.19107e-05
909.8 3.16707e-05
911.301 2.95114e-05
912.802 3.02312e-05
914.303 2.87916e-05
915.804 2.97513e-05
917.305 2.97513e-05
918.806 3.02312e-05
920.308 3.0711e-05
921.809 2.83117e-05
923.31 2.85517e-05
924.811 2.99912e-05
926.312 3.04711e-05
927.813 3.02312e-05
929.314 2.92714e-05
930.815 3.04711e-05
932.316 3.19107e-05
933.817 3.31103e-05
935.319 3.33502e-05
936.82 3.33503e-05
938.321 3.35902e-05
939.822 3.47898e-05
941.323 3.45499e-05
942.824 3.31103e-05
944.325 3.0711e-05
945.826 3.0951e-05
947.328 3.0711e-05
948.829 2.95114e-05
950.33 2.92714e-05
951.831 2.87916e-05
953.332 2.87916e-05
954.833 2.92715e-05
956.334 2.71121e-05
957.835 2.92715e-05
959.337 2.97513e-05
960.838 3.04711e-05
962.339 3.14308e-05
963.84 3.14308e-05
965.341 3.38301e-05
966.842 3.26305e-05
968.343 3.52697e-05
969.844 3.50298e-05
971.346 3.38301e-05
972.847 3.55096e-05
974.348 3.57496e-05
975.849 3.45499e-05
977.35 3.55096e-05
978.851 3.55096e-05
980.352 3.52697e-05
981.853 3.50298e-05
983.354 3.55096e-05
984.855 3.59895e-05
986.357 3.52697e-05
987.858 3.407e-05
989.359 3.38301e-05
990.86 3.33503e-05
992.361 3.26305e-05
993.862 3.23905e-05
995.363 3.26305e-05
996.864 3.31103e-05
998.366 3.33503e-05
999.867 3.35902e-05
1001.37 3.45499e-05
1002.87 3.31103e-05
1004.37 3.47898e-05
1005.87 3.57496e-05
1007.37 3.67093e-05
1008.87 3.64693e-05
1010.37 3.59895e-05
1011.88 3.62294e-05
1013.38 3.57496e-05
1014.88 3.59895e-05
1016.38 3.52697e-05
1017.88 3.47898e-05
1019.38 3.38301e-05
1020.88 3.407e-05
1022.38 3.35902e-05
1023.88 3.35902e-05
1025.39 3.35902e-05
1026.89 3.35902e-05
1028.39 3.407e-05
1029.89 3.31103e-05
1031.39 3.407e-05
1032.89 3.407e-05
1034.39 3.33503e-05
1035.89 3.28704e-05
1037.39 3.31103e-05
1038.9 3.35902e-05
1040.4 3.33503e-05
1041.9 3.45499e-05
1043.4 3.47898e-05
1044.9 3.50298e-05
1046.4 3.64693e-05
1047.9 3.52697e-05
1049.4 3.55096e-05
1050.9 3.55096e-05
1052.41 3.50298e-05
1053.91 3.45499e-05
1055.41 3.407e-05
1056.91 3.19107e-05
1058.41 3.0711e-05
1059.91 3.0711e-05
1061.41 2.95114e-05
1062.91 2.90315e-05
1064.41 3.04711e-05
1065.92 3.02312e-05
1067.42 3.02312e-05
1068.92 3.21506e-05
1070.42 3.0951e-05
1071.92 3.0951e-05
1073.42 3.11909e-05
1074.92 3.16707e-05
1076.42 3.11909e-05
1077.92 2.97513e-05
1079.43 2.99912e-05
1080.93 3.11909e-05
1082.43 2.95114e-05
1083.93 2.99912e-05
1085.43 2.90315e-05
1086.93 3.02312e-05
1088.43 3.0711e-05
1089.93 3.21506e-05
1091.43 3.26305e-05
1092.94 3.19107e-05
1094.44 3.04711e-05
1095.94 2.95114e-05
1097.44 2.85517e-05
1098.94 2.7352e-05
1100.44 2.83117e-05
1101.94 2.90315e-05
1103.44 2.71121e-05
1104.94 2.80718e-05
1106.45 2.75919e-05
1107.95 2.75919e-05
1109.45 2.97513e-05
1110.95 3.04711e-05
1112.45 3.14308e-05
1113.95 3.0951e-05
1115.45 3.0711e-05
1116.95 3.0711e-05
1118.46 3.04711e-05
1119.96 2.80718e-05
1121.46 2.80718e-05
1122.96 2.66322e-05
1124.46 2.47128e-05
1125.96 2.47128e-05
1127.46 2.47128e-05
1128.96 2.51926e-05
1130.46 2.59124e-05
1131.96 2.63923e-05
1133.47 2.66322e-05
1134.97 2.56725e-05
1136.47 2.54326e-05
1137.97 2.54326e-05
1139.47 2.56725e-05
1140.97 2.47128e-05
1142.47 2.49527e-05
1143.97 2.61524e-05
1145.48 2.49527e-05
1146.98 2.47128e-05
1148.48 2.20736e-05
1149.98 2.35131e-05
1151.48 2.13538e-05
1152.98 2.13538e-05
1154.48 2.11138e-05
1155.98 2.15937e-05
1157.48 2.13538e-05
1158.99 2.0394e-05
1160.49 1.89545e-05
1161.99 2.01541e-05
1163.49 1.99142e-05
1164.99 1.82347e-05
1166.49 1.94343e-05
1167.99 1.89545e-05
1169.49 1.82347e-05
1170.99 1.79947e-05
1172.5 1.67951e-05
1174 1.7275e-05
1175.5 1.72749e-05
1177 1.7035e-05
1178.5 1.77548e-05
1180 1.79947e-05
1181.5 1.89545e-05
1183 1.91944e-05
1184.5 1.94343e-05
1186.01 1.87145e-05
1187.51 1.89545e-05
1189.01 1.89545e-05
1190.51 1.89545e-05
1192.01 1.87145e-05
1193.51 1.67951e-05
1195.01 1.7275e-05
1196.51 1.77548e-05
1198.01 1.75149e-05
1199.52 1.75149e-05
1201.02 1.82347e-05
1202.52 1.7275e-05
1204.02 1.67951e-05
1205.52 1.60753e-05
1207.02 1.29562e-05
1208.52 1.27163e-05
1210.02 1.24764e-05
1211.52 1.12767e-05
1213.03 1.10368e-05
1214.53 1.12767e-05
1216.03 1.07968e-05
1217.53 1.0317e-05
1219.03 1.0317e-05
1220.53 1.12767e-05
1222.03 9.59719e-06
1223.53 8.63747e-06
1225.03 7.91768e-06
1226.54 6.23818e-06
1228.04 5.99825e-06
1229.54 5.51839e-06
1231.04 4.79859e-06
1232.54 6.23817e-06
1234.04 7.67774e-06
1235.54 6.71803e-06
1237.04 7.19789e-06
1238.54 7.91768e-06
1240.05 7.67774e-06
1241.55 7.91768e-06
1243.05 8.63747e-06
1244.55 8.39754e-06
1246.05 9.11732e-06
1247.55 9.35726e-06
1249.05 9.59719e-06
1250.55 8.8774e-06
1252.05 1.05569e-05
1253.56 1.05569e-05
1255.06 1.07968e-05
1256.56 1.05569e-05
1258.06 1.12767e-05
1259.56 9.83712e-06
1261.06 9.11733e-06
1262.56 9.59719e-06
1264.06 9.59719e-06
1265.56 1.0317e-05
1267.07 1.07968e-05
1268.57 1.10368e-05
1270.07 1.19965e-05
1271.57 1.34361e-05
1273.07 1.39159e-05
1274.57 1.39159e-05
1276.07 1.22364e-05
1277.57 1.12767e-05
1279.07 9.59719e-06
1280.58 1.12767e-05
1282.08 9.83712e-06
1283.58 1.0077e-05
1285.08 8.87739e-06
1286.58 8.15761e-06
1288.08 8.63747e-06
1289.58 7.43782e-06
1291.08 7.43782e-06
1292.58 8.87741e-06
1294.09 9.11734e-06
1295.59 7.91768e-06
1297.09 8.39754e-06
1298.59 8.8774e-06
1300.09 8.39753e-06
1301.59 7.43782e-06
1303.09 9.11733e-06
1304.59 8.39753e-06
1306.09 8.1576e-06
1307.6 8.87739e-06
1309.1 8.63747e-06
1310.6 8.15761e-06
1312.1 1.0317e-05
1313.6 1.0077e-05
1315.1 1.00771e-05
1316.6 9.83712e-06
1318.1 9.35726e-06
1319.6 8.39754e-06
1321.11 7.67774e-06
1322.61 6.71803e-06
1324.11 5.99823e-06
1325.61 5.03851e-06
1327.11 5.27845e-06
1328.61 3.59894e-06
1330.11 3.11907e-06
1331.61 3.83886e-06
1333.11 4.79858e-06
1334.62 3.83887e-06
1336.12 4.31872e-06
1337.62 3.83886e-06
1339.12 3.83886e-06
1340.62 3.11907e-06
1342.12 2.63921e-06
1343.62 1.91943e-06
1345.12 2.63922e-06
1346.62 2.15937e-06
1348.13 2.87916e-06
1349.63 2.15937e-06
1351.13 0
1352.63 2.15936e-06
1354.13 9.59708e-07
1355.63 1.91942e-06
1357.13 2.39928e-06
1358.63 2.15935e-06
1360.13 2.39929e-06
1361.64 3.359e-06
1363.14 3.35901e-06
1364.64 4.79858e-06
1366.14 5.99823e-06
1367.64 5.7583e-06
1369.14 4.79858e-06
1370.64 5.7583e-06
1372.14 6.71803e-06
1373.64 7.19789e-06
1375.15 7.19789e-06
1376.65 6.95796e-06
1378.15 5.75831e-06
1379.65 6.71803e-06
1381.15 6.95796e-06
1382.65 7.67775e-06
1384.15 8.15761e-06
1385.65 8.8774e-06
1387.15 8.63747e-06
1388.66 7.67774e-06
1390.16 6.47809e-06
1391.66 7.19789e-06
1393.16 7.67774e-06
1394.66 8.39754e-06
1396.16 7.19789e-06
1397.66 8.63747e-06
1399.16 9.35726e-06
1400.66 1.05569e-05
1402.17 1.07968e-05
1403.67 1.0317e-05
1405.17 1.07968e-05
1406.67 1.17566e-05
1408.17 1.17566e-05
1409.67 1.15166e-05
1411.17 1.29562e-05
1412.67 1.29562e-05
1414.17 1.3676e-05
1415.68 1.34361e-05
1417.18 1.58354e-05
1418.68 1.51156e-05
1420.18 1.43958e-05
1421.68 1.43958e-05
1423.18 1.3676e-05
1424.68 1.17566e-05
1426.18 1.05569e-05
1427.69 1.05569e-05
1429.19 9.83712e-06
1430.69 9.83711e-06
1432.19 1.07968e-05
1433.69 1.19965e-05
1435.19 1.19965e-05
1436.69 1.22364e-05
1438.19 1.22364e-05
1439.69 1.27163e-05
1441.19 1.39159e-05
1442.7 1.31961e-05
1444.2 1.31961e-05
1445.7 1.34361e-05
1447.2 1.48756e-05
1448.7 1.55954e-05
1450.2 1.43958e-05
1451.7 1.46357e-05
1453.2 1.46357e-05
1454.71 1.34361e-05
1456.21 1.27163e-05
1457.71 1.34361e-05
1459.21 1.24763e-05
1460.71 1.24763e-05
1462.21 1.24763e-05
1463.71 1.24764e-05
1465.21 1.29562e-05
1466.71 1.31961e-05
1468.22 1.22364e-05
1469.72 1.17566e-05
1471.22 1.34361e-05
1472.72 1.39159e-05
1474.22 1.31961e-05
1475.72 1.31961e-05
1477.22 1.24764e-05
1478.72 1.12767e-05
1480.22 1.29562e-05
1481.73 1.43958e-05
1483.23 1.53555e-05
1484.73 1.29562e-05
1486.23 1.29562e-05
1487.73 1.19965e-05
1489.23 1.17566e-05
1490.73 1.00771e-05
1492.23 9.83712e-06
1493.73 9.59719e-06
1495.24 8.8774e-06
1496.74 1.05569e-05
1498.24 1.05569e-05
1499.74 1.17566e-05
1501.24 1.27163e-05
1502.74 1.34361e-05
1504.24 1.3676e-05
1505.74 1.55954e-05
1507.24 1.53555e-05
1508.75 1.51156e-05
1510.25 1.51156e-05
1511.75 1.29562e-05
1513.25 1.17566e-05
1514.75 1.17566e-05
1516.25 1.12767e-05
1517.75 1.22364e-05
1519.25 1.24764e-05
1520.75 1.27163e-05
1522.26 1.29562e-05
1523.76 1.24764e-05
1525.26 1.22364e-05
1526.76 1.27163e-05
1528.26 1.12767e-05
1529.76 1.17566e-05
1531.26 1.27163e-05
1532.76 1.31961e-05
1534.26 1.29562e-05
1535.77 1.43958e-05
1537.27 1.51156e-05
1538.77 1.7035e-05
1540.27 1.82347e-05
1541.77 1.79947e-05
1543.27 1.67951e-05
1544.77 1.55954e-05
1546.27 1.51156e-05
1547.77 1.43958e-05
1549.28 1.34361e-05
1550.78 1.31961e-05
1552.28 1.29562e-05
1553.78 1.41559e-05
1555.28 1.3676e-05
1556.78 1.3676e-05
1558.28 1.63152e-05
1559.78 1.60753e-05
1561.28 1.53555e-05
1562.79 1.46357e-05
1564.29 1.55954e-05
1565.79 1.53555e-05
1567.29 1.58354e-05
1568.79 1.53555e-05
1570.29 1.55954e-05
1571.79 1.53555e-05
1573.29 1.48756e-05
1574.79 1.46357e-05
1576.3 1.41559e-05
