-1574.55 3.41194e-05
-1573.05 3.37882e-05
-1571.55 3.41194e-05
-1570.05 3.54445e-05
-1568.55 3.44507e-05
-1567.04 3.41194e-05
-1565.54 3.21319e-05
-1564.04 3.27944e-05
-1562.54 3.27944e-05
-1561.04 3.31257e-05
-1559.54 3.21319e-05
-1558.04 3.27944e-05
-1556.54 3.24632e-05
-1555.04 3.08069e-05
-1553.54 3.18006e-05
-1552.04 3.37882e-05
-1550.53 3.4782e-05
-1549.03 3.44507e-05
-1547.53 3.24632e-05
-1546.03 3.21319e-05
-1544.53 3.14694e-05
-1543.03 3.41194e-05
-1541.53 3.27944e-05
-1540.03 3.11381e-05
-1538.53 3.14694e-05
-1537.03 3.08069e-05
-1535.53 3.01444e-05
-1534.02 3.11381e-05
-1532.52 3.18006e-05
-1531.02 3.14694e-05
-1529.52 3.08069e-05
-1528.02 3.11381e-05
-1526.52 3.18006e-05
-1525.02 3.41194e-05
-1523.52 3.47819e-05
-1522.02 3.37882e-05
-1520.52 3.51132e-05
-1519.02 3.57757e-05
-1517.51 3.27944e-05
-1516.01 3.21319e-05
-1514.51 3.14694e-05
-1513.01 3.24632e-05
-1511.51 3.21319e-05
-1510.01 3.08069e-05
-1508.51 2.94818e-05
-1507.01 3.04756e-05
-1505.51 3.14694e-05
-1504.01 3.14694e-05
-1502.51 3.11381e-05
-1501 2.68318e-05
-1499.5 2.84881e-05
-1498 2.94818e-05
-1496.5 3.01444e-05
-1495 3.04756e-05
-1493.5 3.11381e-05
-1492 3.14694e-05
-1490.5 3.14694e-05
-1489 3.21319e-05
-1487.5 3.18006e-05
-1486 3.31257e-05
-1484.49 3.27944e-05
-1482.99 3.31257e-05
-1481.49 3.27944e-05
-1479.99 3.31257e-05
-1478.49 3.24631e-05
-1476.99 3.44507e-05
-1475.49 3.47819e-05
-1473.99 3.34569e-05
-1472.49 3.34569e-05
-1470.99 3.27944e-05
-1469.49 3.08069e-05
-1467.98 3.08069e-05
-1466.48 3.04756e-05
-1464.98 3.11381e-05
-1463.48 3.08069e-05
-1461.98 3.08069e-05
-1460.48 3.11381e-05
-1458.98 3.04756e-05
-1457.48 3.18006e-05
-1455.98 3.08069e-05
-1454.48 3.08069e-05
-1452.98 3.31257e-05
-1451.47 3.27944e-05
-1449.97 3.21319e-05
-1448.47 3.31257e-05
-1446.97 3.37882e-05
-1445.47 3.21319e-05
-1443.97 3.11381e-05
-1442.47 3.14694e-05
-1440.97 3.21319e-05
-1439.47 3.08069e-05
-1437.97 3.18006e-05
-1436.47 3.21319e-05
-1434.96 3.37882e-05
-1433.46 3.54445e-05
-1431.96 3.77633e-05
-1430.46 3.64382e-05
-1428.96 3.6107e-05
-1427.46 3.57757e-05
-1425.96 3.4782e-05
-1424.46 3.41194e-05
-1422.96 3.34569e-05
-1421.46 3.31257e-05
-1419.96 3.21319e-05
-1418.45 2.98131e-05
-1416.95 2.78256e-05
-1415.45 2.68318e-05
-1413.95 2.78256e-05
-1412.45 2.81568e-05
-1410.95 2.98131e-05
-1409.45 3.01444e-05
-1407.95 3.01444e-05
-1406.45 3.14694e-05
-1404.95 3.04756e-05
-1403.45 3.04756e-05
-1401.94 3.18006e-05
-1400.44 3.18006e-05
-1398.94 2.88193e-05
-1397.44 3.01444e-05
-1395.94 2.88193e-05
-1394.44 3.04756e-05
-1392.94 2.98131e-05
-1391.44 3.01444e-05
-1389.94 3.04756e-05
-1388.44 3.08069e-05
-1386.94 2.94818e-05
-1385.43 2.78256e-05
-1383.93 2.94818e-05
-1382.43 2.98131e-05
-1380.93 2.84881e-05
-1379.43 2.98131e-05
-1377.93 2.94818e-05
-1376.43 2.94818e-05
-1374.93 3.01444e-05
-1373.43 3.01444e-05
-1371.93 2.84881e-05
-1370.43 2.65005e-05
-1368.92 2.81568e-05
-1367.42 2.94818e-05
-1365.92 2.91506e-05
-1364.42 3.01444e-05
-1362.92 3.04756e-05
-1361.42 3.01444e-05
-1359.92 3.08069e-05
-1358.42 3.24632e-05
-1356.92 3.21319e-05
-1355.42 3.04756e-05
-1353.91 3.01444e-05
-1352.41 2.74943e-05
-1350.91 2.7163e-05
-1349.41 2.65005e-05
-1347.91 2.78256e-05
-1346.41 2.94818e-05
-1344.91 2.98131e-05
-1343.41 2.88193e-05
-1341.91 2.84881e-05
-1340.41 2.91506e-05
-1338.91 3.18006e-05
-1337.4 2.98131e-05
-1335.9 3.11381e-05
-1334.4 3.24632e-05
-1332.9 3.37882e-05
-1331.4 3.34569e-05
-1329.9 3.27944e-05
-1328.4 3.21319e-05
-1326.9 3.08069e-05
-1325.4 3.11381e-05
-1323.9 3.27944e-05
-1322.4 3.24632e-05
-1320.89 3.34569e-05
-1319.39 3.31257e-05
-1317.89 3.27944e-05
-1316.39 3.21319e-05
-1314.89 3.24632e-05
-1313.39 3.27944e-05
-1311.89 3.18006e-05
-1310.39 3.18006e-05
-1308.89 2.98131e-05
-1307.39 2.88193e-05
-1305.89 2.91506e-05
-1304.38 3.01444e-05
-1302.88 3.04756e-05
-1301.38 2.98131e-05
-1299.88 2.94818e-05
-1298.38 3.04756e-05
-1296.88 3.14694e-05
-1295.38 3.21319e-05
-1293.88 3.14694e-05
-1292.38 3.14694e-05
-1290.88 2.94818e-05
-1289.38 2.88193e-05
-1287.87 3.01444e-05
-1286.37 3.01444e-05
-1284.87 2.98131e-05
-1283.37 2.94818e-05
-1281.87 2.98131e-05
-1280.37 3.08069e-05
-1278.87 3.18006e-05
-1277.37 3.27944e-05
-1275.87 3.37882e-05
-1274.37 3.37882e-05
-1272.87 3.37882e-05
-1271.36 3.14694e-05
-1269.86 3.14694e-05
-1268.36 3.24632e-05
-1266.86 3.14694e-05
-1265.36 2.94818e-05
-1263.86 2.88193e-05
-1262.36 2.88193e-05
-1260.86 2.91506e-05
-1259.36 3.04756e-05
-1257.86 2.84881e-05
-1256.36 2.81568e-05
-1254.85 3.01444e-05
-1253.35 3.24631e-05
-1251.85 3.18006e-05
-1250.35 3.11381e-05
-1248.85 3.08069e-05
-1247.35 3.21319e-05
-1245.85 3.21319e-05
-1244.35 3.11381e-05
-1242.85 3.08069e-05
-1241.35 3.01444e-05
-1239.85 3.08069e-05
-1238.34 3.08069e-05
-1236.84 3.04756e-05
-1235.34 2.98131e-05
-1233.84 2.81568e-05
-1232.34 2.78256e-05
-1230.84 2.78256e-05
-1229.34 2.98131e-05
-1227.84 2.84881e-05
-1226.34 2.7163e-05
-1224.84 2.7163e-05
-1223.34 2.78256e-05
-1221.83 2.7163e-05
-1220.33 2.71631e-05
-1218.83 2.65005e-05
-1217.33 2.81568e-05
-1215.83 2.91506e-05
-1214.33 3.08069e-05
-1212.83 2.74943e-05
-1211.33 2.74943e-05
-1209.83 2.78256e-05
-1208.33 2.74943e-05
-1206.83 2.81568e-05
-1205.32 2.68318e-05
-1203.82 2.61693e-05
-1202.32 2.65005e-05
-1200.82 2.61693e-05
-1199.32 2.48443e-05
-1197.82 2.55068e-05
-1196.32 2.61693e-05
-1194.82 2.48442e-05
-1193.32 2.81568e-05
-1191.82 2.78256e-05
-1190.32 2.65005e-05
-1188.81 2.81568e-05
-1187.31 2.7163e-05
-1185.81 2.78256e-05
-1184.31 2.94818e-05
-1182.81 2.74943e-05
-1181.31 2.81568e-05
-1179.81 2.68318e-05
-1178.31 2.81568e-05
-1176.81 2.88193e-05
-1175.31 3.01444e-05
-1173.81 2.94818e-05
-1172.3 2.91506e-05
-1170.8 2.91506e-05
-1169.3 3.08069e-05
-1167.8 2.91506e-05
-1166.3 2.68318e-05
-1164.8 2.81568e-05
-1163.3 2.7163e-05
-1161.8 2.68318e-05
-1160.3 2.78256e-05
-1158.8 2.68318e-05
-1157.3 2.65005e-05
-1155.79 2.74943e-05
-1154.29 2.84881e-05
-1152.79 2.94818e-05
-1151.29 2.91506e-05
-1149.79 2.81568e-05
-1148.29 2.88193e-05
-1146.79 3.01444e-05
-1145.29 2.84881e-05
-1143.79 2.91506e-05
-1142.29 2.91506e-05
-1140.79 2.91506e-05
-1139.28 2.94818e-05
-1137.78 2.74943e-05
-1136.28 2.81568e-05
-1134.78 2.84881e-05
-1133.28 2.94818e-05
-1131.78 2.91506e-05
-1130.28 2.61693e-05
-1128.78 2.55068e-05
-1127.28 2.65005e-05
-1125.78 2.74943e-05
-1124.28 2.78256e-05
-1122.77 2.41817e-05
-1121.27 2.41817e-05
-1119.77 2.68318e-05
-1118.27 2.65005e-05
-1116.77 2.68318e-05
-1115.27 2.7163e-05
-1113.77 2.65005e-05
-1112.27 2.78256e-05
-1110.77 2.74943e-05
-1109.27 2.78256e-05
-1107.77 2.7163e-05
-1106.26 2.7163e-05
-1104.76 2.61693e-05
-1103.26 2.5838e-05
-1101.76 2.48442e-05
-1100.26 2.61693e-05
-1098.76 2.4513e-05
-1097.26 2.48442e-05
-1095.76 2.38505e-05
-1094.26 2.4513e-05
-1092.76 2.55068e-05
-1091.26 2.61693e-05
-1089.75 2.5838e-05
-1088.25 2.5838e-05
-1086.75 2.5838e-05
-1085.25 2.61693e-05
-1083.75 2.61693e-05
-1082.25 2.61693e-05
-1080.75 2.7163e-05
-1079.25 2.55068e-05
-1077.75 2.65005e-05
-1076.25 2.68318e-05
-1074.75 2.41817e-05
-1073.24 2.65005e-05
-1071.74 2.78256e-05
-1070.24 2.74943e-05
-1068.74 2.65005e-05
-1067.24 2.7163e-05
-1065.74 2.51755e-05
-1064.24 2.61693e-05
-1062.74 2.7163e-05
-1061.24 2.48442e-05
-1059.74 2.55068e-05
-1058.24 2.4513e-05
-1056.73 2.61693e-05
-1055.23 2.65005e-05
-1053.73 2.55068e-05
-1052.23 2.51755e-05
-1050.73 2.61693e-05
-1049.23 2.68318e-05
-1047.73 2.38505e-05
-1046.23 2.55068e-05
-1044.73 2.28567e-05
-1043.23 2.28567e-05
-1041.73 2.3188e-05
-1040.22 2.38505e-05
-1038.72 2.18629e-05
-1037.22 2.35192e-05
-1035.72 2.25255e-05
-1034.22 2.28567e-05
-1032.72 2.28567e-05
-1031.22 2.41817e-05
-1029.72 2.3188e-05
-1028.22 2.3188e-05
-1026.72 2.08692e-05
-1025.22 2.35192e-05
-1023.71 2.38505e-05
-1022.21 2.28567e-05
-1020.71 2.25254e-05
-1019.21 2.51755e-05
-1017.71 2.48442e-05
-1016.21 2.61693e-05
-1014.71 2.65005e-05
-1013.21 2.5838e-05
-1011.71 2.65005e-05
-1010.21 2.7163e-05
-1008.7 2.5838e-05
-1007.2 2.74943e-05
-1005.7 2.5838e-05
-1004.2 2.4513e-05
-1002.7 2.35192e-05
-1001.2 2.3188e-05
-999.7 2.28567e-05
-998.199 2.25255e-05
-996.698 2.48442e-05
-995.197 2.51755e-05
-993.696 2.5838e-05
-992.195 2.81568e-05
-990.694 2.7163e-05
-989.193 2.68318e-05
-987.692 2.5838e-05
-986.191 2.61693e-05
-984.69 2.55068e-05
-983.189 2.61693e-05
-981.689 2.55068e-05
-980.188 2.55068e-05
-978.687 2.48442e-05
-977.186 2.35192e-05
-975.685 2.5838e-05
-974.184 2.51755e-05
-972.683 2.68318e-05
-971.182 2.61693e-05
-969.681 2.68318e-05
-968.18 2.65005e-05
-966.679 2.55068e-05
-965.179 2.51755e-05
-963.678 2.7163e-05
-962.177 2.65005e-05
-960.676 2.55068e-05
-959.175 2.51755e-05
-957.674 2.5838e-05
-956.173 2.88193e-05
-954.672 2.91506e-05
-953.171 2.84881e-05
-951.67 3.01444e-05
-950.169 3.08069e-05
-948.668 3.24632e-05
-947.168 3.11381e-05
-945.667 2.94818e-05
-944.166 2.91506e-05
-942.665 2.7163e-05
-941.164 2.65005e-05
-939.663 2.68318e-05
-938.162 2.74943e-05
-936.661 2.88193e-05
-935.16 2.94818e-05
-933.659 3.04756e-05
-932.158 3.01444e-05
-930.658 2.91506e-05
-929.157 2.94818e-05
-927.656 2.94818e-05
-926.155 2.84881e-05
-924.654 2.65005e-05
-923.153 2.55068e-05
-921.652 2.48443e-05
-920.151 2.55068e-05
-918.65 2.4513e-05
-917.149 2.51755e-05
-915.648 2.51755e-05
-914.148 2.5838e-05
-912.647 2.78256e-05
-911.146 2.78256e-05
-909.645 2.84881e-05
-908.144 2.81568e-05
-906.643 2.81568e-05
-905.142 2.78256e-05
-903.641 2.84881e-05
-902.14 2.88193e-05
-900.639 3.01444e-05
-899.138 2.88193e-05
-897.637 2.81568e-05
-896.137 3.01444e-05
-894.636 2.98131e-05
-893.135 2.98131e-05
-891.634 2.84881e-05
-890.133 2.78256e-05
-888.632 2.78256e-05
-887.131 2.5838e-05
-885.63 2.4513e-05
-884.129 2.4513e-05
-882.628 2.5838e-05
-881.127 2.7163e-05
-879.626 2.65005e-05
-878.126 2.65005e-05
-876.625 2.5838e-05
-875.124 2.35192e-05
-873.623 2.18629e-05
-872.122 2.38505e-05
-870.621 2.4513e-05
-869.12 2.61693e-05
-867.619 2.7163e-05
-866.118 2.84881e-05
-864.617 2.88193e-05
-863.116 2.94818e-05
-861.616 2.91506e-05
-860.115 3.01444e-05
-858.614 3.04756e-05
-857.113 3.01444e-05
-855.612 2.94818e-05
-854.111 2.84881e-05
-852.61 2.88193e-05
-851.109 2.61693e-05
-849.608 2.71631e-05
-848.107 2.78256e-05
-846.606 2.84881e-05
-845.105 2.84881e-05
-843.605 2.81568e-05
-842.104 2.74943e-05
-840.603 2.7163e-05
-839.102 2.7163e-05
-837.601 2.5838e-05
-836.1 2.5838e-05
-834.599 2.51755e-05
-833.098 2.61693e-05
-831.597 2.68318e-05
-830.096 2.81568e-05
-828.595 2.98131e-05
-827.095 3.14694e-05
-825.594 3.11381e-05
-824.093 3.24632e-05
-822.592 3.27944e-05
-821.091 3.31257e-05
-819.59 3.08069e-05
-818.089 2.98131e-05
-816.588 2.7163e-05
-815.087 2.7163e-05
-813.586 2.78256e-05
-812.085 2.7163e-05
-810.585 2.84881e-05
-809.084 2.94818e-05
-807.583 2.91506e-05
-806.082 2.91506e-05
-804.581 3.01444e-05
-803.08 2.94818e-05
-801.579 2.91506e-05
-800.078 2.7163e-05
-798.577 2.78256e-05
-797.076 2.81568e-05
-795.575 2.74943e-05
-794.074 2.65005e-05
-792.574 2.65005e-05
-791.073 2.68318e-05
-789.572 2.5838e-05
-788.071 2.68318e-05
-786.57 2.7163e-05
-785.069 2.55068e-05
-783.568 2.65005e-05
-782.067 2.55068e-05
-780.566 2.5838e-05
-779.065 2.7163e-05
-777.564 2.81568e-05
-776.063 2.98131e-05
-774.563 2.7163e-05
-773.062 2.78256e-05
-771.561 2.84881e-05
-770.06 2.55068e-05
-768.559 2.51755e-05
-767.058 2.61693e-05
-765.557 2.5838e-05
-764.056 2.55068e-05
-762.555 2.61693e-05
-761.054 2.65005e-05
-759.553 2.61693e-05
-758.053 2.55068e-05
-756.552 2.74943e-05
-755.051 2.7163e-05
-753.55 2.65005e-05
-752.049 2.5838e-05
-750.548 2.55068e-05
-749.047 2.4513e-05
-747.546 2.35192e-05
-746.045 2.48443e-05
-744.544 2.55068e-05
-743.043 2.51755e-05
-741.542 2.65005e-05
-740.042 2.48443e-05
-738.541 2.51755e-05
-737.04 2.4513e-05
-735.539 2.35192e-05
-734.038 2.3188e-05
-732.537 2.3188e-05
-731.036 2.28567e-05
-729.535 2.28567e-05
-728.034 2.18629e-05
-726.533 2.05379e-05
-725.032 2.02067e-05
-723.532 2.15317e-05
-722.031 2.02067e-05
-720.53 2.05379e-05
-719.029 2.12004e-05
-717.528 2.05379e-05
-716.027 2.15317e-05
-714.526 2.18629e-05
-713.025 2.35192e-05
-711.524 2.51755e-05
-710.023 2.35192e-05
-708.522 2.55068e-05
-707.022 2.55068e-05
-705.521 2.41817e-05
-704.02 2.41817e-05
-702.519 2.4513e-05
-701.018 2.38505e-05
-699.517 2.15317e-05
-698.016 2.28567e-05
-696.515 2.18629e-05
-695.014 2.25255e-05
-693.513 2.28567e-05
-692.012 2.3188e-05
-690.511 2.28567e-05
-689.011 2.25255e-05
-687.51 2.28567e-05
-686.009 2.3188e-05
-684.508 2.25255e-05
-683.007 2.21942e-05
-681.506 2.35192e-05
-680.005 2.3188e-05
-678.504 2.3188e-05
-677.003 2.18629e-05
-675.502 2.12004e-05
-674.001 2.15317e-05
-672.5 2.18629e-05
-671 2.18629e-05
-669.499 2.18629e-05
-667.998 2.3188e-05
-666.497 2.35192e-05
-664.996 2.48442e-05
-663.495 2.55068e-05
-661.994 2.55068e-05
-660.493 2.4513e-05
-658.992 2.51755e-05
-657.491 2.35192e-05
-655.99 2.15317e-05
-654.49 2.08692e-05
-652.989 2.25255e-05
-651.488 2.28567e-05
-649.987 2.18629e-05
-648.486 2.3188e-05
-646.985 2.35192e-05
-645.484 2.65005e-05
-643.983 2.5838e-05
-642.482 2.68318e-05
-640.981 2.84881e-05
-639.48 2.98131e-05
-637.98 3.04756e-05
-636.479 3.14694e-05
-634.978 2.94818e-05
-633.477 3.14694e-05
-631.976 3.11381e-05
-630.475 3.14694e-05
-628.974 2.91506e-05
-627.473 2.98131e-05
-625.972 3.14694e-05
-624.471 3.08069e-05
-622.97 3.24632e-05
-621.469 3.18006e-05
-619.969 3.14694e-05
-618.468 3.34569e-05
-616.967 3.41194e-05
-615.466 3.44507e-05
-613.965 3.57757e-05
-612.464 3.67695e-05
-610.963 3.67695e-05
-609.462 3.7432e-05
-607.961 3.84258e-05
-606.46 3.94195e-05
-604.959 4.04133e-05
-603.458 4.17383e-05
-601.958 4.33946e-05
-600.457 4.47196e-05
-598.956 4.73697e-05
-597.455 4.86947e-05
-595.954 4.9026e-05
-594.453 5.10135e-05
-592.952 5.20073e-05
-591.451 5.1676e-05
-589.95 5.46573e-05
-588.449 5.46573e-05
-586.948 5.46573e-05
-585.448 5.66449e-05
-583.947 5.56511e-05
-582.446 5.46573e-05
-580.945 5.39948e-05
-579.444 5.59823e-05
-577.943 5.66449e-05
-576.442 5.63136e-05
-574.941 5.56511e-05
-573.44 5.59823e-05
-571.939 5.66449e-05
-570.438 5.63136e-05
-568.937 5.59823e-05
-567.437 5.66449e-05
-565.936 5.66449e-05
-564.435 5.66449e-05
-562.934 5.76386e-05
-561.433 5.76386e-05
-559.932 5.66449e-05
-558.431 5.59823e-05
-556.93 5.66449e-05
-555.429 5.73074e-05
-553.928 5.86324e-05
-552.427 5.73074e-05
-550.927 5.69761e-05
-549.426 5.59824e-05
-547.925 5.59824e-05
-546.424 5.59823e-05
-544.923 5.66449e-05
-543.422 5.59823e-05
-541.921 5.79699e-05
-540.42 5.76386e-05
-538.919 5.83011e-05
-537.418 5.73074e-05
-535.917 5.79699e-05
-534.417 5.83011e-05
-532.916 5.76386e-05
-531.415 5.63136e-05
-529.914 5.53198e-05
-528.413 5.46573e-05
-526.912 5.39948e-05
-525.411 5.49886e-05
-523.91 0.000108983
-522.409 0.000110971
-520.908 0.000113952
-519.407 0.000116934
-517.907 0.000117265
-516.406 0.000118259
-514.905 0.000123559
-513.404 0.000123227
-511.903 0.000124552
-510.402 0.000124221
-508.901 0.000126871
-507.4 0.000127202
-505.899 0.000128859
-504.398 0.000128859
-502.897 0.000131178
-501.396 0.000132834
-499.896 0.000133165
-498.395 0.000134159
-496.894 0.00013449
-495.393 0.00013449
-493.892 0.000136478
-492.391 0.000136146
-490.89 0.000135815
-489.389 0.000136478
-487.888 0.000137803
-486.387 0.000135815
-484.886 0.000136146
-483.385 0.000137803
-481.885 0.000136478
-480.384 0.000135815
-478.883 0.000133828
-477.382 0.000133828
-475.881 0.000132171
-474.38 0.00012919
-472.879 0.000128859
-471.378 0.000128527
-469.877 0.000128527
-468.376 0.000128527
-466.875 0.000128527
-465.374 0.000128196
-463.874 0.000127534
-462.373 0.000125877
-460.872 0.000123559
-459.371 0.000122896
-457.87 0.000122234
-456.369 0.000118921
-454.868 0.00011594
-453.367 0.000113621
-451.866 0.000113952
-450.365 0.000113952
-448.864 0.000113621
-447.364 0.000111965
-445.863 0.000112958
-444.362 0.000111965
-442.861 0.00011064
-441.36 0.000108652
-439.859 0.000107327
-438.358 0.000105671
-436.857 0.000103352
-435.356 0.000101696
-433.855 0.000100371
-432.354 0.000100039
-430.854 9.80519e-05
-429.353 9.70582e-05
-427.852 9.50706e-05
-426.351 9.34143e-05
-424.85 9.17581e-05
-423.349 9.14268e-05
-421.848 8.9108e-05
-420.347 8.81142e-05
-418.846 8.81142e-05
-417.345 8.61267e-05
-415.844 8.64579e-05
-414.344 8.71205e-05
-412.843 8.84455e-05
-411.342 8.7783e-05
-409.841 8.67892e-05
-408.34 8.54642e-05
-406.839 8.48017e-05
-405.338 8.48017e-05
-403.837 8.38079e-05
-402.336 8.28141e-05
-400.835 8.51329e-05
-399.334 8.41391e-05
-397.833 8.44704e-05
-396.333 8.41391e-05
-394.832 8.48017e-05
-393.331 8.64579e-05
-391.83 8.87767e-05
-390.329 8.97705e-05
-388.828 8.84455e-05
-387.327 8.64579e-05
-385.826 8.54642e-05
-384.325 8.44704e-05
-382.824 8.38079e-05
-381.323 8.57954e-05
-379.822 8.64579e-05
-378.322 8.81142e-05
-376.821 8.94393e-05
-375.32 9.0433e-05
-373.819 9.20893e-05
-372.318 9.44081e-05
-370.817 9.63956e-05
-369.316 9.77207e-05
-367.815 9.83832e-05
-366.314 9.80519e-05
-364.813 9.87144e-05
-363.312 9.9377e-05
-361.811 9.80519e-05
-360.311 9.63956e-05
-358.81 9.67269e-05
-357.309 9.50706e-05
-355.808 9.63956e-05
-354.307 9.57331e-05
-352.806 9.54019e-05
-351.305 9.40768e-05
-349.804 9.34143e-05
-348.303 9.50706e-05
-346.802 9.67269e-05
-345.301 9.77207e-05
-343.801 9.90457e-05
-342.3 0.000101696
-340.799 0.000102027
-339.298 0.000105008
-337.797 0.000107327
-336.296 0.000108652
-334.795 0.000111302
-333.294 0.000110308
-331.793 0.000112627
-330.292 0.000114283
-328.791 0.000115277
-327.291 0.000117265
-325.79 0.00011859
-324.289 0.000118921
-322.788 0.000118921
-321.287 0.000120577
-319.786 0.000119915
-318.285 0.000121902
-316.784 0.00012389
-315.283 0.000124884
-313.782 0.000125215
-312.281 0.000124552
-310.781 0.000125546
-309.28 0.000126209
-307.779 0.000127202
-306.278 0.000128196
-304.777 0.000131178
-303.276 0.000130515
-301.775 0.000133828
-300.274 0.000135484
-298.773 0.000139459
-297.272 0.00014244
-295.771 0.000144759
-294.27 0.000146415
-292.77 0.000147409
-291.269 0.000150722
-289.768 0.000154697
-288.267 0.000158009
-286.766 0.000161653
-285.265 0.000164303
-283.764 0.000165959
-282.263 0.000172916
-280.762 0.000175235
-279.261 0.000179541
-277.76 0.000182854
-276.259 0.00018451
-274.759 0.000187491
-273.258 0.000194116
-271.757 0.00019776
-270.256 0.00020306
-268.755 0.000209685
-267.254 0.000214323
-265.753 0.000224261
-264.252 0.000231879
-262.751 0.000239167
-261.25 0.000245792
-259.749 0.00025308
-258.248 0.000261692
-256.748 0.000269311
-255.247 0.000278587
-253.746 0.000286868
-252.245 0.000295149
-250.744 0.000306081
-249.243 0.000317675
-247.742 0.000329269
-246.241 0.000341856
-244.74 0.000352788
-243.239 0.000370676
-241.738 0.000382932
-240.238 0.000399495
-238.737 0.00041672
-237.236 0.000434277
-235.735 0.000450509
-234.234 0.000471378
-232.733 0.000491253
-231.232 0.00051411
-229.731 0.000538623
-228.23 0.000560486
-226.729 0.000588312
-225.228 0.000615475
-223.728 0.000638994
-222.227 0.000667813
-220.726 0.000697295
-219.225 0.000728102
-217.724 0.000757583
-216.223 0.000786071
-214.722 0.000818203
-213.221 0.000851329
-211.72 0.000881805
-210.219 0.00091493
-208.718 0.000948718
-207.218 0.0009835
-205.717 0.00102126
-204.216 0.00106035
-202.715 0.00109745
-201.214 0.00113621
-199.713 0.00117729
-198.212 0.00121671
-196.711 0.00125778
-195.21 0.00130217
-193.709 0.00134325
-192.208 0.00138565
-190.707 0.00142573
-189.207 0.00146879
-187.706 0.00150987
-186.205 0.00154829
-184.704 0.00158871
-183.203 0.00163044
-181.702 0.00167152
-180.201 0.00170862
-178.7 0.00174738
-177.199 0.00178481
-175.698 0.00182125
-174.197 0.00185603
-172.696 0.00189015
-171.196 0.00192261
-169.695 0.00195574
-168.194 0.00198754
-166.693 0.00201768
-165.192 0.00204683
-163.691 0.00207367
-162.19 0.00210182
-160.689 0.00212866
-159.188 0.00215284
-157.687 0.00217603
-156.186 0.00219458
-154.685 0.00221843
-153.185 0.00223665
-151.684 0.00225254
-150.183 0.00226745
-148.682 0.00228368
-147.181 0.0022976
-145.68 0.00230853
-144.179 0.00232277
-142.678 0.0023337
-141.177 0.0023453
-139.676 0.00235523
-138.175 0.00236219
-136.675 0.00236948
-135.174 0.00237544
-133.673 0.00238008
-132.172 0.00238737
-130.671 0.002393
-129.17 0.00239763
-127.669 0.0024036
-126.168 0.0024089
-124.667 0.00241519
-123.166 0.00241983
-121.665 0.00242778
-120.165 0.00243672
-118.664 0.00244268
-117.163 0.00245163
-115.662 0.00245991
-114.161 0.00247316
-112.66 0.0024821
-111.159 0.002498
-109.658 0.00251026
-108.157 0.00252881
-106.656 0.00254703
-105.155 0.00256558
-103.655 0.0025891
-102.154 0.00260997
-100.653 0.00263481
-99.1517 0.00266032
-97.6508 0.00268616
-96.1499 0.00271663
-94.649 0.0027491
-93.1481 0.00278222
-91.6471 0.00281767
-90.1463 0.00285543
-88.6454 0.00289883
-87.1445 0.00294288
-85.6436 0.00298694
-84.1427 0.00303696
-82.6417 0.00308665
-81.1408 0.00314097
-79.6399 0.00319563
-78.139 0.00325427
-76.638 0.00331091
-75.1371 0.00336987
-73.6362 0.00343248
-72.1353 0.0034931
-70.6344 0.00355306
-69.1336 0.003615
-67.6326 0.00367695
-66.1317 0.00373724
-64.6308 0.00379686
-63.1299 0.00385881
-61.6289 0.00391976
-60.128 0.00398071
-58.6271 0.00404299
-57.1262 0.00410129
-55.6253 0.00415926
-54.1243 0.00421623
-52.6234 0.0042699
-51.1225 0.00432422
-49.6216 0.00437258
-48.1208 0.00441963
-46.6198 0.00446567
-45.1189 0.00450575
-43.618 0.00454318
-42.1171 0.00457631
-40.6162 0.00460612
-39.1152 0.00463527
-37.6143 0.00465714
-36.1134 0.00467767
-34.6125 0.00469954
-33.1116 0.00471113
-31.6106 0.00472206
-30.1097 0.00472968
-28.6089 0.00473332
-27.108 0.00473266
-25.6071 0.00472802
-24.1061 0.00472074
-22.6052 0.00470947
-21.1043 0.00469523
-19.6034 0.00467304
-18.1025 0.00464918
-16.6015 0.0046207
-15.1006 0.00458989
-13.5997 0.00455279
-12.0988 0.00451039
-10.5978 0.00446467
-9.09693 0.00441664
-7.59612 0.0043643
-6.0952 0.004306
-4.59428 0.00424604
-3.09335 0.00418211
-1.59244 0.00411619
-0.091514 0.0040453
1.40941 0.00397674
2.91033 0.00390253
4.41125 0.00382999
5.91217 0.00375281
7.41309 0.00367496
8.91401 0.0035991
10.4149 0.00352059
11.9159 0.00344242
13.4167 0.00336192
14.9176 0.00328209
16.4185 0.00319961
17.9194 0.00311745
19.4203 0.00303762
20.9213 0.00295779
22.4222 0.00287928
23.9231 0.00280409
25.424 0.00273088
26.925 0.00266032
28.4259 0.00259142
29.9268 0.0025255
31.4277 0.0024619
32.9285 0.00240028
34.4294 0.00234231
35.9304 0.00228401
37.4313 0.00222936
38.9322 0.00217603
40.4331 0.00212567
41.9341 0.00207897
43.435 0.00203093
44.9359 0.00198986
46.4368 0.00195044
47.9377 0.00191466
49.4387 0.00188286
50.9396 0.00185272
52.4405 0.00182721
53.9413 0.00180634
55.4422 0.00178845
56.9432 0.00177123
58.4441 0.001755
59.945 0.0017444
61.4459 0.00173545
62.9468 0.00172717
64.4478 0.00172187
65.9487 0.0017169
67.4496 0.00171425
68.9505 0.00171458
70.4514 0.00171492
71.9524 0.00171757
73.4533 0.00172187
74.9541 0.00172552
76.455 0.00173247
77.9559 0.00173777
79.4569 0.0017444
80.9578 0.0017487
82.4587 0.00175533
83.9596 0.00176162
85.4605 0.00176759
86.9615 0.00177156
88.4624 0.00177388
89.9633 0.00177421
91.4642 0.00177752
92.9652 0.00177819
94.466 0.00177951
95.9669 0.00177885
97.4678 0.00177554
98.9687 0.00177255
100.47 0.00176593
101.971 0.00175997
103.471 0.00175268
104.972 0.00173843
106.473 0.00172585
107.974 0.00170862
109.475 0.00169272
110.976 0.00167152
112.477 0.00165231
113.978 0.00162813
115.479 0.00160394
116.98 0.00157811
118.481 0.00155227
119.982 0.00152444
121.482 0.00149132
122.983 0.00145753
124.484 0.00142407
125.985 0.00138796
127.486 0.00135153
128.987 0.00131277
130.488 0.00127302
131.989 0.00123194
133.49 0.00119087
134.991 0.00114847
136.492 0.00110772
137.992 0.00106963
139.493 0.0010322
140.994 0.000993107
142.495 0.000953025
143.996 0.000913936
145.497 0.000876836
146.998 0.000839404
148.499 0.000800316
150 0.000765865
151.501 0.000731083
153.002 0.000698951
154.503 0.000663838
156.003 0.000630381
157.504 0.000600237
159.005 0.000568768
160.506 0.000538623
162.007 0.000512454
163.508 0.000486947
165.009 0.000459784
166.51 0.000437921
168.011 0.000414402
169.512 0.00039552
171.013 0.000375976
172.514 0.000359082
174.014 0.000344838
175.515 0.000333575
177.016 0.000318337
178.517 0.000305087
180.018 0.000295812
181.519 0.000286868
183.02 0.000277593
184.521 0.000269643
186.022 0.000264011
187.523 0.000256724
189.024 0.000254074
190.524 0.000248774
192.025 0.000245461
193.526 0.000246123
195.027 0.000248442
196.528 0.000247448
198.029 0.000246786
199.53 0.00024778
201.031 0.000251424
202.532 0.000252086
204.033 0.000254736
205.534 0.000258711
207.034 0.000263349
208.535 0.000265005
210.036 0.000265336
211.537 0.00027163
213.038 0.000275936
214.539 0.000276599
216.04 0.000277924
217.541 0.000279912
219.042 0.00028223
220.543 0.000285543
222.044 0.000286537
223.545 0.000288855
225.045 0.000293162
226.546 0.000292831
228.047 0.000294156
229.548 0.000293493
231.049 0.000293493
232.55 0.000289518
234.051 0.000288524
235.552 0.000287862
237.053 0.000285212
238.554 0.000283224
240.055 0.000279249
241.555 0.000276599
243.056 0.000273286
244.557 0.000267324
246.058 0.000263017
247.559 0.000257055
249.06 0.000253411
250.561 0.000248111
252.062 0.000240492
253.563 0.000235855
255.064 0.000228236
256.565 0.000221279
258.065 0.000216642
259.566 0.000210017
261.067 0.00020306
262.568 0.000196766
264.069 0.00018981
265.57 0.000182854
267.071 0.000175566
268.572 0.000169603
270.073 0.000163641
271.574 0.000157347
273.075 0.000152378
274.576 0.000145753
276.077 0.00013979
277.577 0.00013714
279.078 0.000132503
280.579 0.000127202
282.08 0.00012654
283.581 0.000121902
285.082 0.000117265
286.583 0.000114946
288.084 0.000111965
289.585 0.000111633
291.086 0.000110971
292.587 0.000106333
294.087 0.000105671
295.588 0.000104015
297.089 0.000103352
298.59 0.000102358
300.091 0.000100039
301.592 0.000100039
303.093 0.000101033
304.594 0.000101696
306.095 0.000101696
307.596 0.000102358
309.097 0.000103352
310.597 0.000103352
312.098 0.000105671
313.599 0.000108652
315.1 0.000109646
316.601 0.00011064
318.102 0.000109646
319.603 0.000111302
321.104 0.000114283
322.605 0.000116271
324.106 0.000117596
325.607 0.000119584
327.108 0.000119584
328.608 0.000122234
330.109 0.000122565
331.61 0.00012389
333.111 0.000126209
334.612 0.000126871
336.113 0.000127202
337.614 0.000129852
339.115 0.000129521
340.616 0.00012919
342.117 0.00012919
343.618 0.000128859
345.118 0.000127202
346.619 0.000128527
348.12 0.000127534
349.621 0.000127534
351.122 0.000124552
352.623 0.000123559
354.124 0.000122565
355.625 0.000120577
357.126 0.000119584
358.627 0.000116602
360.128 0.000113621
361.629 0.00011064
363.13 0.000109315
364.63 0.000106996
366.131 0.000104015
367.632 0.000104015
369.133 0.000102027
370.634 9.83832e-05
372.135 9.73894e-05
373.636 9.57331e-05
375.137 9.34143e-05
376.638 9.40769e-05
378.138 9.44081e-05
379.639 9.67269e-05
381.14 9.54019e-05
382.641 9.54019e-05
384.142 9.24206e-05
385.643 9.20893e-05
387.144 9.20893e-05
388.645 8.87767e-05
390.146 8.57954e-05
391.647 8.34766e-05
393.148 7.98328e-05
394.649 7.78453e-05
396.15 7.78453e-05
397.65 7.65202e-05
399.151 7.51952e-05
400.652 7.58577e-05
402.153 7.71828e-05
403.654 7.85078e-05
405.155 7.85078e-05
406.656 8.01641e-05
408.157 7.78453e-05
409.658 7.7514e-05
411.159 7.68515e-05
412.659 7.4864e-05
414.16 7.45327e-05
415.661 7.6189e-05
417.162 7.45327e-05
418.663 7.42014e-05
420.164 7.42014e-05
421.665 7.42014e-05
423.166 7.58577e-05
424.667 7.7514e-05
426.168 7.38702e-05
427.669 7.4864e-05
429.17 7.6189e-05
430.671 7.55265e-05
432.171 7.71828e-05
433.672 7.71828e-05
435.173 7.65202e-05
436.674 7.71828e-05
438.175 7.71828e-05
439.676 7.91703e-05
441.177 7.81765e-05
442.678 7.8839e-05
444.179 8.11578e-05
445.68 8.01641e-05
447.181 8.11578e-05
448.682 8.04953e-05
450.182 7.98328e-05
451.683 7.95015e-05
453.184 7.8839e-05
454.685 7.7514e-05
456.186 7.6189e-05
457.687 7.98328e-05
459.188 7.85078e-05
460.689 7.7514e-05
462.19 7.71827e-05
463.691 7.68515e-05
465.191 7.6189e-05
466.692 7.55265e-05
468.193 7.55265e-05
469.694 7.42014e-05
471.195 7.32077e-05
472.696 7.38702e-05
474.197 7.35389e-05
475.698 7.55265e-05
477.199 7.38702e-05
478.7 7.15514e-05
480.201 7.15514e-05
481.702 6.85701e-05
483.203 6.92326e-05
484.703 6.62513e-05
486.204 6.592e-05
487.705 6.4595e-05
489.206 6.49263e-05
490.707 6.49263e-05
492.208 6.36013e-05
493.709 6.4595e-05
495.21 6.55888e-05
496.711 6.39325e-05
498.212 6.1945e-05
499.712 6.06199e-05
501.213 6.09512e-05
502.714 6.09512e-05
504.215 6.12825e-05
505.716 6.29387e-05
507.217 6.22762e-05
508.718 6.1945e-05
510.219 6.36012e-05
511.72 6.09512e-05
513.221 6.1945e-05
514.722 6.327e-05
516.223 6.12825e-05
517.723 5.86324e-05
519.224 5.83011e-05
520.725 5.89637e-05
522.226 6.02887e-05
523.727 6.09512e-05
525.228 6.22762e-05
526.729 6.36013e-05
528.23 6.29387e-05
529.731 6.36012e-05
531.232 6.52575e-05
532.733 6.52575e-05
534.234 6.4595e-05
535.734 6.16137e-05
537.235 6.36013e-05
538.736 6.327e-05
540.237 6.327e-05
541.738 6.39325e-05
543.239 6.62513e-05
544.74 6.69138e-05
546.241 6.62513e-05
547.742 6.62513e-05
549.243 6.49263e-05
550.744 6.62513e-05
552.244 6.39325e-05
553.745 6.39325e-05
555.246 6.39325e-05
556.747 6.327e-05
558.248 6.29387e-05
559.749 6.29387e-05
561.25 6.26075e-05
562.751 6.22762e-05
564.252 6.36013e-05
565.753 6.22762e-05
567.254 6.02887e-05
568.755 6.12825e-05
570.256 6.09512e-05
571.756 5.86324e-05
573.257 5.86324e-05
574.758 5.92949e-05
576.259 5.83011e-05
577.76 5.92949e-05
579.261 5.83011e-05
580.762 5.96262e-05
582.263 5.99574e-05
583.764 6.06199e-05
585.264 6.16137e-05
586.765 6.16137e-05
588.266 5.99574e-05
589.767 5.96262e-05
591.268 5.89637e-05
592.769 5.96262e-05
594.27 5.46573e-05
595.771 5.69761e-05
597.272 5.56511e-05
598.773 5.46573e-05
600.274 5.39948e-05
601.775 5.49886e-05
603.276 5.59823e-05
604.776 5.66449e-05
606.277 5.56511e-05
607.778 5.59823e-05
609.279 5.66449e-05
610.78 5.59823e-05
612.281 5.69761e-05
613.782 5.69761e-05
615.283 5.76386e-05
616.784 5.76386e-05
618.285 5.63136e-05
619.785 5.63136e-05
621.286 5.63136e-05
622.787 5.73074e-05
624.288 5.63136e-05
625.789 5.69761e-05
627.29 5.63136e-05
628.791 5.56511e-05
630.292 5.59823e-05
631.793 5.53198e-05
633.294 5.49886e-05
634.795 5.3001e-05
636.296 5.36636e-05
637.797 5.33323e-05
639.297 5.43261e-05
640.798 5.33323e-05
642.299 5.33323e-05
643.8 5.33323e-05
645.301 5.39948e-05
646.802 5.49886e-05
648.303 5.20073e-05
649.804 5.26698e-05
651.305 5.26698e-05
652.806 5.26698e-05
654.307 5.0351e-05
655.808 5.0351e-05
657.308 4.93572e-05
658.809 4.80322e-05
660.31 5.00197e-05
661.811 5.10135e-05
663.312 5.13448e-05
664.813 5.10135e-05
666.314 5.3001e-05
667.815 5.49886e-05
669.316 5.49886e-05
670.817 5.59823e-05
672.317 5.59823e-05
673.818 5.53198e-05
675.319 5.46573e-05
676.82 5.36636e-05
678.321 5.10135e-05
679.822 5.06822e-05
681.323 5.1676e-05
682.824 4.93572e-05
684.325 4.96885e-05
685.826 5.0351e-05
687.327 5.00197e-05
688.828 4.80322e-05
690.329 4.96885e-05
691.829 5.0351e-05
693.33 5.13448e-05
694.831 5.23385e-05
696.332 5.23385e-05
697.833 5.20073e-05
699.334 5.33323e-05
700.835 5.36636e-05
702.336 5.26698e-05
703.837 5.20073e-05
705.338 5.10135e-05
706.838 5.13448e-05
708.339 4.96885e-05
709.84 4.83635e-05
711.341 4.80322e-05
712.842 4.53822e-05
714.343 4.53822e-05
715.844 4.77009e-05
717.345 4.73697e-05
718.846 4.96885e-05
720.347 4.96885e-05
721.848 5.06823e-05
723.349 5.36636e-05
724.849 5.33323e-05
726.35 5.23385e-05
727.851 5.1676e-05
729.352 5.06823e-05
730.853 5.00197e-05
732.354 5.00197e-05
733.855 4.9026e-05
735.356 4.73697e-05
736.857 4.80322e-05
738.358 4.77009e-05
739.858 4.86947e-05
741.359 4.93572e-05
742.86 4.96885e-05
744.361 4.73697e-05
745.862 4.63759e-05
747.363 4.67072e-05
748.864 4.67072e-05
750.365 4.63759e-05
751.866 4.86947e-05
753.367 4.86947e-05
754.868 4.96885e-05
756.369 5.20073e-05
757.87 5.1676e-05
759.37 5.20073e-05
760.871 5.1676e-05
762.372 5.0351e-05
763.873 4.93572e-05
765.374 4.86947e-05
766.875 4.70384e-05
768.376 4.70384e-05
769.877 4.53821e-05
771.378 4.53821e-05
772.879 4.63759e-05
774.38 4.77009e-05
775.881 4.83635e-05
777.382 4.96885e-05
778.882 5.0351e-05
780.383 5.0351e-05
781.884 5.10135e-05
783.385 4.93572e-05
784.886 4.96885e-05
786.387 4.86947e-05
787.888 4.93572e-05
789.389 4.86947e-05
790.89 5.00197e-05
792.39 4.80322e-05
793.891 4.93572e-05
795.392 5.00197e-05
796.893 4.93572e-05
798.394 4.77009e-05
799.895 4.77009e-05
801.396 4.96885e-05
802.897 4.80322e-05
804.398 4.63759e-05
805.899 4.47196e-05
807.4 4.47196e-05
808.901 4.50509e-05
810.402 4.63759e-05
811.902 4.60447e-05
813.403 4.67072e-05
814.904 4.80322e-05
816.405 4.83635e-05
817.906 4.9026e-05
819.407 4.83635e-05
820.908 5.0351e-05
822.409 4.96885e-05
823.91 4.83635e-05
825.411 4.86947e-05
826.911 4.80322e-05
828.412 4.86947e-05
829.913 4.83635e-05
831.414 4.83635e-05
832.915 5.10135e-05
834.416 5.23385e-05
835.917 5.3001e-05
837.418 5.20073e-05
838.919 5.0351e-05
840.42 5.1676e-05
841.921 5.00197e-05
843.422 4.93572e-05
844.923 4.80322e-05
846.423 4.93572e-05
847.924 4.93572e-05
849.425 4.96885e-05
850.926 5.13448e-05
852.427 5.13448e-05
853.928 5.23385e-05
855.429 5.3001e-05
856.93 5.3001e-05
858.431 5.39948e-05
859.932 5.43261e-05
861.433 5.3001e-05
862.933 5.33323e-05
864.434 5.43261e-05
865.935 5.39948e-05
867.436 5.33323e-05
868.937 5.3001e-05
870.438 5.39948e-05
871.939 5.39948e-05
873.44 5.63136e-05
874.941 5.69761e-05
876.442 5.66449e-05
877.943 5.69761e-05
879.443 5.56511e-05
880.944 5.46573e-05
882.445 5.43261e-05
883.946 5.53198e-05
885.447 5.66449e-05
886.948 5.79699e-05
888.449 5.69761e-05
889.95 5.53198e-05
891.451 5.59823e-05
892.952 5.63136e-05
894.453 5.43261e-05
895.954 5.63136e-05
897.455 5.66449e-05
898.955 5.56511e-05
900.456 5.49886e-05
901.957 5.43261e-05
903.458 5.43261e-05
904.959 5.46573e-05
906.46 5.56511e-05
907.961 5.73074e-05
909.462 5.92949e-05
910.963 5.76386e-05
912.464 5.86324e-05
913.964 5.92949e-05
915.465 5.76386e-05
916.966 5.69761e-05
918.467 5.59823e-05
919.968 5.53198e-05
921.469 5.43261e-05
922.97 5.33323e-05
924.471 5.06823e-05
925.972 5.10135e-05
927.473 5.20073e-05
928.974 5.39948e-05
930.475 5.33323e-05
931.975 5.43261e-05
933.476 5.39948e-05
934.977 5.26698e-05
936.478 5.3001e-05
937.979 5.39948e-05
939.48 5.43261e-05
940.981 5.36636e-05
942.482 5.43261e-05
943.983 5.13448e-05
945.484 4.86947e-05
946.984 4.70384e-05
948.485 4.73697e-05
949.986 4.60447e-05
951.487 4.63759e-05
952.988 4.63759e-05
954.489 4.7701e-05
955.99 4.63759e-05
957.491 4.83635e-05
958.992 5.00197e-05
960.493 4.9026e-05
961.994 4.86947e-05
963.495 4.86947e-05
964.996 4.63759e-05
966.496 4.63759e-05
967.997 4.80322e-05
969.498 4.67072e-05
970.999 4.73697e-05
972.5 4.83635e-05
974.001 4.86947e-05
975.502 5.0351e-05
977.003 5.1676e-05
978.504 5.23385e-05
980.005 5.3001e-05
981.506 5.06822e-05
983.007 5.20073e-05
984.508 5.10135e-05
986.008 5.20073e-05
987.509 5.06823e-05
989.01 5.1676e-05
990.511 4.96885e-05
992.012 5.0351e-05
993.513 5.26698e-05
995.014 5.39948e-05
996.515 5.33323e-05
998.016 5.53198e-05
999.516 5.56511e-05
1001.02 5.36636e-05
1002.52 5.46573e-05
1004.02 5.23385e-05
1005.52 5.3001e-05
1007.02 5.23385e-05
1008.52 5.23385e-05
1010.02 5.1676e-05
1011.52 5.10135e-05
1013.02 5.10135e-05
1014.53 5.10135e-05
1016.03 5.26698e-05
1017.53 5.26698e-05
1019.03 5.26698e-05
1020.53 5.26698e-05
1022.03 5.13448e-05
1023.53 5.33323e-05
1025.03 5.49886e-05
1026.53 5.3001e-05
1028.03 5.23385e-05
1029.53 5.13448e-05
1031.04 5.20073e-05
1032.54 5.00197e-05
1034.04 4.80322e-05
1035.54 4.77009e-05
1037.04 4.67072e-05
1038.54 4.50509e-05
1040.04 4.50509e-05
1041.54 4.60447e-05
1043.04 4.43884e-05
1044.54 4.47196e-05
1046.04 4.37259e-05
1047.55 4.20696e-05
1049.05 4.17383e-05
1050.55 3.97508e-05
1052.05 4.04133e-05
1053.55 3.97508e-05
1055.05 3.97508e-05
1056.55 4.0082e-05
1058.05 3.8757e-05
1059.55 3.97508e-05
1061.05 3.80945e-05
1062.55 3.8757e-05
1064.06 3.84258e-05
1065.56 3.84258e-05
1067.06 3.8757e-05
1068.56 3.80945e-05
1070.06 3.77633e-05
1071.56 3.77633e-05
1073.06 3.6107e-05
1074.56 3.34569e-05
1076.06 3.08069e-05
1077.56 3.11381e-05
1079.06 2.81568e-05
1080.57 2.81568e-05
1082.07 2.5838e-05
1083.57 2.41817e-05
1085.07 2.41817e-05
1086.57 2.21942e-05
1088.07 2.38505e-05
1089.57 2.55068e-05
1091.07 2.38505e-05
1092.57 2.4513e-05
1094.07 2.21942e-05
1095.57 2.21942e-05
1097.08 2.02067e-05
1098.58 2.12004e-05
1100.08 1.98754e-05
1101.58 1.98754e-05
1103.08 1.95441e-05
1104.58 2.25255e-05
1106.08 2.21942e-05
1107.58 2.18629e-05
1109.08 2.21942e-05
1110.58 2.18629e-05
1112.08 2.15317e-05
1113.59 2.21942e-05
1115.09 1.95441e-05
1116.59 1.92129e-05
1118.09 1.59003e-05
1119.59 1.72254e-05
1121.09 1.68941e-05
1122.59 1.65628e-05
1124.09 1.59003e-05
1125.59 1.65628e-05
1127.09 1.52378e-05
1128.6 1.62316e-05
1130.1 1.78879e-05
1131.6 1.78879e-05
1133.1 1.72253e-05
1134.6 1.68941e-05
1136.1 1.62316e-05
1137.6 1.85504e-05
1139.1 1.95441e-05
1140.6 1.95441e-05
1142.1 2.08692e-05
1143.6 2.08692e-05
1145.11 2.05379e-05
1146.61 2.28567e-05
1148.11 2.21942e-05
1149.61 2.3188e-05
1151.11 2.38505e-05
1152.61 2.3188e-05
1154.11 2.21942e-05
1155.61 2.08692e-05
1157.11 2.18629e-05
1158.61 2.15317e-05
1160.11 2.05379e-05
1161.62 2.08692e-05
1163.12 2.02067e-05
1164.62 2.15317e-05
1166.12 2.35192e-05
1167.62 2.35192e-05
1169.12 2.25254e-05
1170.62 2.08692e-05
1172.12 1.95441e-05
1173.62 2.08692e-05
1175.12 2.02067e-05
1176.62 2.12004e-05
1178.13 1.88816e-05
1179.63 1.85504e-05
1181.13 1.88816e-05
1182.63 1.85504e-05
1184.13 1.95441e-05
1185.63 2.02067e-05
1187.13 2.12004e-05
1188.63 1.98754e-05
1190.13 2.02067e-05
1191.63 1.95441e-05
1193.13 1.82191e-05
1194.64 1.62316e-05
1196.14 1.68941e-05
1197.64 1.52378e-05
1199.14 1.52378e-05
1200.64 1.49065e-05
1202.14 1.59003e-05
1203.64 1.1594e-05
1205.14 1.0269e-05
1206.64 1.06002e-05
1208.14 1.19252e-05
1209.64 1.19252e-05
1211.15 1.19252e-05
1212.65 9.27518e-06
1214.15 8.94392e-06
1215.65 8.28141e-06
1217.15 7.95016e-06
1218.65 8.61267e-06
1220.15 5.96261e-06
1221.65 5.63134e-06
1223.15 3.64381e-06
1224.65 3.31255e-06
1226.15 1.98754e-06
1227.66 2.98131e-06
1229.16 9.93776e-07
1230.66 6.62523e-07
1232.16 9.93776e-07
1233.66 0
1235.16 2.3188e-06
1236.66 1.65629e-06
1238.16 3.64381e-06
1239.66 4.96884e-06
1241.16 5.96261e-06
1242.66 6.29387e-06
1244.17 5.96261e-06
1245.67 4.63758e-06
1247.17 4.63757e-06
1248.67 5.30008e-06
1250.17 3.64381e-06
1251.67 3.64383e-06
1253.17 3.31257e-06
1254.67 3.64382e-06
1256.17 3.97508e-06
1257.67 3.64382e-06
1259.17 3.64382e-06
1260.68 3.31257e-06
1262.18 5.3001e-06
1263.68 6.95638e-06
1265.18 7.6189e-06
1266.68 1.06002e-05
1268.18 1.12627e-05
1269.68 1.19252e-05
1271.18 1.1594e-05
1272.68 1.19252e-05
1274.18 1.4244e-05
1275.68 1.55691e-05
1277.19 1.59003e-05
1278.69 1.78879e-05
1280.19 1.82191e-05
1281.69 1.82191e-05
1283.19 2.02067e-05
1284.69 2.05379e-05
1286.19 2.02067e-05
1287.69 2.15317e-05
1289.19 2.21942e-05
1290.69 2.3188e-05
1292.19 2.15317e-05
1293.7 2.25255e-05
1295.2 2.21942e-05
1296.7 2.4513e-05
1298.2 2.18629e-05
1299.7 2.35192e-05
1301.2 2.51755e-05
1302.7 2.84881e-05
1304.2 2.88193e-05
1305.7 2.88193e-05
1307.2 2.88193e-05
1308.7 3.01444e-05
1310.21 2.74943e-05
1311.71 2.84881e-05
1313.21 2.94818e-05
1314.71 3.04756e-05
1316.21 2.88193e-05
1317.71 3.04756e-05
1319.21 3.08069e-05
1320.71 3.18006e-05
1322.21 3.11381e-05
1323.71 3.27944e-05
1325.21 3.21319e-05
1326.72 3.18006e-05
1328.22 2.98131e-05
1329.72 3.01444e-05
1331.22 2.98131e-05
1332.72 2.81568e-05
1334.22 2.78256e-05
1335.72 2.51755e-05
1337.22 2.55068e-05
1338.72 2.61693e-05
1340.22 2.65005e-05
1341.72 2.61693e-05
1343.23 2.7163e-05
1344.73 2.65005e-05
1346.23 2.88193e-05
1347.73 2.78256e-05
1349.23 2.91506e-05
1350.73 3.14694e-05
1352.23 3.24632e-05
1353.73 3.34569e-05
1355.23 3.34569e-05
1356.73 3.34569e-05
1358.23 3.51132e-05
1359.74 3.44507e-05
1361.24 3.27944e-05
1362.74 3.24632e-05
1364.24 2.88193e-05
1365.74 2.81568e-05
1367.24 2.55068e-05
1368.74 2.55068e-05
1370.24 2.65005e-05
1371.74 2.48443e-05
1373.24 2.51755e-05
1374.74 2.7163e-05
1376.25 2.81568e-05
1377.75 2.7163e-05
1379.25 2.61693e-05
1380.75 2.68318e-05
1382.25 2.7163e-05
1383.75 2.65005e-05
1385.25 2.68318e-05
1386.75 2.55068e-05
1388.25 2.38505e-05
1389.75 2.55068e-05
1391.25 2.51755e-05
1392.76 2.61693e-05
1394.26 2.65005e-05
1395.76 2.91506e-05
1397.26 2.81568e-05
1398.76 2.88193e-05
1400.26 2.94818e-05
1401.76 3.14694e-05
1403.26 3.27944e-05
1404.76 3.37882e-05
1406.26 3.24632e-05
1407.76 3.24632e-05
1409.27 3.21319e-05
1410.77 3.24632e-05
1412.27 3.21319e-05
1413.77 3.24632e-05
1415.27 3.34569e-05
1416.77 3.24632e-05
1418.27 3.24632e-05
1419.77 3.34569e-05
1421.27 3.24632e-05
1422.77 3.44507e-05
1424.27 3.54445e-05
1425.78 3.7432e-05
1427.28 3.77633e-05
1428.78 3.84258e-05
1430.28 3.71007e-05
1431.78 3.7432e-05
1433.28 3.94195e-05
1434.78 3.94195e-05
1436.28 3.97508e-05
1437.78 3.97508e-05
1439.28 4.00821e-05
1440.78 3.97508e-05
1442.29 3.90883e-05
1443.79 4.0082e-05
1445.29 4.07446e-05
1446.79 4.07446e-05
1448.29 4.27321e-05
1449.79 4.10758e-05
1451.29 4.04133e-05
1452.79 4.10758e-05
1454.29 4.07446e-05
1455.79 4.10758e-05
1457.29 3.8757e-05
1458.8 3.77633e-05
1460.3 3.97508e-05
1461.8 4.04133e-05
1463.3 3.90883e-05
1464.8 3.80945e-05
1466.3 3.8757e-05
1467.8 3.8757e-05
1469.3 3.7432e-05
1470.8 3.7432e-05
1472.3 3.97508e-05
1473.81 3.94195e-05
1475.31 3.7432e-05
1476.81 3.71007e-05
1478.31 3.67695e-05
1479.81 3.77633e-05
1481.31 3.94195e-05
1482.81 3.90883e-05
1484.31 4.00821e-05
1485.81 4.10758e-05
1487.31 4.14071e-05
1488.81 4.14071e-05
1490.32 4.0082e-05
1491.82 3.94195e-05
1493.32 3.6107e-05
1494.82 3.54445e-05
1496.32 3.54445e-05
1497.82 3.51132e-05
1499.32 3.47819e-05
1500.82 3.27944e-05
1502.32 3.34569e-05
1503.82 3.37882e-05
1505.32 3.34569e-05
1506.83 3.47819e-05
1508.33 3.27944e-05
1509.83 3.21319e-05
1511.33 3.27944e-05
1512.83 3.24631e-05
1514.33 3.11381e-05
1515.83 3.24632e-05
1517.33 3.34569e-05
1518.83 3.47819e-05
1520.33 3.44507e-05
1521.83 3.51132e-05
1523.34 3.47819e-05
1524.84 3.44507e-05
1526.34 3.34569e-05
1527.84 3.31257e-05
1529.34 3.27944e-05
1530.84 3.34569e-05
1532.34 3.47819e-05
1533.84 3.27944e-05
1535.34 3.11381e-05
1536.84 3.08069e-05
1538.34 3.21319e-05
1539.85 3.47819e-05
1541.35 3.47819e-05
1542.85 3.41194e-05
1544.35 3.67695e-05
1545.85 3.44507e-05
1547.35 3.37882e-05
1548.85 3.51132e-05
1550.35 3.44507e-05
1551.85 3.57757e-05
1553.35 3.37882e-05
1554.85 3.27944e-05
1556.36 3.24631e-05
1557.86 3.44507e-05
1559.36 3.37882e-05
1560.86 3.24631e-05
1562.36 3.37882e-05
1563.86 3.37882e-05
1565.36 3.27944e-05
1566.86 3.34569e-05
1568.36 3.47819e-05
1569.86 3.34569e-05
1571.36 3.37882e-05
1572.87 3.47819e-05
1574.37 3.54445e-05
1575.87 3.51132e-05
