-1574.55 3.06751e-05
-1573.05 3.03011e-05
-1571.55 2.84306e-05
-1570.05 2.80565e-05
-1568.54 2.69343e-05
-1567.04 2.73084e-05
-1565.54 2.69343e-05
-1564.04 2.61861e-05
-1562.54 2.5812e-05
-1561.04 2.65602e-05
-1559.54 2.84306e-05
-1558.04 2.88047e-05
-1556.54 2.80565e-05
-1555.03 2.65602e-05
-1553.53 2.61861e-05
-1552.03 2.65602e-05
-1550.53 2.84306e-05
-1549.03 2.76824e-05
-1547.53 2.95529e-05
-1546.03 3.03011e-05
-1544.53 3.03011e-05
-1543.03 2.9927e-05
-1541.52 3.25456e-05
-1540.02 3.29197e-05
-1538.52 3.14233e-05
-1537.02 3.03011e-05
-1535.52 3.17974e-05
-1534.02 3.25456e-05
-1532.52 3.21715e-05
-1531.02 3.17974e-05
-1529.52 2.88047e-05
-1528.01 2.80565e-05
-1526.51 2.80565e-05
-1525.01 2.84306e-05
-1523.51 2.69343e-05
-1522.01 2.61861e-05
-1520.51 2.69343e-05
-1519.01 2.88047e-05
-1517.51 2.84306e-05
-1516.01 2.76824e-05
-1514.5 2.69343e-05
-1513 2.88047e-05
-1511.5 2.84306e-05
-1510 2.61861e-05
-1508.5 2.65602e-05
-1507 2.65602e-05
-1505.5 2.61861e-05
-1504 2.73084e-05
-1502.5 2.91788e-05
-1500.99 2.84306e-05
-1499.49 2.80565e-05
-1497.99 2.88047e-05
-1496.49 2.73084e-05
-1494.99 2.88047e-05
-1493.49 2.91788e-05
-1491.99 2.9927e-05
-1490.49 3.17974e-05
-1488.99 3.17974e-05
-1487.48 3.21715e-05
-1485.98 3.03011e-05
-1484.48 3.25456e-05
-1482.98 3.36678e-05
-1481.48 3.36678e-05
-1479.98 3.21715e-05
-1478.48 3.03011e-05
-1476.98 3.21715e-05
-1475.48 3.21715e-05
-1473.97 3.32938e-05
-1472.47 3.29197e-05
-1470.97 3.29197e-05
-1469.47 3.32938e-05
-1467.97 3.62865e-05
-1466.47 3.70346e-05
-1464.97 3.47901e-05
-1463.47 3.40419e-05
-1461.97 3.29197e-05
-1460.46 3.21715e-05
-1458.96 3.06751e-05
-1457.46 2.95529e-05
-1455.96 2.9927e-05
-1454.46 2.88047e-05
-1452.96 2.69343e-05
-1451.46 2.5812e-05
-1449.96 2.69343e-05
-1448.46 2.65602e-05
-1446.95 2.5812e-05
-1445.45 2.65602e-05
-1443.95 2.69343e-05
-1442.45 2.9927e-05
-1440.95 3.21715e-05
-1439.45 3.17974e-05
-1437.95 3.14233e-05
-1436.45 3.10492e-05
-1434.95 3.32938e-05
-1433.44 3.32938e-05
-1431.94 3.32938e-05
-1430.44 3.14233e-05
-1428.94 3.14233e-05
-1427.44 3.29197e-05
-1425.94 3.17974e-05
-1424.44 3.03011e-05
-1422.94 2.95529e-05
-1421.44 2.88047e-05
-1419.93 2.95529e-05
-1418.43 2.95529e-05
-1416.93 2.88047e-05
-1415.43 2.84306e-05
-1413.93 2.88047e-05
-1412.43 2.80565e-05
-1410.93 2.80565e-05
-1409.43 2.73084e-05
-1407.92 2.84306e-05
-1406.42 2.69343e-05
-1404.92 2.65602e-05
-1403.42 2.73084e-05
-1401.92 3.03011e-05
-1400.42 3.06751e-05
-1398.92 3.10492e-05
-1397.42 2.9927e-05
-1395.92 3.03011e-05
-1394.41 3.06751e-05
-1392.91 3.21715e-05
-1391.41 3.21715e-05
-1389.91 3.21715e-05
-1388.41 3.40419e-05
-1386.91 3.25456e-05
-1385.41 3.25456e-05
-1383.91 3.14233e-05
-1382.41 3.14233e-05
-1380.9 3.06751e-05
-1379.4 2.9927e-05
-1377.9 2.9927e-05
-1376.4 2.9927e-05
-1374.9 2.95529e-05
-1373.4 3.03011e-05
-1371.9 2.95529e-05
-1370.4 3.06751e-05
-1368.9 2.95529e-05
-1367.39 2.73084e-05
-1365.89 2.73084e-05
-1364.39 2.73084e-05
-1362.89 2.76824e-05
-1361.39 2.91788e-05
-1359.89 3.03011e-05
-1358.39 2.9927e-05
-1356.89 2.84306e-05
-1355.39 2.84306e-05
-1353.88 2.80565e-05
-1352.38 2.69343e-05
-1350.88 2.69343e-05
-1349.38 2.5812e-05
-1347.88 2.46898e-05
-1346.38 2.43157e-05
-1344.88 2.65602e-05
-1343.38 2.61861e-05
-1341.88 2.88047e-05
-1340.37 2.80565e-05
-1338.87 2.91788e-05
-1337.37 2.95529e-05
-1335.87 3.06751e-05
-1334.37 2.91788e-05
-1332.87 2.91788e-05
-1331.37 3.17974e-05
-1329.87 3.14233e-05
-1328.37 3.14233e-05
-1326.86 3.21715e-05
-1325.36 3.21715e-05
-1323.86 2.95529e-05
-1322.36 3.06751e-05
-1320.86 3.03011e-05
-1319.36 3.21715e-05
-1317.86 3.10492e-05
-1316.36 3.21715e-05
-1314.86 3.40419e-05
-1313.35 3.51642e-05
-1311.85 3.32938e-05
-1310.35 3.32938e-05
-1308.85 3.29197e-05
-1307.35 3.32938e-05
-1305.85 3.29197e-05
-1304.35 3.03011e-05
-1302.85 2.76824e-05
-1301.35 2.88047e-05
-1299.84 2.69343e-05
-1298.34 2.65602e-05
-1296.84 2.76824e-05
-1295.34 2.69343e-05
-1293.84 2.73084e-05
-1292.34 3.10492e-05
-1290.84 3.21715e-05
-1289.34 2.9927e-05
-1287.84 3.06751e-05
-1286.33 3.25456e-05
-1284.83 3.40419e-05
-1283.33 3.29197e-05
-1281.83 3.29197e-05
-1280.33 3.25456e-05
-1278.83 3.47901e-05
-1277.33 3.32938e-05
-1275.83 3.47901e-05
-1274.33 3.47901e-05
-1272.82 3.36678e-05
-1271.32 3.4416e-05
-1269.82 3.4416e-05
-1268.32 3.29197e-05
-1266.82 3.17974e-05
-1265.32 3.32938e-05
-1263.82 3.10492e-05
-1262.32 2.9927e-05
-1260.82 2.80565e-05
-1259.31 2.76824e-05
-1257.81 2.95529e-05
-1256.31 2.88047e-05
-1254.81 2.9927e-05
-1253.31 2.9927e-05
-1251.81 3.10492e-05
-1250.31 3.36678e-05
-1248.81 3.32938e-05
-1247.31 3.40419e-05
-1245.8 3.25456e-05
-1244.3 3.47901e-05
-1242.8 3.14233e-05
-1241.3 2.91788e-05
-1239.8 2.91788e-05
-1238.3 2.88047e-05
-1236.8 2.84306e-05
-1235.3 2.95529e-05
-1233.8 2.95529e-05
-1232.29 2.95529e-05
-1230.79 2.9927e-05
-1229.29 3.14233e-05
-1227.79 3.06751e-05
-1226.29 3.06751e-05
-1224.79 3.10492e-05
-1223.29 2.9927e-05
-1221.79 2.95529e-05
-1220.29 2.80565e-05
-1218.78 2.84306e-05
-1217.28 2.46897e-05
-1215.78 2.61861e-05
-1214.28 2.84306e-05
-1212.78 2.73084e-05
-1211.28 2.76824e-05
-1209.78 2.73084e-05
-1208.28 2.73084e-05
-1206.78 2.69343e-05
-1205.27 2.80565e-05
-1203.77 2.69343e-05
-1202.27 2.69343e-05
-1200.77 2.69343e-05
-1199.27 2.5812e-05
-1197.77 2.61861e-05
-1196.27 2.54379e-05
-1194.77 2.61861e-05
-1193.27 2.46897e-05
-1191.76 2.54379e-05
-1190.26 2.35675e-05
-1188.76 2.43157e-05
-1187.26 2.61861e-05
-1185.76 2.61861e-05
-1184.26 2.61861e-05
-1182.76 2.73084e-05
-1181.26 2.80565e-05
-1179.76 2.69343e-05
-1178.25 2.54379e-05
-1176.75 2.54379e-05
-1175.25 2.61861e-05
-1173.75 2.73084e-05
-1172.25 2.61861e-05
-1170.75 2.69343e-05
-1169.25 2.88047e-05
-1167.75 3.03011e-05
-1166.25 2.73084e-05
-1164.74 2.76824e-05
-1163.24 2.76824e-05
-1161.74 2.95529e-05
-1160.24 2.88047e-05
-1158.74 2.76824e-05
-1157.24 2.73084e-05
-1155.74 2.69343e-05
-1154.24 2.5812e-05
-1152.74 2.50638e-05
-1151.23 2.24452e-05
-1149.73 2.02007e-05
-1148.23 2.16971e-05
-1146.73 2.09489e-05
-1145.23 2.1323e-05
-1143.73 2.35675e-05
-1142.23 2.31934e-05
-1140.73 2.43157e-05
-1139.23 2.46898e-05
-1137.72 2.50638e-05
-1136.22 2.73084e-05
-1134.72 2.65602e-05
-1133.22 2.88047e-05
-1131.72 2.88047e-05
-1130.22 2.91788e-05
-1128.72 2.91788e-05
-1127.22 2.88047e-05
-1125.72 2.76824e-05
-1124.21 2.54379e-05
-1122.71 2.5812e-05
-1121.21 2.5812e-05
-1119.71 2.35675e-05
-1118.21 2.28193e-05
-1116.71 2.31934e-05
-1115.21 2.43157e-05
-1113.71 2.35675e-05
-1112.2 2.43157e-05
-1110.7 2.61861e-05
-1109.2 2.80565e-05
-1107.7 2.76824e-05
-1106.2 2.46897e-05
-1104.7 2.50638e-05
-1103.2 2.39416e-05
-1101.7 2.39416e-05
-1100.2 2.54379e-05
-1098.69 2.43157e-05
-1097.19 2.69343e-05
-1095.69 2.84306e-05
-1094.19 2.88047e-05
-1092.69 2.76824e-05
-1091.19 2.95529e-05
-1089.69 3.03011e-05
-1088.19 2.91788e-05
-1086.69 2.91788e-05
-1085.18 2.84306e-05
-1083.68 2.69343e-05
-1082.18 2.80565e-05
-1080.68 2.65602e-05
-1079.18 2.61861e-05
-1077.68 2.54379e-05
-1076.18 2.61861e-05
-1074.68 2.69343e-05
-1073.18 2.69343e-05
-1071.67 2.61861e-05
-1070.17 2.84306e-05
-1068.67 2.84306e-05
-1067.17 2.88047e-05
-1065.67 2.76824e-05
-1064.17 2.69343e-05
-1062.67 2.73084e-05
-1061.17 2.54379e-05
-1059.67 2.50638e-05
-1058.16 2.31934e-05
-1056.66 2.24452e-05
-1055.16 2.31934e-05
-1053.66 2.24452e-05
-1052.16 2.35675e-05
-1050.66 2.1697e-05
-1049.16 2.43157e-05
-1047.66 2.5812e-05
-1046.16 2.46897e-05
-1044.65 2.61861e-05
-1043.15 2.5812e-05
-1041.65 2.54379e-05
-1040.15 2.54379e-05
-1038.65 2.61861e-05
-1037.15 2.54379e-05
-1035.65 2.20711e-05
-1034.15 2.35675e-05
-1032.65 2.28193e-05
-1031.14 2.31934e-05
-1029.64 2.24452e-05
-1028.14 2.1697e-05
-1026.64 2.35675e-05
-1025.14 2.28193e-05
-1023.64 2.28193e-05
-1022.14 2.35675e-05
-1020.64 2.24452e-05
-1019.14 2.20711e-05
-1017.63 2.05748e-05
-1016.13 2.02007e-05
-1014.63 1.98266e-05
-1013.13 1.94525e-05
-1011.63 2.09489e-05
-1010.13 2.05748e-05
-1008.63 2.1323e-05
-1007.13 2.31934e-05
-1005.63 2.1323e-05
-1004.12 2.1323e-05
-1002.62 2.20711e-05
-1001.12 2.24452e-05
-999.621 2.28193e-05
-998.12 2.28193e-05
-996.619 2.1697e-05
-995.118 2.20711e-05
-993.617 2.20711e-05
-992.116 2.20711e-05
-990.614 2.31934e-05
-989.113 2.61861e-05
-987.612 2.43157e-05
-986.111 2.24452e-05
-984.61 2.28193e-05
-983.109 2.35675e-05
-981.608 2.39416e-05
-980.107 2.43157e-05
-978.606 2.20711e-05
-977.104 2.20711e-05
-975.603 2.35675e-05
-974.102 2.50638e-05
-972.601 2.31934e-05
-971.1 2.05748e-05
-969.599 1.75821e-05
-968.098 1.94525e-05
-966.597 1.90784e-05
-965.095 2.09489e-05
-963.594 2.09489e-05
-962.093 2.20711e-05
-960.592 2.05748e-05
-959.091 2.20711e-05
-957.59 2.35675e-05
-956.089 2.39416e-05
-954.588 2.46897e-05
-953.087 2.43157e-05
-951.585 2.35675e-05
-950.084 2.28193e-05
-948.583 2.1697e-05
-947.082 2.05748e-05
-945.581 1.94525e-05
-944.08 2.02007e-05
-942.579 2.54379e-05
-941.078 2.61861e-05
-939.576 2.80565e-05
-938.075 3.03011e-05
-936.574 3.36678e-05
-935.073 3.25456e-05
-933.572 3.4416e-05
-932.071 3.21715e-05
-930.57 3.17974e-05
-929.069 2.73084e-05
-927.568 2.50638e-05
-926.066 2.39416e-05
-924.565 2.50638e-05
-923.064 2.46897e-05
-921.563 2.28193e-05
-920.062 2.43157e-05
-918.561 2.28193e-05
-917.06 2.46898e-05
-915.559 2.61861e-05
-914.058 2.65602e-05
-912.556 2.76825e-05
-911.055 2.61861e-05
-909.554 2.69343e-05
-908.053 2.73084e-05
-906.552 2.61861e-05
-905.051 2.5812e-05
-903.55 2.54379e-05
-902.049 2.35675e-05
-900.547 2.69343e-05
-899.046 2.69343e-05
-897.545 2.91788e-05
-896.044 3.03011e-05
-894.543 3.29197e-05
-893.042 3.21715e-05
-891.541 3.21715e-05
-890.04 2.9927e-05
-888.539 2.9927e-05
-887.037 2.91788e-05
-885.536 2.95529e-05
-884.035 2.9927e-05
-882.534 3.17974e-05
-881.033 3.17974e-05
-879.532 3.10492e-05
-878.031 3.17974e-05
-876.53 3.21715e-05
-875.028 3.25456e-05
-873.527 3.21715e-05
-872.026 3.06752e-05
-870.525 3.06752e-05
-869.024 2.84306e-05
-867.523 2.69343e-05
-866.022 2.50638e-05
-864.521 2.61861e-05
-863.02 2.69343e-05
-861.518 2.65602e-05
-860.017 2.65602e-05
-858.516 2.69343e-05
-857.015 2.69343e-05
-855.514 2.43157e-05
-854.013 2.54379e-05
-852.512 2.65602e-05
-851.011 2.50638e-05
-849.509 2.46897e-05
-848.008 2.28193e-05
-846.507 2.20711e-05
-845.006 2.50638e-05
-843.505 2.50638e-05
-842.004 2.39416e-05
-840.503 2.46897e-05
-839.002 2.65602e-05
-837.501 2.50638e-05
-835.999 2.65602e-05
-834.498 2.76824e-05
-832.997 2.73084e-05
-831.496 2.61861e-05
-829.995 2.76825e-05
-828.494 2.88047e-05
-826.993 2.80565e-05
-825.492 2.69343e-05
-823.991 2.73084e-05
-822.489 2.65602e-05
-820.988 2.65602e-05
-819.487 2.54379e-05
-817.986 2.50638e-05
-816.485 2.50638e-05
-814.984 2.50638e-05
-813.483 2.46898e-05
-811.982 2.43157e-05
-810.48 2.35675e-05
-808.979 2.50638e-05
-807.478 2.73084e-05
-805.977 2.80565e-05
-804.476 2.61861e-05
-802.975 2.65602e-05
-801.474 2.69343e-05
-799.973 2.69343e-05
-798.471 2.88047e-05
-796.97 2.84306e-05
-795.469 2.9927e-05
-793.968 3.03011e-05
-792.467 2.95529e-05
-790.966 2.95529e-05
-789.465 2.9927e-05
-787.964 3.10492e-05
-786.463 3.10492e-05
-784.961 3.10492e-05
-783.46 3.10492e-05
-781.959 3.06752e-05
-780.458 2.9927e-05
-778.957 2.69343e-05
-777.456 2.76824e-05
-775.955 2.88047e-05
-774.454 2.88047e-05
-772.952 2.76824e-05
-771.451 2.5812e-05
-769.95 2.61861e-05
-768.449 2.61861e-05
-766.948 2.73084e-05
-765.447 2.69343e-05
-763.946 2.61861e-05
-762.445 2.50638e-05
-760.944 2.35675e-05
-759.442 2.5812e-05
-757.941 2.69343e-05
-756.44 2.61861e-05
-754.939 2.46898e-05
-753.438 2.54379e-05
-751.937 2.61861e-05
-750.436 2.61861e-05
-748.935 2.88047e-05
-747.434 2.80565e-05
-745.932 2.88047e-05
-744.431 2.80565e-05
-742.93 2.88047e-05
-741.429 2.88047e-05
-739.928 2.80565e-05
-738.427 2.88047e-05
-736.926 2.76824e-05
-735.425 2.54379e-05
-733.923 2.43157e-05
-732.422 2.43157e-05
-730.921 2.46897e-05
-729.42 2.43157e-05
-727.919 2.46897e-05
-726.418 2.54379e-05
-724.917 2.50638e-05
-723.416 2.76824e-05
-721.915 2.69343e-05
-720.413 2.69343e-05
-718.912 2.28193e-05
-717.411 2.28193e-05
-715.91 2.46897e-05
-714.409 2.1697e-05
-712.908 1.75821e-05
-711.407 1.60857e-05
-709.906 1.64598e-05
-708.404 1.87043e-05
-706.903 1.75821e-05
-705.402 1.68339e-05
-703.901 1.68339e-05
-702.4 1.90784e-05
-700.899 1.90784e-05
-699.398 1.98266e-05
-697.897 2.1323e-05
-696.396 2.24452e-05
-694.894 2.24452e-05
-693.393 2.1323e-05
-691.892 2.35675e-05
-690.391 2.43157e-05
-688.89 2.24452e-05
-687.389 2.28193e-05
-685.888 2.39416e-05
-684.387 2.61861e-05
-682.885 2.46897e-05
-681.384 2.54379e-05
-679.883 2.50638e-05
-678.382 2.54379e-05
-676.881 2.24452e-05
-675.38 2.1697e-05
-673.879 2.24452e-05
-672.378 2.09489e-05
-670.877 2.05748e-05
-669.375 1.98266e-05
-667.874 2.02007e-05
-666.373 2.09489e-05
-664.872 2.09489e-05
-663.371 2.1697e-05
-661.87 2.1697e-05
-660.369 2.1323e-05
-658.868 2.28193e-05
-657.367 2.05748e-05
-655.865 2.1697e-05
-654.364 2.24452e-05
-652.863 2.09489e-05
-651.362 2.24452e-05
-649.861 2.24452e-05
-648.36 2.43157e-05
-646.859 2.28193e-05
-645.358 2.1323e-05
-643.856 2.1323e-05
-642.355 2.09489e-05
-640.854 1.79562e-05
-639.353 1.98266e-05
-637.852 2.05748e-05
-636.351 2.02007e-05
-634.85 1.90784e-05
-633.349 1.98266e-05
-631.848 2.1697e-05
-630.346 2.39416e-05
-628.845 2.24452e-05
-627.344 2.1697e-05
-625.843 2.39416e-05
-624.342 2.35675e-05
-622.841 2.43157e-05
-621.34 2.46897e-05
-619.839 2.20711e-05
-618.337 2.1697e-05
-616.836 2.35675e-05
-615.335 2.39416e-05
-613.834 2.24452e-05
-612.333 2.24452e-05
-610.832 2.28193e-05
-609.331 2.39416e-05
-607.83 2.43157e-05
-606.329 2.35675e-05
-604.827 2.39416e-05
-603.326 2.50638e-05
-601.825 2.54379e-05
-600.324 2.5812e-05
-598.823 2.84306e-05
-597.322 3.03011e-05
-595.821 3.14233e-05
-594.32 3.17974e-05
-592.818 3.21715e-05
-591.317 3.40419e-05
-589.816 3.55383e-05
-588.315 3.51642e-05
-586.814 3.40419e-05
-585.313 3.25456e-05
-583.812 3.4416e-05
-582.311 3.36678e-05
-580.81 3.4416e-05
-579.308 3.55383e-05
-577.807 3.66605e-05
-576.306 3.74087e-05
-574.805 3.92792e-05
-573.304 3.92792e-05
-571.803 3.96532e-05
-570.302 3.96532e-05
-568.801 3.8531e-05
-567.299 3.8531e-05
-565.798 3.96532e-05
-564.297 3.96532e-05
-562.796 3.77828e-05
-561.295 3.96532e-05
-559.794 4.15237e-05
-558.293 4.18978e-05
-556.792 4.26459e-05
-555.291 4.22719e-05
-553.789 4.22719e-05
-552.288 4.18978e-05
-550.787 4.33941e-05
-549.286 4.45164e-05
-547.785 4.15237e-05
-546.284 4.07755e-05
-544.783 4.15237e-05
-543.282 4.18978e-05
-541.78 4.26459e-05
-540.279 4.302e-05
-538.778 4.52646e-05
-537.277 4.67609e-05
-535.776 4.78832e-05
-534.275 4.75091e-05
-532.774 4.63868e-05
-531.273 4.82573e-05
-529.771 4.86313e-05
-528.27 4.90054e-05
-526.769 4.93795e-05
-525.268 4.7135e-05
-523.767 4.86313e-05
-522.266 9.57663e-05
-520.765 9.80109e-05
-519.264 9.83849e-05
-517.763 9.98813e-05
-516.261 0.0001025
-514.76 0.000106241
-513.259 0.000107737
-511.758 0.000109234
-510.257 0.000112226
-508.756 0.000112974
-507.255 0.000114097
-505.754 0.000114845
-504.253 0.000114097
-502.751 0.000115967
-501.25 0.000117463
-499.749 0.000119334
-498.248 0.000120082
-496.747 0.000121204
-495.246 0.000123823
-493.745 0.000124197
-492.244 0.000125319
-490.743 0.000124197
-489.241 0.000124945
-487.74 0.000123823
-486.239 0.000125319
-484.738 0.000125319
-483.237 0.000126816
-481.736 0.000128312
-480.235 0.000130557
-478.734 0.000127938
-477.233 0.000129808
-475.731 0.000131679
-474.23 0.000130182
-472.729 0.000130931
-471.228 0.000132053
-469.727 0.000128312
-468.226 0.000129434
-466.725 0.000130557
-465.224 0.00012906
-463.722 0.00012906
-462.221 0.000128686
-460.72 0.000128686
-459.219 0.000127564
-457.718 0.000128312
-456.217 0.00012719
-454.716 0.000128312
-453.215 0.00012719
-451.714 0.000126442
-450.212 0.000125693
-448.711 0.000124197
-447.21 0.000123449
-445.709 0.000124197
-444.208 0.000121578
-442.707 0.000121204
-441.206 0.000119708
-439.705 0.00011896
-438.203 0.000119708
-436.702 0.000119334
-435.201 0.00011896
-433.7 0.000116715
-432.199 0.000115967
-430.698 0.000116341
-429.197 0.000116341
-427.696 0.000115967
-426.194 0.000112974
-424.693 0.000112974
-423.192 0.000109982
-421.691 0.000109982
-420.19 0.000111104
-418.689 0.000109234
-417.188 0.000109608
-415.687 0.000112226
-414.186 0.0001126
-412.684 0.000111852
-411.183 0.000111478
-409.682 0.000109234
-408.181 0.000108859
-406.68 0.000108859
-405.179 0.000109982
-403.678 0.000108111
-402.177 0.000106241
-400.675 0.000106615
-399.174 0.000106989
-397.673 0.000105119
-396.172 0.000102126
-394.671 0.000103248
-393.17 0.0001025
-391.669 0.000100255
-390.168 9.8385e-05
-388.667 9.61404e-05
-387.165 9.50182e-05
-385.664 9.23996e-05
-384.163 9.46441e-05
-382.662 9.50182e-05
-381.161 9.35218e-05
-379.66 9.427e-05
-378.159 9.27736e-05
-376.658 9.12773e-05
-375.156 9.09032e-05
-373.655 9.09032e-05
-372.154 9.20255e-05
-370.653 9.23996e-05
-369.152 9.12773e-05
-367.651 8.94069e-05
-366.15 9.16514e-05
-364.649 9.16514e-05
-363.148 9.16514e-05
-361.646 8.94068e-05
-360.145 8.97809e-05
-358.644 9.12773e-05
-357.143 8.90328e-05
-355.642 8.71623e-05
-354.141 8.67882e-05
-352.64 8.60401e-05
-351.139 8.5666e-05
-349.637 8.5666e-05
-348.136 8.45437e-05
-346.635 8.5666e-05
-345.134 8.49178e-05
-343.633 8.1551e-05
-342.132 7.96806e-05
-340.631 7.96806e-05
-339.13 7.89324e-05
-337.629 7.51916e-05
-336.127 7.33211e-05
-334.626 7.44434e-05
-333.125 7.36952e-05
-331.624 7.36952e-05
-330.123 7.03284e-05
-328.622 6.80839e-05
-327.121 6.80839e-05
-325.62 6.92062e-05
-324.119 6.80839e-05
-322.617 6.92062e-05
-321.116 7.18248e-05
-319.615 7.21989e-05
-318.114 7.25729e-05
-316.613 7.18248e-05
-315.112 6.99543e-05
-313.611 7.03284e-05
-312.11 6.99543e-05
-310.609 7.03284e-05
-309.107 6.8458e-05
-307.606 6.69616e-05
-306.105 6.47171e-05
-304.604 6.50912e-05
-303.103 6.20985e-05
-301.602 5.9854e-05
-300.101 5.76094e-05
-298.6 5.76094e-05
-297.098 5.53649e-05
-295.597 5.46167e-05
-294.096 5.38686e-05
-292.595 5.38686e-05
-291.094 5.27463e-05
-289.593 5.31204e-05
-288.092 5.49908e-05
-286.591 5.46167e-05
-285.09 5.49908e-05
-283.588 5.46167e-05
-282.087 5.53649e-05
-280.586 5.46167e-05
-279.085 5.87317e-05
-277.584 5.76094e-05
-276.083 5.49908e-05
-274.582 5.34945e-05
-273.081 5.53649e-05
-271.579 5.19981e-05
-270.078 5.23722e-05
-268.577 5.23722e-05
-267.076 5.34945e-05
-265.575 5.34945e-05
-264.074 5.38686e-05
-262.573 5.49908e-05
-261.072 5.27463e-05
-259.571 5.38686e-05
-258.069 5.46167e-05
-256.568 5.68613e-05
-255.067 5.91058e-05
-253.566 6.13503e-05
-252.065 6.06021e-05
-250.564 6.20985e-05
-249.063 6.47171e-05
-247.562 6.69616e-05
-246.06 6.95803e-05
-244.559 7.07025e-05
-243.058 7.2947e-05
-241.557 7.78102e-05
-240.056 8.22992e-05
-238.555 8.41696e-05
-237.054 8.86587e-05
-235.553 9.27737e-05
-234.051 9.80109e-05
-232.55 0.000103622
-231.049 0.000110356
-229.548 0.000117089
-228.047 0.000125693
-226.546 0.000133175
-225.045 0.000144024
-223.544 0.000151131
-222.043 0.000163476
-220.541 0.000174699
-219.04 0.000185547
-217.539 0.00019864
-216.038 0.000210611
-214.537 0.000227071
-213.036 0.000240912
-211.535 0.000259617
-210.034 0.000276825
-208.532 0.000294781
-207.031 0.000316104
-205.53 0.000331816
-204.029 0.000355757
-202.528 0.000378951
-201.027 0.000404015
-199.526 0.000429078
-198.025 0.000454516
-196.524 0.000484443
-195.022 0.000509881
-193.521 0.00054093
-192.02 0.000569361
-190.519 0.000605274
-189.018 0.000632956
-187.517 0.000665876
-186.016 0.000701788
-184.515 0.000736204
-183.013 0.000772116
-181.512 0.000808777
-180.011 0.000847308
-178.51 0.000883595
-177.009 0.0009225
-175.508 0.000959909
-174.007 0.000998814
-172.506 0.0010351
-171.005 0.00107214
-169.503 0.00111179
-168.002 0.0011492
-166.501 0.00118586
-165 0.00122327
-163.499 0.00126292
-161.998 0.0013022
-160.497 0.00133886
-158.996 0.00137328
-157.495 0.00140919
-155.993 0.00144847
-154.492 0.00148026
-152.991 0.00151318
-151.49 0.00154797
-149.989 0.00158202
-148.488 0.00161419
-146.987 0.00164449
-145.486 0.00167404
-143.985 0.00170472
-142.483 0.00173053
-140.982 0.00175671
-139.481 0.00178589
-137.98 0.00181358
-136.479 0.00183677
-134.978 0.0018637
-133.477 0.00188652
-131.976 0.00191271
-130.474 0.00193665
-128.973 0.00196134
-127.472 0.00198528
-125.971 0.00200885
-124.47 0.00203466
-122.969 0.00205823
-121.468 0.00208591
-119.967 0.00210836
-118.466 0.00213267
-116.964 0.00216036
-115.463 0.00218579
-113.962 0.00221497
-112.461 0.0022434
-110.96 0.00226921
-109.459 0.00229989
-107.958 0.00233094
-106.457 0.00236161
-104.955 0.00239491
-103.454 0.00242895
-101.953 0.00246337
-100.452 0.00249928
-98.9509 0.00253968
-97.4499 0.00257634
-95.9487 0.00261562
-94.4476 0.00265303
-92.9466 0.00269306
-91.4454 0.00273533
-89.9443 0.0027776
-88.4431 0.00281987
-86.9421 0.00286551
-85.4409 0.00291377
-83.9398 0.00295978
-82.4387 0.00300916
-80.9376 0.00306116
-79.4364 0.00311316
-77.9353 0.00316889
-76.4342 0.00322538
-74.9331 0.00328224
-73.4319 0.00334098
-71.9309 0.00339896
-70.4298 0.00345994
-68.9286 0.00352465
-67.4276 0.00358189
-65.9264 0.00364773
-64.4253 0.00370983
-62.9241 0.00377118
-61.4231 0.00383327
-59.9219 0.00389463
-58.4208 0.00396084
-56.9198 0.0040192
-55.4186 0.00408055
-53.9175 0.00414227
-52.4163 0.00420026
-50.9153 0.00425861
-49.4141 0.0043166
-47.913 0.00437308
-46.4119 0.0044277
-44.9108 0.00448232
-43.4096 0.00453319
-41.9085 0.00458145
-40.4074 0.0046312
-38.9063 0.00467497
-37.4051 0.00471874
-35.9041 0.00475877
-34.403 0.00479692
-32.9018 0.00482984
-31.4007 0.00485827
-29.8996 0.00488259
-28.3985 0.00490803
-26.8973 0.00492935
-25.3963 0.00494506
-23.8951 0.00495741
-22.394 0.0049705
-20.8928 0.00497911
-19.3918 0.00498135
-17.8907 0.0049821
-16.3895 0.00497836
-14.8885 0.00497237
-13.3873 0.00496339
-11.8862 0.00494619
-10.385 0.0049286
-8.88398 0.00490728
-7.38283 0.00488109
-5.88168 0.00485154
-4.38064 0.00482161
-2.8795 0.00478682
-1.37834 0.00475016
0.122693 0.00471163
1.62384 0.00466824
3.12499 0.00462297
4.62614 0.00457808
6.12718 0.00452758
7.62833 0.00447521
9.12948 0.00442583
10.6305 0.00436747
12.1317 0.00431248
13.6328 0.00425674
15.134 0.00419876
16.635 0.00413853
18.1361 0.0040783
19.6373 0.00402256
21.1383 0.00396159
22.6395 0.00389949
24.1406 0.00384038
25.6418 0.00377978
27.1428 0.00371918
28.644 0.00365633
30.1451 0.00359535
31.6462 0.0035355
33.1473 0.00347191
34.6485 0.0034128
36.1496 0.00335369
37.6506 0.00329833
39.1518 0.00324296
40.6529 0.00319022
42.154 0.00313747
43.6551 0.00308772
45.1563 0.00304096
46.6574 0.0029942
48.1585 0.00294744
49.6596 0.00290254
51.1608 0.00286102
52.6618 0.00281912
54.163 0.00277648
55.6641 0.0027357
57.1652 0.00269605
58.6663 0.00265752
60.1674 0.00261973
61.6686 0.00258083
63.1696 0.00254529
64.6708 0.00250901
66.1719 0.00247496
67.673 0.00244167
69.1741 0.00241062
70.6753 0.00237994
72.1764 0.00234815
73.6774 0.00231785
75.1786 0.00228792
76.6797 0.00226323
78.1808 0.00223218
79.6819 0.00220225
81.1831 0.00217607
82.6842 0.00214951
84.1853 0.00212108
85.6864 0.00209302
87.1876 0.00206609
88.6886 0.00203803
90.1898 0.00201222
91.6909 0.00198678
93.1921 0.0019591
94.6931 0.00193665
96.1942 0.00190859
97.6954 0.00188727
99.1964 0.00186258
100.698 0.00183677
102.199 0.00181133
103.7 0.00178589
105.201 0.00175746
106.702 0.00173165
108.203 0.00170322
109.704 0.00167442
111.205 0.00164524
112.707 0.00161456
114.208 0.00158314
115.709 0.00155172
117.21 0.0015188
118.711 0.00148401
120.212 0.00145146
121.713 0.00142004
123.214 0.00138637
124.715 0.0013542
126.217 0.00132053
127.718 0.00128724
129.219 0.00125506
130.72 0.00122252
132.221 0.00119184
133.722 0.00115855
135.223 0.00112638
136.724 0.00109645
138.226 0.00106503
139.727 0.00103024
141.228 0.000997691
142.729 0.000968139
144.23 0.000934471
145.731 0.000902299
147.232 0.00087125
148.733 0.000842071
150.234 0.00081177
151.736 0.000783339
153.237 0.000754535
154.738 0.000727974
156.239 0.000701788
157.74 0.000678969
159.241 0.000654279
160.742 0.000634452
162.243 0.000611633
163.745 0.00058844
165.246 0.000571606
166.747 0.000550283
168.248 0.000531578
169.749 0.000515119
171.25 0.000497162
172.751 0.000481077
174.252 0.000465365
175.753 0.000452272
177.255 0.000440301
178.756 0.000421597
180.257 0.000412618
181.758 0.000398403
183.259 0.000387929
184.76 0.000377828
186.261 0.000369598
187.762 0.000358002
189.263 0.000347901
190.765 0.00034042
192.266 0.000333312
193.767 0.000324334
195.268 0.000316478
196.769 0.000309744
198.27 0.000304507
199.771 0.000296277
201.272 0.000292162
202.773 0.000287299
204.275 0.000280192
205.776 0.000277199
207.277 0.000272336
208.778 0.000267847
210.279 0.00026448
211.78 0.000259991
213.281 0.000255128
214.782 0.000251387
216.284 0.000247272
217.785 0.000241286
219.286 0.00023979
220.787 0.000236797
222.288 0.000235301
223.789 0.00022969
225.29 0.000227071
226.791 0.000224453
228.293 0.000221834
229.794 0.000217345
231.295 0.000213978
232.796 0.000210611
234.297 0.000208367
235.798 0.000207245
237.299 0.000205374
238.8 0.000203878
240.301 0.000203878
241.803 0.000202381
243.304 0.000201633
244.805 0.000198641
246.306 0.000197144
247.807 0.000194151
249.308 0.000190411
250.809 0.000189662
252.31 0.000190411
253.812 0.000188166
255.313 0.000186296
256.814 0.00018667
258.315 0.000182555
259.816 0.000181432
261.317 0.000178814
262.818 0.000174699
264.319 0.000173203
265.82 0.000171332
267.322 0.000169462
268.823 0.000169088
270.324 0.000168713
271.825 0.000167591
273.326 0.000164973
274.827 0.000166095
276.328 0.00016385
277.829 0.000161606
279.331 0.000159735
280.832 0.000158987
282.333 0.000157491
283.834 0.000155246
285.335 0.000152628
286.836 0.000151505
288.337 0.000148887
289.838 0.000147765
291.339 0.000146642
292.841 0.000144772
294.342 0.000143276
295.843 0.000142153
297.344 0.000141405
298.845 0.00013729
300.346 0.000135794
301.847 0.00013729
303.348 0.000135046
304.85 0.000132801
306.351 0.000133175
307.852 0.000130182
309.353 0.000129434
310.854 0.000129434
312.355 0.000128686
313.856 0.00012719
315.357 0.000125693
316.858 0.000123823
318.36 0.000123075
319.861 0.000121204
321.362 0.000119334
322.863 0.000117838
324.364 0.000116715
325.865 0.000115593
327.366 0.000112974
328.867 0.000111478
330.368 0.00011073
331.87 0.00011073
333.371 0.000111852
334.872 0.000109982
336.373 0.000110356
337.874 0.000111104
339.375 0.000110356
340.876 0.000108859
342.377 0.000108859
343.879 0.000109608
345.38 0.000107363
346.881 0.000107363
348.382 0.000108859
349.883 0.000105119
351.384 0.00010437
352.885 0.000101004
354.386 9.98813e-05
355.887 9.65145e-05
357.389 9.38959e-05
358.89 9.427e-05
360.391 9.46441e-05
361.892 9.31477e-05
363.393 9.50182e-05
364.894 9.68886e-05
366.395 9.57663e-05
367.896 9.72627e-05
369.398 9.50182e-05
370.899 9.80109e-05
372.4 9.68886e-05
373.901 9.61404e-05
375.402 9.27736e-05
376.903 9.38959e-05
378.404 9.38959e-05
379.905 9.427e-05
381.407 9.31477e-05
382.907 9.27736e-05
384.409 9.31477e-05
385.91 9.57663e-05
387.411 9.72627e-05
388.912 9.53922e-05
390.413 9.27736e-05
391.914 9.27736e-05
393.415 9.05291e-05
394.916 8.97809e-05
396.418 8.97809e-05
397.919 8.94068e-05
399.42 8.67882e-05
400.921 8.64142e-05
402.422 8.37955e-05
403.923 8.34215e-05
405.424 8.41696e-05
406.925 8.45437e-05
408.427 8.45437e-05
409.928 8.19251e-05
411.429 8.1551e-05
412.93 8.1551e-05
414.431 8.11769e-05
415.932 8.04288e-05
417.433 7.96806e-05
418.934 7.93065e-05
420.436 7.7062e-05
421.937 7.63138e-05
423.438 7.63138e-05
424.939 7.59397e-05
426.44 7.48175e-05
427.941 7.59397e-05
429.442 7.63138e-05
430.943 7.63138e-05
432.445 7.7062e-05
433.945 7.59397e-05
435.447 7.55656e-05
436.948 7.59397e-05
438.449 7.55656e-05
439.95 7.14507e-05
441.451 7.07025e-05
442.952 6.99543e-05
444.453 6.8458e-05
445.954 7.07025e-05
447.456 7.25729e-05
448.957 7.25729e-05
450.458 7.03284e-05
451.959 6.99543e-05
453.46 6.99543e-05
454.961 6.73357e-05
456.462 6.58394e-05
457.963 6.50912e-05
459.465 6.35948e-05
460.966 6.39689e-05
462.467 6.35948e-05
463.968 6.32208e-05
465.469 6.20985e-05
466.97 6.54653e-05
468.471 6.47171e-05
469.972 6.39689e-05
471.474 6.50912e-05
472.975 6.47171e-05
474.476 6.24726e-05
475.977 6.28467e-05
477.478 5.9854e-05
478.979 5.9854e-05
480.48 5.83576e-05
481.981 5.9854e-05
483.482 5.83576e-05
484.984 5.87317e-05
486.485 5.94799e-05
487.986 6.28467e-05
489.487 6.4343e-05
490.988 6.47171e-05
492.489 6.32208e-05
493.99 6.32208e-05
495.491 6.17244e-05
496.992 6.28467e-05
498.494 6.02281e-05
499.995 5.91058e-05
501.496 5.9854e-05
502.997 5.9854e-05
504.498 5.83576e-05
505.999 5.83576e-05
507.5 5.91058e-05
509.001 5.9854e-05
510.503 5.94799e-05
512.004 6.02281e-05
513.505 6.09762e-05
515.006 6.39689e-05
516.507 6.20985e-05
518.008 6.39689e-05
519.509 6.39689e-05
521.01 6.62135e-05
522.511 6.92062e-05
524.013 6.92062e-05
525.514 6.80839e-05
527.015 6.58394e-05
528.516 6.47171e-05
530.017 6.62135e-05
531.518 6.47171e-05
533.019 6.39689e-05
534.52 6.54653e-05
536.022 6.39689e-05
537.523 6.35948e-05
539.024 6.28467e-05
540.525 6.32208e-05
542.026 6.17244e-05
543.527 6.54653e-05
545.028 6.65875e-05
546.529 6.35948e-05
548.03 6.39689e-05
549.531 6.47171e-05
551.033 6.4343e-05
552.534 6.35948e-05
554.035 6.32208e-05
555.536 6.20985e-05
557.037 6.28467e-05
558.538 6.09762e-05
560.039 6.09762e-05
561.54 6.02281e-05
563.042 5.94799e-05
564.543 5.91058e-05
566.044 6.09762e-05
567.545 6.17244e-05
569.046 6.13503e-05
570.547 6.09762e-05
572.048 5.9854e-05
573.549 5.87317e-05
575.051 5.83576e-05
576.552 5.61131e-05
578.053 5.31204e-05
579.554 5.46167e-05
581.055 5.46167e-05
582.556 5.1624e-05
584.057 5.31204e-05
585.558 5.31204e-05
587.06 5.34945e-05
588.561 5.31204e-05
590.062 5.46167e-05
591.563 5.72354e-05
593.064 5.83576e-05
594.565 5.91058e-05
596.066 5.91058e-05
597.567 5.72354e-05
599.069 5.53649e-05
600.569 5.53649e-05
602.071 5.46167e-05
603.572 5.27463e-05
605.073 5.23722e-05
606.574 5.42427e-05
608.075 5.23722e-05
609.576 5.05018e-05
611.077 5.05018e-05
612.578 5.125e-05
614.08 5.23722e-05
615.581 5.19981e-05
617.082 5.19981e-05
618.583 5.23722e-05
620.084 5.34945e-05
621.585 5.49908e-05
623.086 5.46167e-05
624.587 5.49908e-05
626.089 5.64872e-05
627.59 5.68613e-05
629.091 5.68613e-05
630.592 5.72354e-05
632.093 5.68613e-05
633.594 5.87317e-05
635.095 5.61131e-05
636.596 5.42427e-05
638.098 5.38686e-05
639.599 5.31204e-05
641.1 5.38686e-05
642.601 5.38686e-05
644.102 5.53649e-05
645.603 5.49908e-05
647.104 5.42427e-05
648.605 5.5739e-05
650.106 5.68613e-05
651.608 5.87317e-05
653.109 5.9854e-05
654.61 5.91058e-05
656.111 5.83576e-05
657.612 5.83576e-05
659.113 5.68613e-05
660.614 5.5739e-05
662.115 5.5739e-05
663.616 5.38686e-05
665.118 5.27463e-05
666.619 5.19981e-05
668.12 5.23722e-05
669.621 5.46167e-05
671.122 5.61131e-05
672.623 5.49908e-05
674.124 5.53649e-05
675.625 5.42427e-05
677.126 5.49908e-05
678.628 5.19981e-05
680.129 5.42427e-05
681.63 5.05018e-05
683.131 4.90054e-05
684.632 4.63868e-05
686.133 4.48905e-05
687.634 4.45164e-05
689.135 4.52646e-05
690.637 4.60127e-05
692.138 4.75091e-05
693.639 4.82573e-05
695.14 4.93795e-05
696.641 4.97536e-05
698.142 4.7135e-05
699.643 4.63868e-05
701.144 4.52646e-05
702.646 4.63868e-05
704.147 4.52646e-05
705.648 4.45164e-05
707.149 4.52646e-05
708.65 4.60127e-05
710.151 4.82573e-05
711.652 4.93795e-05
713.153 4.90054e-05
714.654 4.86313e-05
716.155 4.56386e-05
717.657 4.63868e-05
719.158 4.33941e-05
720.659 4.37682e-05
722.16 4.37682e-05
723.661 4.48905e-05
725.162 4.41423e-05
726.663 4.52646e-05
728.164 4.60127e-05
729.666 4.45164e-05
731.167 4.60127e-05
732.668 4.67609e-05
734.169 4.60127e-05
735.67 4.60127e-05
737.171 4.75091e-05
738.672 4.82573e-05
740.173 4.75091e-05
741.675 4.86313e-05
743.176 4.78832e-05
744.677 4.86313e-05
746.178 4.60127e-05
747.679 4.33941e-05
749.18 4.33941e-05
750.681 4.302e-05
752.182 4.26459e-05
753.684 4.07755e-05
755.185 4.302e-05
756.686 4.302e-05
758.187 4.22719e-05
759.688 4.48905e-05
761.189 4.45164e-05
762.69 4.56386e-05
764.191 4.63868e-05
765.693 4.67609e-05
767.193 4.41423e-05
768.695 4.22719e-05
770.196 4.11496e-05
771.697 4.302e-05
773.198 4.302e-05
774.699 4.26459e-05
776.2 4.48905e-05
777.701 4.37682e-05
779.202 4.33941e-05
780.704 4.37682e-05
782.205 4.302e-05
783.706 4.26459e-05
785.207 4.45164e-05
786.708 4.37682e-05
788.209 4.37682e-05
789.71 4.45164e-05
791.211 4.37682e-05
792.713 4.15237e-05
794.214 4.41423e-05
795.715 4.302e-05
797.216 4.45164e-05
798.717 4.26459e-05
800.218 4.26459e-05
801.719 4.33941e-05
803.22 4.52646e-05
804.722 4.63868e-05
806.223 4.52646e-05
807.724 4.48905e-05
809.225 4.45164e-05
810.726 4.48905e-05
812.227 4.56386e-05
813.728 4.37682e-05
815.229 4.45164e-05
816.73 4.302e-05
818.231 4.26459e-05
819.733 4.22719e-05
821.234 4.00273e-05
822.735 4.04014e-05
824.236 4.22719e-05
825.737 4.33941e-05
827.238 4.45164e-05
828.739 4.33941e-05
830.24 4.41423e-05
831.742 4.63868e-05
833.243 4.75091e-05
834.744 4.7135e-05
836.245 4.60127e-05
837.746 4.48905e-05
839.247 4.41423e-05
840.748 4.45164e-05
842.249 4.52646e-05
843.75 4.60127e-05
845.252 4.52646e-05
846.753 4.60127e-05
848.254 4.60127e-05
849.755 4.67609e-05
851.256 4.41423e-05
852.757 4.33941e-05
854.258 4.33941e-05
855.759 4.41423e-05
857.261 4.26459e-05
858.762 4.15237e-05
860.263 4.11496e-05
861.764 4.15237e-05
863.265 4.37682e-05
864.766 4.63868e-05
866.267 4.82573e-05
867.768 4.93795e-05
869.27 4.93795e-05
870.771 4.93795e-05
872.272 5.08759e-05
873.773 5.19981e-05
875.274 5.125e-05
876.775 5.125e-05
878.276 5.01277e-05
879.777 4.93795e-05
881.278 4.86313e-05
882.779 4.67609e-05
884.281 5.01277e-05
885.782 5.05018e-05
887.283 4.97536e-05
888.784 5.08759e-05
890.285 5.08759e-05
891.786 5.05018e-05
893.287 4.93795e-05
894.788 4.86313e-05
896.29 4.90054e-05
897.791 4.78832e-05
899.292 4.90054e-05
900.793 4.90054e-05
902.294 4.93795e-05
903.795 5.05018e-05
905.296 5.05018e-05
906.797 4.97536e-05
908.299 4.90054e-05
909.8 4.97536e-05
911.301 5.125e-05
912.802 5.31204e-05
914.303 5.46167e-05
915.804 5.31204e-05
917.305 5.5739e-05
918.806 5.53649e-05
920.308 5.76094e-05
921.809 5.83576e-05
923.31 5.83576e-05
924.811 5.68613e-05
926.312 5.49908e-05
927.813 5.34945e-05
929.314 5.34945e-05
930.815 5.46167e-05
932.316 5.31204e-05
933.817 5.19981e-05
935.319 5.27463e-05
936.82 5.23722e-05
938.321 5.19981e-05
939.822 5.38686e-05
941.323 5.49908e-05
942.824 5.61131e-05
944.325 5.42427e-05
945.826 5.23722e-05
947.328 5.08759e-05
948.829 5.19981e-05
950.33 5.31204e-05
951.831 5.27463e-05
953.332 5.38686e-05
954.833 5.31204e-05
956.334 5.38686e-05
957.835 5.31204e-05
959.337 5.46167e-05
960.838 5.23722e-05
962.339 5.01277e-05
963.84 5.08759e-05
965.341 4.93795e-05
966.842 4.78832e-05
968.343 4.78832e-05
969.844 4.75091e-05
971.346 4.86313e-05
972.847 4.93795e-05
974.348 4.86313e-05
975.849 5.1624e-05
977.35 5.08759e-05
978.851 5.1624e-05
980.352 5.23722e-05
981.853 5.19981e-05
983.354 5.08759e-05
984.855 5.05018e-05
986.357 5.125e-05
987.858 5.08759e-05
989.359 4.75091e-05
990.86 4.75091e-05
992.361 4.90054e-05
993.862 4.97536e-05
995.363 4.82573e-05
996.864 4.75091e-05
998.366 4.63868e-05
999.867 4.90054e-05
1001.37 4.86313e-05
1002.87 4.90054e-05
1004.37 5.08759e-05
1005.87 4.97536e-05
1007.37 5.23722e-05
1008.87 5.42427e-05
1010.37 5.38686e-05
1011.88 5.46167e-05
1013.38 5.5739e-05
1014.88 5.53649e-05
1016.38 5.46167e-05
1017.88 5.49908e-05
1019.38 5.38686e-05
1020.88 5.49908e-05
1022.38 5.46167e-05
1023.88 5.61131e-05
1025.39 5.64872e-05
1026.89 5.53649e-05
1028.39 5.46167e-05
1029.89 5.34945e-05
1031.39 5.1624e-05
1032.89 5.27463e-05
1034.39 5.125e-05
1035.89 5.01277e-05
1037.39 4.86313e-05
1038.9 4.93795e-05
1040.4 4.86313e-05
1041.9 4.7135e-05
1043.4 4.63868e-05
1044.9 4.56386e-05
1046.4 4.67609e-05
1047.9 4.48905e-05
1049.4 4.15237e-05
1050.9 4.07755e-05
1052.41 4.41423e-05
1053.91 4.41423e-05
1055.41 4.22719e-05
1056.91 4.22719e-05
1058.41 4.15237e-05
1059.91 4.302e-05
1061.41 4.00273e-05
1062.91 4.18978e-05
1064.41 4.22719e-05
1065.92 4.11496e-05
1067.42 3.8531e-05
1068.92 3.89051e-05
1070.42 4.07755e-05
1071.92 4.07755e-05
1073.42 4.15237e-05
1074.92 4.11496e-05
1076.42 3.89051e-05
1077.92 4.04014e-05
1079.43 3.96532e-05
1080.93 3.77828e-05
1082.43 3.51642e-05
1083.93 3.25456e-05
1085.43 3.29197e-05
1086.93 3.14233e-05
1088.43 3.10492e-05
1089.93 3.03011e-05
1091.43 2.9927e-05
1092.94 2.95529e-05
1094.44 3.10492e-05
1095.94 2.9927e-05
1097.44 2.95529e-05
1098.94 3.06751e-05
1100.44 3.03011e-05
1101.94 2.76824e-05
1103.44 2.35675e-05
1104.94 2.28193e-05
1106.45 2.35675e-05
1107.95 2.35675e-05
1109.45 2.28193e-05
1110.95 2.20711e-05
1112.45 2.28193e-05
1113.95 2.24452e-05
1115.45 2.05748e-05
1116.95 2.02007e-05
1118.46 2.28193e-05
1119.96 2.20711e-05
1121.46 2.28193e-05
1122.96 2.09489e-05
1124.46 2.09489e-05
1125.96 2.09489e-05
1127.46 2.09489e-05
1128.96 1.87043e-05
1130.46 1.64598e-05
1131.96 1.75821e-05
1133.47 1.75821e-05
1134.97 2.02007e-05
1136.47 2.09489e-05
1137.97 1.98266e-05
1139.47 1.87043e-05
1140.97 1.87044e-05
1142.47 2.09489e-05
1143.97 2.02007e-05
1145.48 1.75821e-05
1146.98 1.75821e-05
1148.48 1.7208e-05
1149.98 1.87044e-05
1151.48 1.87044e-05
1152.98 1.7208e-05
1154.48 1.42153e-05
1155.98 1.42153e-05
1157.48 1.53376e-05
1158.99 1.45894e-05
1160.49 1.57116e-05
1161.99 1.42153e-05
1163.49 1.38412e-05
1164.99 1.42153e-05
1166.49 1.3093e-05
1167.99 1.38412e-05
1169.49 1.15967e-05
1170.99 1.15967e-05
1172.5 1.15967e-05
1174 1.04744e-05
1175.5 9.72626e-06
1177 1.27189e-05
1178.5 1.3093e-05
1180 1.38412e-05
1181.5 1.34671e-05
1183 1.57116e-05
1184.5 1.45894e-05
1186.01 1.57116e-05
1187.51 1.38412e-05
1189.01 1.3093e-05
1190.51 1.34671e-05
1192.01 1.04744e-05
1193.51 1.23449e-05
1195.01 1.15967e-05
1196.51 9.35218e-06
1198.01 6.73358e-06
1199.52 7.48175e-06
1201.02 6.35948e-06
1202.52 6.73357e-06
1204.02 6.35948e-06
1205.52 7.85583e-06
1207.02 8.604e-06
1208.52 8.604e-06
1210.02 9.72626e-06
1211.52 7.10765e-06
1213.03 7.48174e-06
1214.53 9.35217e-06
1216.03 8.97808e-06
1217.53 6.73356e-06
1219.03 5.23721e-06
1220.53 5.61129e-06
1222.03 6.35947e-06
1223.53 3.74087e-06
1225.03 5.61129e-06
1226.54 6.73356e-06
1228.04 5.23721e-06
1229.54 5.98539e-06
1231.04 5.98539e-06
1232.54 4.11496e-06
1234.04 7.10764e-06
1235.54 7.48173e-06
1237.04 6.73356e-06
1238.54 7.10764e-06
1240.05 6.73356e-06
1241.55 6.35947e-06
1243.05 4.48904e-06
1244.55 2.99269e-06
1246.05 1.12226e-06
1247.55 3.74091e-07
1249.05 3.74091e-07
1250.55 0
1252.05 0
1253.56 3.74083e-07
1255.06 2.24452e-06
1256.56 1.87043e-06
1258.06 2.99269e-06
1259.56 3.36678e-06
1261.06 5.6113e-06
1262.56 5.23721e-06
1264.06 5.98538e-06
1265.56 6.35948e-06
1267.07 5.98539e-06
1268.57 4.86313e-06
1270.07 5.61131e-06
1271.57 4.86314e-06
1273.07 5.61131e-06
1274.57 6.73356e-06
1276.07 6.73356e-06
1277.57 1.04744e-05
1279.07 1.01003e-05
1280.58 1.19708e-05
1282.08 1.23449e-05
1283.58 1.38412e-05
1285.08 1.34671e-05
1286.58 1.3093e-05
1288.08 1.04744e-05
1289.58 1.01003e-05
1291.08 1.15967e-05
1292.58 1.19708e-05
1294.09 1.3093e-05
1295.59 1.49635e-05
1297.09 1.49635e-05
1298.59 1.57116e-05
1300.09 1.42153e-05
1301.59 1.53376e-05
1303.09 1.49635e-05
1304.59 1.53376e-05
1306.09 1.7208e-05
1307.6 1.64598e-05
1309.1 1.57116e-05
1310.6 1.7208e-05
1312.1 1.68339e-05
1313.6 1.7208e-05
1315.1 1.7208e-05
1316.6 1.87043e-05
1318.1 1.83302e-05
1319.6 1.79562e-05
1321.11 2.02007e-05
1322.61 2.02007e-05
1324.11 1.94525e-05
1325.61 1.94525e-05
1327.11 1.68339e-05
1328.61 1.57116e-05
1330.11 1.68339e-05
1331.61 1.79562e-05
1333.11 1.90784e-05
1334.62 2.02007e-05
1336.12 2.02007e-05
1337.62 1.98266e-05
1339.12 2.09489e-05
1340.62 2.1323e-05
1342.12 2.43157e-05
1343.62 2.43157e-05
1345.12 2.5812e-05
1346.62 2.54379e-05
1348.13 2.5812e-05
1349.63 2.5812e-05
1351.13 2.50638e-05
1352.63 2.31934e-05
1354.13 2.28193e-05
1355.63 2.24452e-05
1357.13 2.43157e-05
1358.63 2.43157e-05
1360.13 2.46898e-05
1361.64 2.43157e-05
1363.14 2.31934e-05
1364.64 2.54379e-05
1366.14 2.69343e-05
1367.64 2.5812e-05
1369.14 2.69343e-05
1370.64 2.50638e-05
1372.14 2.50638e-05
1373.64 2.5812e-05
1375.15 2.50638e-05
1376.65 2.46897e-05
1378.15 2.5812e-05
1379.65 2.65602e-05
1381.15 2.91788e-05
1382.65 3.10492e-05
1384.15 3.06751e-05
1385.65 3.03011e-05
1387.15 3.06751e-05
1388.66 2.9927e-05
1390.16 3.06751e-05
1391.66 2.84306e-05
1393.16 2.73084e-05
1394.66 2.84306e-05
1396.16 2.84306e-05
1397.66 2.88047e-05
1399.16 2.9927e-05
1400.66 3.03011e-05
1402.17 3.10492e-05
1403.67 3.06751e-05
1405.17 3.10492e-05
1406.67 3.21715e-05
1408.17 3.25456e-05
1409.67 3.14233e-05
1411.17 3.32938e-05
1412.67 3.25456e-05
1414.17 3.06751e-05
1415.68 3.06751e-05
1417.18 3.06751e-05
1418.68 2.91788e-05
1420.18 3.21715e-05
1421.68 3.25456e-05
1423.18 3.25456e-05
1424.68 3.29197e-05
1426.18 3.40419e-05
1427.69 3.66605e-05
1429.19 3.55383e-05
1430.69 3.4416e-05
1432.19 3.62865e-05
1433.69 3.59124e-05
1435.19 3.47901e-05
1436.69 3.8531e-05
1438.19 3.89051e-05
1439.69 3.77828e-05
1441.19 3.8531e-05
1442.7 4.11496e-05
1444.2 4.00273e-05
1445.7 4.07755e-05
1447.2 4.04014e-05
1448.7 3.89051e-05
1450.2 3.74087e-05
1451.7 3.81569e-05
1453.2 3.77828e-05
1454.71 3.8531e-05
1456.21 3.70346e-05
1457.71 3.66605e-05
1459.21 3.8531e-05
1460.71 4.11496e-05
1462.21 4.26459e-05
1463.71 4.26459e-05
1465.21 4.37682e-05
1466.71 4.37682e-05
1468.22 4.26459e-05
1469.72 4.302e-05
1471.22 4.07755e-05
1472.72 4.15237e-05
1474.22 4.302e-05
1475.72 4.15237e-05
1477.22 4.26459e-05
1478.72 4.07755e-05
1480.22 3.89051e-05
1481.73 4.07755e-05
1483.23 4.15237e-05
1484.73 4.18978e-05
1486.23 4.11496e-05
1487.73 3.92792e-05
1489.23 3.96532e-05
1490.73 3.92792e-05
1492.23 3.74087e-05
1493.73 3.59124e-05
1495.24 3.4416e-05
1496.74 3.66605e-05
1498.24 3.55383e-05
1499.74 3.40419e-05
1501.24 3.55383e-05
1502.74 3.55383e-05
1504.24 3.40419e-05
1505.74 3.36678e-05
1507.24 3.4416e-05
1508.75 3.51642e-05
1510.25 3.4416e-05
1511.75 3.36678e-05
1513.25 3.36678e-05
1514.75 3.47901e-05
1516.25 3.40419e-05
1517.75 3.29197e-05
1519.25 3.32938e-05
1520.75 3.21715e-05
1522.26 3.25456e-05
1523.76 3.17974e-05
1525.26 3.21715e-05
1526.76 3.21715e-05
1528.26 3.25456e-05
1529.76 3.10492e-05
1531.26 2.91788e-05
1532.76 3.03011e-05
1534.26 3.10492e-05
1535.77 3.32938e-05
1537.27 3.17974e-05
1538.77 3.14233e-05
1540.27 3.32938e-05
1541.77 3.29197e-05
1543.27 3.55383e-05
1544.77 3.62865e-05
1546.27 3.47901e-05
1547.77 3.32938e-05
1549.28 3.47901e-05
1550.78 3.59124e-05
1552.28 3.47901e-05
1553.78 3.51642e-05
1555.28 3.66605e-05
1556.78 3.8531e-05
1558.28 3.29197e-05
1559.78 3.36678e-05
1561.28 3.36678e-05
1562.79 3.47901e-05
1564.29 3.25456e-05
1565.79 3.17974e-05
1567.29 3.17974e-05
1568.79 3.17974e-05
1570.29 3.10492e-05
1571.79 2.9927e-05
1573.29 2.95529e-05
1574.79 2.9927e-05
1576.3 3.10492e-05
