-1574.55 0.000201521
-1573.05 0.000200998
-1571.55 0.000200475
-1570.05 0.000197334
-1568.55 0.000197334
-1567.04 0.000199951
-1565.54 0.000198904
-1564.04 0.000198381
-1562.54 0.000198904
-1561.04 0.000197857
-1559.54 0.000200475
-1558.04 0.000200475
-1556.54 0.000201521
-1555.04 0.000202045
-1553.54 0.000203092
-1552.04 0.000205185
-1550.53 0.000203615
-1549.03 0.000201521
-1547.53 0.000204662
-1546.03 0.000204662
-1544.53 0.000204139
-1543.03 0.000203615
-1541.53 0.000203615
-1540.03 0.000205185
-1538.53 0.000203615
-1537.03 0.000203092
-1535.53 0.000204139
-1534.02 0.000200998
-1532.52 0.000199428
-1531.02 0.000198381
-1529.52 0.000199428
-1528.02 0.000196811
-1526.52 0.000197334
-1525.02 0.000196287
-1523.52 0.000197857
-1522.02 0.000196811
-1520.52 0.000199428
-1519.02 0.000204139
-1517.51 0.000205709
-1516.01 0.000206756
-1514.51 0.000204662
-1513.01 0.000206756
-1511.51 0.000206232
-1510.01 0.000206232
-1508.51 0.000204662
-1507.01 0.000205185
-1505.51 0.000207803
-1504.01 0.000205709
-1502.51 0.000205185
-1501 0.000202045
-1499.5 0.000200475
-1498 0.000199951
-1496.5 0.000200475
-1495 0.000201521
-1493.5 0.000199951
-1492 0.000197857
-1490.5 0.000197857
-1489 0.000195764
-1487.5 0.000196811
-1486 0.000196287
-1484.49 0.000196811
-1482.99 0.00019367
-1481.49 0.000197857
-1479.99 0.000196811
-1478.49 0.000194193
-1476.99 0.000198381
-1475.49 0.000198381
-1473.99 0.000197334
-1472.49 0.000195764
-1470.99 0.00019524
-1469.49 0.000193147
-1467.98 0.00019524
-1466.48 0.00019524
-1464.98 0.000198904
-1463.48 0.000198904
-1461.98 0.000197857
-1460.48 0.000198904
-1458.98 0.000198381
-1457.48 0.000201521
-1455.98 0.000199428
-1454.48 0.000199428
-1452.98 0.000196287
-1451.47 0.000195764
-1449.97 0.000196287
-1448.47 0.000196287
-1446.97 0.000196287
-1445.47 0.000196811
-1443.97 0.000197334
-1442.47 0.000197857
-1440.97 0.000197857
-1439.47 0.000199951
-1437.97 0.000203092
-1436.47 0.000203615
-1434.96 0.000203092
-1433.46 0.000200475
-1431.96 0.000200475
-1430.46 0.000198381
-1428.96 0.000196811
-1427.46 0.000196811
-1425.96 0.000198904
-1424.46 0.000198904
-1422.96 0.000199428
-1421.46 0.000203615
-1419.96 0.000206232
-1418.45 0.000204139
-1416.95 0.000204662
-1415.45 0.000201521
-1413.95 0.000202045
-1412.45 0.000200998
-1410.95 0.000202568
-1409.45 0.000200475
-1407.95 0.000200475
-1406.45 0.000197857
-1404.95 0.000195764
-1403.45 0.000194193
-1401.94 0.000192623
-1400.44 0.000190529
-1398.94 0.000193147
-1397.44 0.000192623
-1395.94 0.00019367
-1394.44 0.000194193
-1392.94 0.000197334
-1391.44 0.000197334
-1389.94 0.000197334
-1388.44 0.000198904
-1386.94 0.000199951
-1385.43 0.000200475
-1383.93 0.000197857
-1382.43 0.000197334
-1380.93 0.000196287
-1379.43 0.000200475
-1377.93 0.000203615
-1376.43 0.000204139
-1374.93 0.000201521
-1373.43 0.000202568
-1371.93 0.000203092
-1370.43 0.000199428
-1368.92 0.000198904
-1367.42 0.000197334
-1365.92 0.000195764
-1364.42 0.00019524
-1362.92 0.000193147
-1361.42 0.000191576
-1359.92 0.00019524
-1358.42 0.000196811
-1356.92 0.000198381
-1355.42 0.000200475
-1353.91 0.000203615
-1352.41 0.000209896
-1350.91 0.000209373
-1349.41 0.000208326
-1347.91 0.000205709
-1346.41 0.000207803
-1344.91 0.000206756
-1343.41 0.000207279
-1341.91 0.000203092
-1340.41 0.000202045
-1338.91 0.000201521
-1337.4 0.000201521
-1335.9 0.000202045
-1334.4 0.000202045
-1332.9 0.000203092
-1331.4 0.000202568
-1329.9 0.000203092
-1328.4 0.000203092
-1326.9 0.000201521
-1325.4 0.000199951
-1323.9 0.000204139
-1322.4 0.000204139
-1320.89 0.000206232
-1319.39 0.000208849
-1317.89 0.000213037
-1316.39 0.000215654
-1314.89 0.000214084
-1313.39 0.000216178
-1311.89 0.000212514
-1310.39 0.00021042
-1308.89 0.000209373
-1307.39 0.000206232
-1305.89 0.000204662
-1304.38 0.000204139
-1302.88 0.000207279
-1301.38 0.000209373
-1299.88 0.000208849
-1298.38 0.000211467
-1296.88 0.000214084
-1295.38 0.000215654
-1293.88 0.000214607
-1292.38 0.000214607
-1290.88 0.000214607
-1289.38 0.000214607
-1287.87 0.000214084
-1286.37 0.000209896
-1284.87 0.000208326
-1283.37 0.000210943
-1281.87 0.000213037
-1280.37 0.000213037
-1278.87 0.000214084
-1277.37 0.000214607
-1275.87 0.00021356
-1274.37 0.000213037
-1272.87 0.000213037
-1271.36 0.000214084
-1269.86 0.00021199
-1268.36 0.000209373
-1266.86 0.000209373
-1265.36 0.000208849
-1263.86 0.000209373
-1262.36 0.000206232
-1260.86 0.000207279
-1259.36 0.000206756
-1257.86 0.000206232
-1256.36 0.000205185
-1254.85 0.000206756
-1253.35 0.000205185
-1251.85 0.000203615
-1250.35 0.000203615
-1248.85 0.000201521
-1247.35 0.000200475
-1245.85 0.000197857
-1244.35 0.000200475
-1242.85 0.000200475
-1241.35 0.000196287
-1239.85 0.000198381
-1238.34 0.000200998
-1236.84 0.000203615
-1235.34 0.000203615
-1233.84 0.000202568
-1232.34 0.000202045
-1230.84 0.000202045
-1229.34 0.000201521
-1227.84 0.000199951
-1226.34 0.000199951
-1224.84 0.000197334
-1223.34 0.000199951
-1221.83 0.000196811
-1220.33 0.000198381
-1218.83 0.000198381
-1217.33 0.000202568
-1215.83 0.000202045
-1214.33 0.000203092
-1212.83 0.000203092
-1211.33 0.000205185
-1209.83 0.000205185
-1208.33 0.000205185
-1206.83 0.000200998
-1205.32 0.000200475
-1203.82 0.000199951
-1202.32 0.000198904
-1200.82 0.000198381
-1199.32 0.000202045
-1197.82 0.000200998
-1196.32 0.000204662
-1194.82 0.000208849
-1193.32 0.000206232
-1191.82 0.000205709
-1190.32 0.000205709
-1188.81 0.000205709
-1187.31 0.000205709
-1185.81 0.000205185
-1184.31 0.000205185
-1182.81 0.000205709
-1181.31 0.000204662
-1179.81 0.000205709
-1178.31 0.000206756
-1176.81 0.000209373
-1175.31 0.000209373
-1173.81 0.000211467
-1172.3 0.000207803
-1170.8 0.000207279
-1169.3 0.000207279
-1167.8 0.000207803
-1166.3 0.000205709
-1164.8 0.000206232
-1163.3 0.000204139
-1161.8 0.000201521
-1160.3 0.000202568
-1158.8 0.000202045
-1157.3 0.000199428
-1155.79 0.000199428
-1154.29 0.000198904
-1152.79 0.000198381
-1151.29 0.000196287
-1149.79 0.000196811
-1148.29 0.000195764
-1146.79 0.000196287
-1145.29 0.000199428
-1143.79 0.000198904
-1142.29 0.000198904
-1140.79 0.000199428
-1139.28 0.000200475
-1137.78 0.000202045
-1136.28 0.000203092
-1134.78 0.000204662
-1133.28 0.000205185
-1131.78 0.000206232
-1130.28 0.000203092
-1128.78 0.000202568
-1127.28 0.000203092
-1125.78 0.000202045
-1124.28 0.000200998
-1122.77 0.000199951
-1121.27 0.000200998
-1119.77 0.000200998
-1118.27 0.000203092
-1116.77 0.000202045
-1115.27 0.000199951
-1113.77 0.000197857
-1112.27 0.000196287
-1110.77 0.000192623
-1109.27 0.000194193
-1107.77 0.000196287
-1106.26 0.000197334
-1104.76 0.000198904
-1103.26 0.000199951
-1101.76 0.000201521
-1100.26 0.000205185
-1098.76 0.000206756
-1097.26 0.000205709
-1095.76 0.000203615
-1094.26 0.000201521
-1092.76 0.000200998
-1091.26 0.000196811
-1089.75 0.000193147
-1088.25 0.0001921
-1086.75 0.000191576
-1085.25 0.000188959
-1083.75 0.000189482
-1082.25 0.000187912
-1080.75 0.000189482
-1079.25 0.000191053
-1077.75 0.000189482
-1076.25 0.000191053
-1074.75 0.000190529
-1073.24 0.000192623
-1071.74 0.000196287
-1070.24 0.000192623
-1068.74 0.000192623
-1067.24 0.000191053
-1065.74 0.0001921
-1064.24 0.000192623
-1062.74 0.0001921
-1061.24 0.000194193
-1059.74 0.000194717
-1058.24 0.0001921
-1056.73 0.000196287
-1055.23 0.00019524
-1053.73 0.000198381
-1052.23 0.000197334
-1050.73 0.000199428
-1049.23 0.000203092
-1047.73 0.000199428
-1046.23 0.000196811
-1044.73 0.000199428
-1043.23 0.000198904
-1041.73 0.000199428
-1040.22 0.000198904
-1038.72 0.000200475
-1037.22 0.000197857
-1035.72 0.000198904
-1034.22 0.000194193
-1032.72 0.00019524
-1031.22 0.000195764
-1029.72 0.000195764
-1028.22 0.00019524
-1026.72 0.00019524
-1025.22 0.000194193
-1023.71 0.000189482
-1022.21 0.000189482
-1020.71 0.000190529
-1019.21 0.000191576
-1017.71 0.000191576
-1016.21 0.000190006
-1014.71 0.0001921
-1013.21 0.00019367
-1011.71 0.000193146
-1010.21 0.000197857
-1008.7 0.000196287
-1007.2 0.000196287
-1005.7 0.000196811
-1004.2 0.000196811
-1002.7 0.000196287
-1001.2 0.000195764
-999.7 0.000194193
-998.199 0.000194717
-996.698 0.000195764
-995.197 0.000195764
-993.696 0.00019524
-992.195 0.000192623
-990.694 0.000194717
-989.193 0.000194717
-987.692 0.000197334
-986.191 0.000198904
-984.69 0.000197334
-983.189 0.000196811
-981.689 0.000198904
-980.188 0.000198904
-978.687 0.000198381
-977.186 0.000198381
-975.685 0.000197334
-974.184 0.000196287
-972.683 0.000195764
-971.182 0.000194193
-969.681 0.00019367
-968.18 0.000193147
-966.679 0.0001921
-965.179 0.000192623
-963.678 0.00019367
-962.177 0.00019367
-960.676 0.00019367
-959.175 0.000198904
-957.674 0.000200475
-956.173 0.000200475
-954.672 0.000197334
-953.171 0.000198904
-951.67 0.000194717
-950.169 0.000194717
-948.668 0.000195764
-947.168 0.000194717
-945.667 0.000195764
-944.166 0.00019367
-942.665 0.000191576
-941.164 0.0001921
-939.663 0.000195764
-938.162 0.000194717
-936.661 0.000195764
-935.16 0.000194717
-933.659 0.000194717
-932.158 0.000195764
-930.658 0.000196287
-929.157 0.000196287
-927.656 0.000196287
-926.155 0.000195764
-924.654 0.00019524
-923.153 0.000194193
-921.652 0.000194717
-920.151 0.000197334
-918.65 0.000196287
-917.149 0.000198381
-915.648 0.000198381
-914.148 0.000201521
-912.647 0.000203092
-911.146 0.000197857
-909.645 0.000196287
-908.144 0.000195764
-906.643 0.000191053
-905.142 0.000191053
-903.641 0.00019524
-902.14 0.000196287
-900.639 0.000196811
-899.138 0.000196811
-897.637 0.000197334
-896.137 0.000197857
-894.636 0.000201521
-893.135 0.000199951
-891.634 0.000197334
-890.133 0.000198381
-888.632 0.000199951
-887.131 0.000202045
-885.63 0.000202568
-884.129 0.000200475
-882.628 0.000204139
-881.127 0.000202045
-879.626 0.000203615
-878.126 0.000203615
-876.625 0.000202045
-875.124 0.000201521
-873.623 0.000201521
-872.122 0.000199428
-870.621 0.000199951
-869.12 0.000199428
-867.619 0.000198904
-866.118 0.000200475
-864.617 0.000202045
-863.116 0.000203615
-861.616 0.000201521
-860.115 0.000199951
-858.614 0.000198904
-857.113 0.000196287
-855.612 0.000198381
-854.111 0.000197857
-852.61 0.000194193
-851.109 0.00019367
-849.608 0.000194193
-848.107 0.00019524
-846.606 0.000197334
-845.105 0.00019524
-843.605 0.000194193
-842.104 0.000194193
-840.603 0.00019367
-839.102 0.000196287
-837.601 0.000195764
-836.1 0.000195764
-834.599 0.000196811
-833.098 0.000197857
-831.597 0.000193146
-830.096 0.000196811
-828.595 0.000195764
-827.095 0.000193146
-825.594 0.00019524
-824.093 0.000196811
-822.592 0.000197857
-821.091 0.000195764
-819.59 0.000195764
-818.089 0.00019524
-816.588 0.000194717
-815.087 0.000197334
-813.586 0.000197857
-812.085 0.000192623
-810.585 0.000192623
-809.084 0.000194193
-807.583 0.000193146
-806.082 0.00019367
-804.581 0.000194717
-803.08 0.000191053
-801.579 0.0001921
-800.078 0.000190529
-798.577 0.000193146
-797.076 0.00019367
-795.575 0.000194193
-794.074 0.000195764
-792.574 0.000196287
-791.073 0.000198381
-789.572 0.000199951
-788.071 0.000196287
-786.57 0.000197334
-785.069 0.000197334
-783.568 0.000197857
-782.067 0.000196287
-780.566 0.000197857
-779.065 0.000197857
-777.564 0.00019524
-776.063 0.000194193
-774.563 0.00019367
-773.062 0.000196811
-771.561 0.000197857
-770.06 0.000198904
-768.559 0.000196811
-767.058 0.000197857
-765.557 0.000195764
-764.056 0.000199428
-762.555 0.000199951
-761.054 0.000198381
-759.553 0.000199428
-758.053 0.000198381
-756.552 0.000198381
-755.051 0.000198381
-753.55 0.00019524
-752.049 0.000196287
-750.548 0.000197857
-749.047 0.000199428
-747.546 0.000197334
-746.045 0.000194193
-744.544 0.000192623
-743.043 0.00019367
-741.542 0.000194193
-740.042 0.000196811
-738.541 0.000196287
-737.04 0.000197334
-735.539 0.000197857
-734.038 0.00019524
-732.537 0.000194717
-731.036 0.000194717
-729.535 0.000194717
-728.034 0.00019524
-726.533 0.000196287
-725.032 0.00019524
-723.532 0.000198381
-722.031 0.000197334
-720.53 0.000196811
-719.029 0.000197857
-717.528 0.000198904
-716.027 0.000198904
-714.526 0.000198381
-713.025 0.000196287
-711.524 0.000196811
-710.023 0.000197334
-708.522 0.00019524
-707.022 0.000196287
-705.521 0.000196811
-704.02 0.000195764
-702.519 0.00019524
-701.018 0.000191576
-699.517 0.000194717
-698.016 0.000194193
-696.515 0.000194193
-695.014 0.000195764
-693.513 0.000196811
-692.012 0.000197334
-690.511 0.000197334
-689.011 0.000196287
-687.51 0.000197857
-686.009 0.000198381
-684.508 0.000196811
-683.007 0.000194193
-681.506 0.00019367
-680.005 0.000191576
-678.504 0.000191053
-677.003 0.0001921
-675.502 0.0001921
-674.001 0.00019367
-672.5 0.000196811
-671 0.000195764
-669.499 0.000198381
-667.998 0.00019524
-666.497 0.000192623
-664.996 0.000191053
-663.495 0.000192623
-661.994 0.000188959
-660.493 0.000187389
-658.992 0.000186342
-657.491 0.000186342
-655.99 0.000187912
-654.49 0.000188959
-652.989 0.0001921
-651.488 0.000196287
-649.987 0.000196287
-648.486 0.00019524
-646.985 0.00019524
-645.484 0.000196287
-643.983 0.000200998
-642.482 0.000202568
-640.981 0.000201521
-639.48 0.000199951
-637.98 0.000197857
-636.479 0.000198904
-634.978 0.000198381
-633.477 0.000198381
-631.976 0.000198381
-630.475 0.000197857
-628.974 0.000198904
-627.473 0.000199428
-625.972 0.000197334
-624.471 0.000195764
-622.97 0.000195764
-621.469 0.000194193
-619.969 0.000192623
-618.468 0.000191576
-616.967 0.0001921
-615.466 0.00019524
-613.965 0.000197857
-612.464 0.000196287
-610.963 0.000196811
-609.462 0.000196811
-607.961 0.000196811
-606.46 0.00019524
-604.959 0.000194193
-603.458 0.000194193
-601.958 0.000195764
-600.457 0.000193146
-598.956 0.000192623
-597.455 0.000192623
-595.954 0.0001921
-594.453 0.00019367
-592.952 0.000194193
-591.451 0.000192623
-589.95 0.000194717
-588.449 0.000194193
-586.948 0.000195764
-585.448 0.000197334
-583.947 0.000196287
-582.446 0.000197857
-580.945 0.000194717
-579.444 0.000193146
-577.943 0.000190006
-576.442 0.000192623
-574.941 0.000192623
-573.44 0.000193146
-571.939 0.000194193
-570.438 0.0001921
-568.937 0.000188436
-567.437 0.000190529
-565.936 0.000188959
-564.435 0.000189482
-562.934 0.000190006
-561.433 0.000190006
-559.932 0.000188959
-558.431 0.000190006
-556.93 0.0001921
-555.429 0.000191053
-553.928 0.000190529
-552.427 0.000189482
-550.927 0.000188959
-549.426 0.000191576
-547.925 0.000193146
-546.424 0.0001921
-544.923 0.0001921
-543.422 0.000190006
-541.921 0.000194717
-540.42 0.000192623
-538.919 0.000193146
-537.418 0.0001921
-535.917 0.00019367
-534.417 0.000192623
-532.916 0.000193147
-531.415 0.000191576
-529.914 0.000191053
-528.413 0.000191053
-526.912 0.000192623
-525.411 0.000190529
-523.91 0.000198381
-522.409 0.00019367
-520.908 0.000194193
-519.407 0.000194193
-517.907 0.000196287
-516.406 0.000196287
-514.905 0.00019524
-513.404 0.000196287
-511.903 0.000197334
-510.402 0.000197857
-508.901 0.000196287
-507.4 0.000193146
-505.899 0.000194193
-504.398 0.00019367
-502.897 0.000190006
-501.396 0.000190006
-499.896 0.000187389
-498.395 0.000185295
-496.894 0.000182678
-495.393 0.000183201
-493.892 0.000186342
-492.391 0.000190529
-490.89 0.000192623
-489.389 0.000194193
-487.888 0.000196287
-486.387 0.000199428
-484.886 0.000198904
-483.385 0.000198381
-481.885 0.000194717
-480.384 0.000195764
-478.883 0.000196287
-477.382 0.000196287
-475.881 0.00019524
-474.38 0.000195764
-472.879 0.000196287
-471.378 0.000197857
-469.877 0.000197857
-468.376 0.000198381
-466.875 0.000197334
-465.374 0.000197334
-463.874 0.000197857
-462.373 0.000198381
-460.872 0.000194193
-459.371 0.000196811
-457.87 0.000195764
-456.369 0.000196287
-454.868 0.0001921
-453.367 0.000190529
-451.866 0.000194717
-450.365 0.000195764
-448.864 0.000194193
-447.364 0.000193146
-445.863 0.000191053
-444.362 0.000191576
-442.861 0.0001921
-441.36 0.000191053
-439.859 0.000192623
-438.358 0.000189482
-436.857 0.000187912
-435.356 0.000188959
-433.855 0.000189482
-432.354 0.000188959
-430.854 0.000191053
-429.353 0.000192623
-427.852 0.000193147
-426.351 0.000193147
-424.85 0.00019367
-423.349 0.000196811
-421.848 0.000199951
-420.347 0.000200475
-418.846 0.000199428
-417.345 0.000198904
-415.844 0.00019367
-414.344 0.00019524
-412.843 0.000195764
-411.342 0.000193146
-409.841 0.000191053
-408.34 0.000191576
-406.839 0.000193146
-405.338 0.000193146
-403.837 0.000191576
-402.336 0.00019367
-400.835 0.00019367
-399.334 0.00019367
-397.833 0.000193146
-396.333 0.0001921
-394.832 0.000191053
-393.331 0.000190006
-391.83 0.0001921
-390.329 0.00019367
-388.828 0.000194193
-387.327 0.00019524
-385.826 0.000195764
-384.325 0.000198904
-382.824 0.000198381
-381.323 0.000197857
-379.822 0.000199428
-378.322 0.000198381
-376.821 0.00019524
-375.32 0.000194717
-373.819 0.000191053
-372.318 0.000193147
-370.817 0.000194193
-369.316 0.000193146
-367.815 0.0001921
-366.314 0.00019367
-364.813 0.000194717
-363.312 0.000197334
-361.811 0.000198381
-360.311 0.000200998
-358.81 0.000200475
-357.309 0.000197857
-355.808 0.000198381
-354.307 0.000199951
-352.806 0.000199951
-351.305 0.000197857
-349.804 0.000197334
-348.303 0.000196811
-346.802 0.000195764
-345.301 0.000194717
-343.801 0.00019367
-342.3 0.00019524
-340.799 0.00019367
-339.298 0.0001921
-337.797 0.0001921
-336.296 0.000191576
-334.795 0.000188436
-333.294 0.000191576
-331.793 0.000190529
-330.292 0.000194193
-328.791 0.000196287
-327.291 0.000198904
-325.79 0.000200475
-324.289 0.000202568
-322.788 0.000199428
-321.287 0.000200475
-319.786 0.000200475
-318.285 0.000199951
-316.784 0.000198381
-315.283 0.00019524
-313.782 0.0001921
-312.281 0.000194193
-310.781 0.000194717
-309.28 0.000194193
-307.779 0.00019367
-306.278 0.000195764
-304.777 0.000196287
-303.276 0.000198904
-301.775 0.000197857
-300.274 0.000199951
-298.773 0.000198904
-297.272 0.000196811
-295.771 0.000197857
-294.27 0.000198381
-292.77 0.00019524
-291.269 0.000196287
-289.768 0.000198904
-288.267 0.000199428
-286.766 0.000200998
-285.265 0.000201521
-283.764 0.000204139
-282.263 0.000205185
-280.762 0.000204139
-279.261 0.000205185
-277.76 0.000207279
-276.259 0.000208849
-274.759 0.000209373
-273.258 0.000206232
-271.757 0.000206232
-270.256 0.000205709
-268.755 0.000205185
-267.254 0.000204139
-265.753 0.000201521
-264.252 0.000204139
-262.751 0.000201521
-261.25 0.000203092
-259.749 0.000204139
-258.248 0.000209373
-256.748 0.000212514
-255.247 0.000213037
-253.746 0.000216701
-252.245 0.000217224
-250.744 0.000220365
-249.243 0.000223506
-247.742 0.000226123
-246.241 0.000227693
-244.74 0.000229263
-243.239 0.000232404
-241.738 0.000236068
-240.238 0.000241302
-238.737 0.000247583
-237.236 0.000251771
-235.735 0.000255435
-234.234 0.000262763
-232.733 0.000272185
-231.232 0.000281607
-229.731 0.000289982
-228.23 0.00030202
-226.729 0.000316677
-225.228 0.000324005
-223.728 0.000339708
-222.227 0.000359075
-220.726 0.000377395
-219.225 0.000394668
-217.724 0.000417176
-216.223 0.000438113
-214.722 0.000466378
-213.221 0.000487839
-211.72 0.000522386
-210.219 0.000549604
-208.718 0.000584151
-207.218 0.00061765
-205.717 0.000656908
-204.216 0.000696165
-202.715 0.000738563
-201.214 0.000783055
-199.713 0.000833828
-198.212 0.000883031
-196.711 0.000933804
-195.21 0.000987194
-193.709 0.00104111
-192.208 0.00109868
-190.707 0.00115731
-189.207 0.00121489
-187.706 0.00127299
-186.205 0.00133371
-184.704 0.00139442
-183.203 0.00146038
-181.702 0.00152162
-180.201 0.00158338
-178.7 0.00164619
-177.199 0.00171058
-175.698 0.00177444
-174.197 0.00183411
-172.696 0.00189849
-171.196 0.00195816
-169.695 0.00201469
-168.194 0.0020707
-166.693 0.00212566
-165.192 0.00217957
-163.691 0.00223244
-162.19 0.00228269
-160.689 0.00232928
-159.188 0.00237586
-157.687 0.00241355
-156.186 0.00245071
-154.685 0.00248735
-153.185 0.00251928
-151.684 0.00254964
-150.183 0.00257634
-148.682 0.0026046
-147.181 0.00262763
-145.68 0.00264334
-144.179 0.00266375
-142.678 0.00267265
-141.177 0.00268469
-139.676 0.00269044
-138.175 0.00269044
-136.675 0.00268887
-135.174 0.00268364
-133.673 0.00267369
-132.172 0.00266584
-130.671 0.00265328
-129.17 0.00264072
-127.669 0.0026224
-126.168 0.00260355
-124.667 0.00258314
-123.166 0.00256063
-121.665 0.00253184
-120.165 0.00251143
-118.664 0.00248264
-117.163 0.00245542
-115.662 0.00242716
-114.161 0.0023947
-112.66 0.00236592
-111.159 0.00233817
-109.658 0.00230834
-108.157 0.00228792
-106.656 0.00225966
-105.155 0.00223663
-103.655 0.00221988
-102.154 0.00220418
-100.653 0.00219057
-99.1517 0.00218324
-97.6508 0.00217748
-96.1499 0.00217643
-94.649 0.00217905
-93.1481 0.00218743
-91.6471 0.00220313
-90.1463 0.00221883
-88.6454 0.00224762
-87.1445 0.00227484
-85.6436 0.00231671
-84.1427 0.00236016
-82.6417 0.00241145
-81.1408 0.0024706
-79.6399 0.00253184
-78.139 0.0026046
-76.638 0.00268678
-75.1371 0.00277105
-73.6362 0.00286736
-72.1353 0.00296786
-70.6344 0.00307674
-69.1336 0.00318927
-67.6326 0.00330757
-66.1317 0.00342691
-64.6308 0.00355254
-63.1299 0.00367502
-61.6289 0.00381373
-60.128 0.00394354
-58.6271 0.00408016
-57.1262 0.00421834
-55.6253 0.00435862
-54.1243 0.00450571
-52.6234 0.00465646
-51.1225 0.00480616
-49.6216 0.00496162
-48.1208 0.0051155
-46.6198 0.00526678
-45.1189 0.00541753
-43.618 0.00556618
-42.1171 0.00570437
-40.6162 0.00584517
-39.1152 0.00597603
-37.6143 0.0061027
-36.1134 0.00622518
-34.6125 0.00634191
-33.1116 0.00645392
-31.6106 0.00655966
-30.1097 0.00665649
-28.6089 0.00675019
-27.108 0.00682975
-25.6071 0.00690355
-24.1061 0.00696584
-22.6052 0.00701923
-21.1043 0.00706373
-19.6034 0.00709356
-18.1025 0.00711397
-16.6015 0.00712706
-15.1006 0.00712968
-13.5997 0.00712183
-12.0988 0.00710403
-10.5978 0.00707524
-9.09693 0.00704017
-7.59612 0.00699097
-6.0952 0.006936
-4.59428 0.00686848
-3.09335 0.00679101
-1.59244 0.00670413
-0.091514 0.00660676
1.40941 0.00649685
2.91033 0.00637384
4.41125 0.0062435
5.91217 0.0061095
7.41309 0.0059619
8.91401 0.00581481
10.4149 0.00565621
11.9159 0.00549657
13.4167 0.00532383
14.9176 0.00515215
16.4185 0.00497418
17.9194 0.00479412
19.4203 0.00461144
20.9213 0.00442667
22.4222 0.00424085
23.9231 0.00405556
25.424 0.00387654
26.925 0.00369805
28.4259 0.00352008
29.9268 0.00334107
31.4277 0.00316677
32.9285 0.00299508
34.4294 0.00282444
35.9304 0.00265694
37.4313 0.00249206
38.9322 0.00233556
40.4331 0.00218324
41.9341 0.00203406
43.435 0.00189744
44.9359 0.00176554
46.4368 0.00164724
47.9377 0.00153313
49.4387 0.00143525
50.9396 0.00133632
52.4405 0.00124891
53.9413 0.00116673
55.4422 0.00109397
56.9432 0.00103064
58.4441 0.000978819
59.945 0.00093014
61.4459 0.000889312
62.9468 0.00086
64.4478 0.000836969
65.9487 0.000819695
67.4496 0.000811844
68.9505 0.000808703
70.4514 0.000816031
71.9524 0.000831211
73.4533 0.000847961
74.9541 0.000876226
76.455 0.000905015
77.9559 0.000940085
79.4569 0.000978819
80.9578 0.00102017
82.4587 0.00106676
83.9596 0.00111229
85.4605 0.00116202
86.9615 0.00121332
88.4624 0.00126775
89.9633 0.00132324
91.4642 0.00138186
92.9652 0.00144153
94.466 0.00149754
95.9669 0.00155826
97.4678 0.00161479
98.9687 0.00167394
100.47 0.00172628
101.971 0.00177496
103.471 0.0018273
104.972 0.00187598
106.473 0.00191524
107.974 0.00195816
109.475 0.00198904
110.976 0.00201469
112.477 0.00204139
113.978 0.00205918
115.479 0.00207332
116.98 0.0020775
118.481 0.0020796
119.982 0.00207646
121.482 0.00206861
122.983 0.00205238
124.484 0.0020304
125.985 0.00200213
127.486 0.00197491
128.987 0.00193618
130.488 0.00189797
131.989 0.00185086
133.49 0.00180636
134.991 0.0017535
136.492 0.00169644
137.992 0.0016373
139.493 0.00157658
140.994 0.00151638
142.495 0.00144886
143.996 0.00138971
145.497 0.00132271
146.998 0.00125467
148.499 0.00119029
150 0.00112067
151.501 0.00105576
153.002 0.000989812
154.503 0.000918101
156.003 0.000852148
157.504 0.000786719
159.005 0.000723384
160.506 0.000660572
162.007 0.00059933
163.508 0.000541753
165.009 0.000487315
166.51 0.000433925
168.011 0.000386817
169.512 0.000339184
171.013 0.000293646
172.514 0.000255958
174.014 0.000219842
175.515 0.000183201
177.016 0.000158076
178.517 0.0001251
180.018 0.000101022
181.519 7.90382e-05
183.02 5.7054e-05
184.521 4.03042e-05
186.022 2.14607e-05
187.523 1.20389e-05
189.024 5.23431e-06
190.524 0
192.025 5.23401e-07
193.526 2.09369e-06
195.027 7.32799e-06
196.528 1.25623e-05
198.029 2.40778e-05
199.53 3.34996e-05
201.031 4.6062e-05
202.532 5.96712e-05
204.033 8.0085e-05
205.534 9.63114e-05
207.034 0.000113061
208.535 0.000129288
210.036 0.000150748
211.537 0.000170115
213.038 0.000189482
214.539 0.000212514
216.04 0.000233974
217.541 0.000257529
219.042 0.000276896
220.543 0.00029888
222.044 0.000319817
223.545 0.000339184
225.045 0.000357504
226.546 0.000376348
228.047 0.000393098
229.548 0.000406707
231.049 0.000420316
232.55 0.000434972
234.051 0.000449628
235.552 0.000458527
237.053 0.000469519
238.554 0.000479464
240.055 0.000486269
241.555 0.000488362
243.056 0.000492026
244.557 0.000492026
246.058 0.000489933
247.559 0.000485745
249.06 0.000482605
250.561 0.000478417
252.062 0.000469519
253.563 0.000462191
255.064 0.000455386
256.565 0.000443871
258.065 0.000434972
259.566 0.000422933
261.067 0.000410371
262.568 0.000398856
264.069 0.000383153
265.57 0.000369543
267.071 0.000351223
268.572 0.00033552
270.073 0.000321387
271.574 0.000305684
273.075 0.000292075
274.576 0.000277943
276.077 0.000267474
277.577 0.000251771
279.078 0.000241826
280.579 0.000226646
282.08 0.000219318
283.581 0.000204139
285.082 0.00019367
286.583 0.000185295
288.084 0.000177443
289.585 0.000170639
291.086 0.000161217
292.587 0.000156506
294.087 0.000154412
295.588 0.000148655
297.089 0.000144991
298.59 0.000143944
300.091 0.000139756
301.592 0.000140803
303.093 0.000142374
304.594 0.000142374
306.095 0.00014342
307.596 0.000147084
309.097 0.000150225
310.597 0.000153366
312.098 0.000158076
313.599 0.000162787
315.1 0.000168545
316.601 0.000175873
318.102 0.000185818
319.603 0.000192623
321.104 0.000198381
322.605 0.000204139
324.106 0.000215131
325.607 0.000222459
327.108 0.000226646
328.608 0.000237638
330.109 0.000243396
331.61 0.000247583
333.111 0.000254388
334.612 0.000260146
336.113 0.00026538
337.614 0.000270091
339.115 0.000274279
340.616 0.000277419
342.117 0.00028213
343.618 0.000286317
345.118 0.000291028
346.619 0.000291028
348.12 0.000295739
349.621 0.000296786
351.122 0.00029731
352.623 0.000299927
354.124 0.00030045
355.625 0.000299403
357.126 0.000297833
358.627 0.00029888
360.128 0.000299403
361.629 0.000293646
363.13 0.000288935
364.63 0.000288935
366.131 0.000285271
367.632 0.000284224
369.133 0.000278466
370.634 0.000274802
372.135 0.000268521
373.636 0.00026381
375.137 0.000260146
376.638 0.000258052
378.138 0.000255435
379.639 0.000249154
381.14 0.000243396
382.641 0.000238685
384.142 0.000233974
385.643 0.000229263
387.144 0.000222459
388.645 0.000219318
390.146 0.000216701
391.647 0.000210943
393.148 0.000205185
394.649 0.000202568
396.15 0.000202045
397.65 0.000196287
399.151 0.000190006
400.652 0.000188959
402.153 0.000188436
403.654 0.000184248
405.155 0.000186342
406.656 0.000184772
408.157 0.000183725
409.658 0.000184248
411.159 0.000183725
412.659 0.000185818
414.16 0.000185295
415.661 0.000182678
417.162 0.000180061
418.663 0.000182678
420.164 0.000184772
421.665 0.000186865
423.166 0.000187389
424.667 0.000191053
426.168 0.000191576
427.669 0.000192623
429.17 0.000198904
430.671 0.000201521
432.171 0.000205185
433.672 0.000206756
435.173 0.00021042
436.674 0.00021356
438.175 0.000214607
439.676 0.000215654
441.177 0.000216178
442.678 0.000217748
444.179 0.000218271
445.68 0.000218795
447.181 0.000219842
448.682 0.000221412
450.182 0.000222982
451.683 0.000226646
453.184 0.00022874
454.685 0.00023031
456.186 0.000233451
457.687 0.000234498
459.188 0.000234498
460.689 0.000233974
462.19 0.000235545
463.691 0.000233451
465.191 0.00023031
466.692 0.00023031
468.193 0.000228216
469.694 0.000226123
471.195 0.000225076
472.696 0.000225076
474.197 0.000222982
475.698 0.000223506
477.199 0.000220365
478.7 0.000217748
480.201 0.000215654
481.702 0.000217748
483.203 0.000213037
484.703 0.000210943
486.204 0.00021042
487.705 0.000209373
489.206 0.00020885
490.707 0.000205709
492.208 0.000204662
493.709 0.000204662
495.21 0.000203615
496.711 0.000199951
498.212 0.000202045
499.712 0.000199951
501.213 0.000198381
502.714 0.000200998
504.215 0.000197334
505.716 0.000198381
507.217 0.000196811
508.718 0.000196811
510.219 0.00019524
511.72 0.000196811
513.221 0.000198904
514.722 0.000199951
516.223 0.000201521
517.723 0.000198904
519.224 0.000197857
520.725 0.000201521
522.226 0.000198904
523.727 0.000201521
525.228 0.000199428
526.729 0.000198904
528.23 0.000200998
529.731 0.000202045
531.232 0.000202568
532.733 0.000202568
534.234 0.000200998
535.734 0.000204139
537.235 0.000205185
538.736 0.000206756
540.237 0.000203615
541.738 0.000203615
543.239 0.000205185
544.74 0.000206756
546.241 0.000208849
547.742 0.000209373
549.243 0.000208849
550.744 0.000209373
552.244 0.000208849
553.745 0.00021042
555.246 0.00021199
556.747 0.000216178
558.248 0.000215131
559.749 0.000215131
561.25 0.000216178
562.751 0.000217748
564.252 0.000218271
565.753 0.000217748
567.254 0.000218795
568.755 0.000217224
570.256 0.000218271
571.756 0.000219318
573.257 0.000218795
574.758 0.000221412
576.259 0.000221935
577.76 0.000219842
579.261 0.000218795
580.762 0.000216178
582.263 0.000217224
583.764 0.000219318
585.264 0.000220365
586.765 0.000220365
588.266 0.000218271
589.767 0.000217748
591.268 0.000217224
592.769 0.000217748
594.27 0.000216701
595.771 0.000217224
597.272 0.000212514
598.773 0.000208849
600.274 0.000207279
601.775 0.000206232
603.276 0.000206756
604.776 0.000203615
606.277 0.000204139
607.778 0.000207803
609.279 0.000207279
610.78 0.000206232
612.281 0.000207279
613.782 0.000206756
615.283 0.000203615
616.784 0.000202045
618.285 0.000197334
619.785 0.000194717
621.286 0.000194193
622.787 0.000194717
624.288 0.000190529
625.789 0.000191576
627.29 0.000189482
628.791 0.00019367
630.292 0.00019524
631.793 0.000195764
633.294 0.000195764
634.795 0.000194193
636.296 0.000195764
637.797 0.000198381
639.297 0.000198381
640.798 0.000199951
642.299 0.000199951
643.8 0.000199951
645.301 0.000200475
646.802 0.000199428
648.303 0.000199428
649.804 0.000196811
651.305 0.000195764
652.806 0.000197857
654.307 0.000197334
655.808 0.000200475
657.308 0.000202045
658.809 0.000204139
660.31 0.000203092
661.811 0.000205185
663.312 0.000205185
664.813 0.000204662
666.314 0.000205709
667.815 0.000208326
669.316 0.000209896
670.817 0.000209896
672.317 0.000206232
673.818 0.000204662
675.319 0.000203092
676.82 0.000202045
678.321 0.000204662
679.822 0.000205709
681.323 0.000206232
682.824 0.000204139
684.325 0.000204662
685.826 0.000203615
687.327 0.000205709
688.828 0.000208849
690.329 0.000209373
691.829 0.000209373
693.33 0.00021356
694.831 0.000213037
696.332 0.00021356
697.833 0.00021199
699.334 0.00021199
700.835 0.000208849
702.336 0.000206756
703.837 0.000207803
705.338 0.000206232
706.838 0.000204662
708.339 0.000201521
709.84 0.000200475
711.341 0.000201521
712.842 0.000201521
714.343 0.000200475
715.844 0.000199951
717.345 0.000200475
718.846 0.000199951
720.347 0.000203092
721.848 0.000199428
723.349 0.000200475
724.849 0.000198904
726.35 0.000196287
727.851 0.00019524
729.352 0.00019367
730.853 0.000197334
732.354 0.000198904
733.855 0.000199428
735.356 0.000202045
736.857 0.000200998
738.358 0.000202568
739.858 0.000202568
741.359 0.000204139
742.86 0.000201521
744.361 0.000199428
745.862 0.000201521
747.363 0.000202568
748.864 0.000200475
750.365 0.000199428
751.866 0.000199951
753.367 0.000197334
754.868 0.000196811
756.369 0.000198904
757.87 0.000200475
759.37 0.000200998
760.871 0.000200475
762.372 0.000198904
763.873 0.000198904
765.374 0.000200475
766.875 0.000200475
768.376 0.000204662
769.877 0.000206756
771.378 0.000207279
772.879 0.000209896
774.38 0.000209896
775.881 0.000208326
777.382 0.00021042
778.882 0.000206232
780.383 0.000206756
781.884 0.000209896
783.385 0.000208849
784.886 0.000206756
786.387 0.000204139
787.888 0.000205185
789.389 0.000205709
790.89 0.000203615
792.39 0.000202568
793.891 0.000203615
795.392 0.000202045
796.893 0.000202568
798.394 0.000199951
799.895 0.000199951
801.396 0.000202045
802.897 0.000201521
804.398 0.000199428
805.899 0.000198904
807.4 0.000198904
808.901 0.000197857
810.402 0.000198381
811.902 0.000198381
813.403 0.000203092
814.904 0.000202568
816.405 0.000201521
817.906 0.000205709
819.407 0.000206232
820.908 0.000205709
822.409 0.000204662
823.91 0.000205709
825.411 0.000208326
826.911 0.000207803
828.412 0.000205709
829.913 0.000202045
831.414 0.000204662
832.915 0.000204662
834.416 0.000203615
835.917 0.000199951
837.418 0.000200475
838.919 0.000199951
840.42 0.000196811
841.921 0.000196287
843.422 0.000195764
844.923 0.000197334
846.423 0.000197857
847.924 0.000196287
849.425 0.00019524
850.926 0.00019524
852.427 0.000195764
853.928 0.000196811
855.429 0.000194717
856.93 0.000194717
858.431 0.00019367
859.932 0.000192623
861.433 0.000192623
862.933 0.000194717
864.434 0.000195764
865.935 0.000194717
867.436 0.000197857
868.937 0.000197334
870.438 0.000197857
871.939 0.00019524
873.44 0.000196811
874.941 0.000195764
876.442 0.000196287
877.943 0.000197334
879.443 0.000197857
880.944 0.000198381
882.445 0.000197334
883.946 0.000199428
885.447 0.000198904
886.948 0.000202568
888.449 0.000205709
889.95 0.000205185
891.451 0.000207803
892.952 0.000209896
894.453 0.000209373
895.954 0.00021042
897.455 0.000207803
898.955 0.000209373
900.456 0.000207803
901.957 0.000207803
903.458 0.000209373
904.959 0.000211467
906.46 0.000214084
907.961 0.000215131
909.462 0.000215131
910.963 0.000214084
912.464 0.000216701
913.964 0.000214607
915.465 0.000216178
916.966 0.000212514
918.467 0.00021042
919.968 0.000210943
921.469 0.000210943
922.97 0.00021042
924.471 0.000209896
925.972 0.000209896
927.473 0.000210943
928.974 0.000213037
930.475 0.000215131
931.975 0.000211467
933.476 0.000210943
934.977 0.000210943
936.478 0.000209896
937.979 0.000207279
939.48 0.000206756
940.981 0.000205709
942.482 0.000210943
943.983 0.000208326
945.484 0.000209373
946.984 0.000211467
948.485 0.00021356
949.986 0.000215654
951.487 0.000217748
952.988 0.000219318
954.489 0.000218271
955.99 0.000215131
957.491 0.000213037
958.992 0.00021199
960.493 0.00021042
961.994 0.000208326
963.495 0.000207803
964.996 0.000206232
966.496 0.000203615
967.997 0.000206232
969.498 0.000205185
970.999 0.000206232
972.5 0.000206232
974.001 0.000206232
975.502 0.000205185
977.003 0.000204139
978.504 0.000204662
980.005 0.000205709
981.506 0.000202568
983.007 0.000199951
984.508 0.000202045
986.008 0.000203615
987.509 0.000205185
989.01 0.000204662
990.511 0.000205185
992.012 0.000203092
993.513 0.000204139
995.014 0.000202568
996.515 0.000202045
998.016 0.000202045
999.516 0.000200998
1001.02 0.000197334
1002.52 0.000201521
1004.02 0.000205709
1005.52 0.000206232
1007.02 0.000207803
1008.52 0.000209896
1010.02 0.000209373
1011.52 0.000209896
1013.02 0.000212514
1014.53 0.00021199
1016.03 0.000210943
1017.53 0.000208849
1019.03 0.000204139
1020.53 0.000204139
1022.03 0.000206232
1023.53 0.000209373
1025.03 0.000209896
1026.53 0.000213037
1028.03 0.000214607
1029.53 0.000216178
1031.04 0.000215654
1032.54 0.000216701
1034.04 0.000218271
1035.54 0.000217224
1037.04 0.000216178
1038.54 0.000215131
1040.04 0.000217224
1041.54 0.000214607
1043.04 0.000214084
1044.54 0.000214084
1046.04 0.000214084
1047.55 0.00021199
1049.05 0.000210943
1050.55 0.000213037
1052.05 0.00021356
1053.55 0.000209373
1055.05 0.000209896
1056.55 0.000210943
1058.05 0.00021042
1059.55 0.000209896
1061.05 0.000209373
1062.55 0.000208849
1064.06 0.000208326
1065.56 0.000207279
1067.06 0.000208849
1068.56 0.000205709
1070.06 0.000207803
1071.56 0.000207803
1073.06 0.000206756
1074.56 0.000205709
1076.06 0.000206756
1077.56 0.000206756
1079.06 0.000206232
1080.57 0.000200998
1082.07 0.000202045
1083.57 0.000202568
1085.07 0.000202568
1086.57 0.000200998
1088.07 0.000197857
1089.57 0.000197857
1091.07 0.000198381
1092.57 0.000199951
1094.07 0.000202045
1095.57 0.000202045
1097.08 0.000201521
1098.58 0.000199951
1100.08 0.000199951
1101.58 0.000202045
1103.08 0.000200998
1104.58 0.000198904
1106.08 0.000195764
1107.58 0.000196811
1109.08 0.000193146
1110.58 0.000191053
1112.08 0.000190006
1113.59 0.000187912
1115.09 0.000189482
1116.59 0.000190006
1118.09 0.000188436
1119.59 0.000187912
1121.09 0.000187912
1122.59 0.000185818
1124.09 0.000187389
1125.59 0.000185818
1127.09 0.000184772
1128.6 0.000181631
1130.1 0.000180061
1131.6 0.000182678
1133.1 0.000182678
1134.6 0.000181108
1136.1 0.000183201
1137.6 0.000181108
1139.1 0.000179014
1140.6 0.000177967
1142.1 0.000182154
1143.6 0.000181108
1145.11 0.000182154
1146.61 0.000183201
1148.11 0.000182154
1149.61 0.000181108
1151.11 0.000181631
1152.61 0.000180584
1154.11 0.000182154
1155.61 0.000179014
1157.11 0.00017849
1158.61 0.00017849
1160.11 0.000179014
1161.62 0.000181631
1163.12 0.000183201
1164.62 0.000180584
1166.12 0.000181108
1167.62 0.000180584
1169.12 0.000181108
1170.62 0.000182154
1172.12 0.000182678
1173.62 0.000181108
1175.12 0.000184248
1176.62 0.000185818
1178.13 0.000187389
1179.63 0.000191576
1181.13 0.000196287
1182.63 0.000199428
1184.13 0.000198381
1185.63 0.000198904
1187.13 0.000197857
1188.63 0.000198904
1190.13 0.000198381
1191.63 0.000198381
1193.13 0.000198904
1194.64 0.000199428
1196.14 0.000199428
1197.64 0.000198381
1199.14 0.000200475
1200.64 0.000205185
1202.14 0.000209373
1203.64 0.000207279
1205.14 0.000208326
1206.64 0.00021042
1208.14 0.000210943
1209.64 0.00021042
1211.15 0.00021042
1212.65 0.00021042
1214.15 0.00021042
1215.65 0.000209896
1217.15 0.00021042
1218.65 0.000207803
1220.15 0.000205709
1221.65 0.000203092
1223.15 0.000202045
1224.65 0.000201521
1226.15 0.000197857
1227.66 0.000196811
1229.16 0.000195764
1230.66 0.000194717
1232.16 0.000194717
1233.66 0.000197334
1235.16 0.000196811
1236.66 0.000200475
1238.16 0.000203092
1239.66 0.000204139
1241.16 0.000200998
1242.66 0.000201521
1244.17 0.000198381
1245.67 0.00019367
1247.17 0.000194193
1248.67 0.0001921
1250.17 0.000191576
1251.67 0.000190006
1253.17 0.000186342
1254.67 0.000187389
1256.17 0.000186865
1257.67 0.000185818
1259.17 0.000183201
1260.68 0.000183725
1262.18 0.000186342
1263.68 0.000185818
1265.18 0.000183725
1266.68 0.000183725
1268.18 0.000180061
1269.68 0.000175873
1271.18 0.00017692
1272.68 0.000177967
1274.18 0.000177967
1275.68 0.000181631
1277.19 0.000180584
1278.69 0.000182154
1280.19 0.000181108
1281.69 0.000184772
1283.19 0.000186865
1284.69 0.000186865
1286.19 0.000185295
1287.69 0.000184248
1289.19 0.000184772
1290.69 0.000187912
1292.19 0.000184772
1293.7 0.000186342
1295.2 0.000190006
1296.7 0.000191576
1298.2 0.000194717
1299.7 0.000198381
1301.2 0.000196811
1302.7 0.000198381
1304.2 0.000203615
1305.7 0.000204662
1307.2 0.000202045
1308.7 0.000203615
1310.21 0.000204662
1311.71 0.000205185
1313.21 0.000207279
1314.71 0.000209373
1316.21 0.00021356
1317.71 0.000216178
1319.21 0.000214607
1320.71 0.000215654
1322.21 0.000215654
1323.71 0.000217224
1325.21 0.000219318
1326.72 0.000222982
1328.22 0.000225076
1329.72 0.00022874
1331.22 0.000231357
1332.72 0.000233451
1334.22 0.000232404
1335.72 0.000240255
1337.22 0.000237115
1338.72 0.000239209
1340.22 0.000240779
1341.72 0.000242873
1343.23 0.000243919
1344.73 0.000244443
1346.23 0.000246537
1347.73 0.000250201
1349.23 0.000249677
1350.73 0.000250724
1352.23 0.000249677
1353.73 0.000250724
1355.23 0.00024863
1356.73 0.00024706
1358.23 0.000247583
1359.74 0.000249154
1361.24 0.00024863
1362.74 0.00024706
1364.24 0.00024706
1365.74 0.00024549
1367.24 0.000243919
1368.74 0.000244443
1370.24 0.000241302
1371.74 0.000241302
1373.24 0.000243396
1374.74 0.000240255
1376.25 0.000240255
1377.75 0.000240255
1379.25 0.000240255
1380.75 0.000239209
1382.25 0.000238685
1383.75 0.000238685
1385.25 0.000239209
1386.75 0.000236591
1388.25 0.000233974
1389.75 0.000234498
1391.25 0.000231357
1392.76 0.000235021
1394.26 0.000231357
1395.76 0.000230834
1397.26 0.000229263
1398.76 0.00022717
1400.26 0.000224552
1401.76 0.000221935
1403.26 0.000220365
1404.76 0.000217748
1406.26 0.000216701
1407.76 0.000216178
1409.27 0.000215654
1410.77 0.000215654
1412.27 0.00021356
1413.77 0.00021199
1415.27 0.000207803
1416.77 0.000206756
1418.27 0.000205185
1419.77 0.000205709
1421.27 0.000203615
1422.77 0.000205709
1424.27 0.000205709
1425.78 0.000207279
1427.28 0.000208849
1428.78 0.000210943
1430.28 0.00021042
1431.78 0.000208326
1433.28 0.000209373
1434.78 0.000209373
1436.28 0.000207279
1437.78 0.000205185
1439.28 0.000206756
1440.78 0.000207279
1442.29 0.000203615
1443.79 0.000203092
1445.29 0.000204139
1446.79 0.000208326
1448.29 0.000207803
1449.79 0.00021199
1451.29 0.000210943
1452.79 0.000210943
1454.29 0.00021356
1455.79 0.000217224
1457.29 0.000217748
1458.8 0.000218795
1460.3 0.000220365
1461.8 0.000218795
1463.3 0.000217748
1464.8 0.000218795
1466.3 0.000219318
1467.8 0.000217224
1469.3 0.000217748
1470.8 0.000217224
1472.3 0.000216178
1473.81 0.000215654
1475.31 0.000214084
1476.81 0.000216701
1478.31 0.000217224
1479.81 0.000216701
1481.31 0.000216701
1482.81 0.000213037
1484.31 0.00021356
1485.81 0.000214607
1487.31 0.000214084
1488.81 0.00021356
1490.32 0.000215654
1491.82 0.000214084
1493.32 0.000216178
1494.82 0.000215654
1496.32 0.000217224
1497.82 0.000217748
1499.32 0.000217224
1500.82 0.000220888
1502.32 0.000222459
1503.82 0.000220888
1505.32 0.000220888
1506.83 0.000219318
1508.33 0.000220888
1509.83 0.000218271
1511.33 0.00021356
1512.83 0.000213037
1514.33 0.000212514
1515.83 0.000209896
1517.33 0.000206232
1518.83 0.000202568
1520.33 0.000201521
1521.83 0.000202045
1523.34 0.000203092
1524.84 0.000206232
1526.34 0.000204662
1527.84 0.000206756
1529.34 0.000205185
1530.84 0.000209373
1532.34 0.000208326
1533.84 0.000204662
1535.34 0.000208849
1536.84 0.000209373
1538.34 0.000206756
1539.85 0.000207279
1541.35 0.000206756
1542.85 0.000204139
1544.35 0.000205709
1545.85 0.000205185
1547.35 0.000203615
1548.85 0.000202568
1550.35 0.000206756
1551.85 0.000204662
1553.35 0.000202045
1554.85 0.000199951
1556.36 0.000199951
1557.86 0.000198904
1559.36 0.000199951
1560.86 0.000199428
1562.36 0.000198381
1563.86 0.000194717
1565.36 0.00019524
1566.86 0.000194193
1568.36 0.000196287
1569.86 0.000196287
1571.36 0.000196287
1572.87 0.000197334
1574.37 0.000199428
1575.87 0.000199428
