-1575.96 0
-1574.46 0
-1572.96 0
-1571.46 0
-1569.95 0
-1568.45 0
-1566.95 0
-1565.45 0
-1563.95 0
-1562.45 0
-1560.95 0
-1559.45 0
-1557.95 0
-1556.45 0
-1554.95 0
-1553.44 0
-1551.94 0
-1550.44 0
-1548.94 0
-1547.44 0
-1545.94 0
-1544.44 0
-1542.94 0
-1541.44 0
-1539.94 0
-1538.44 0
-1536.93 0
-1535.43 0
-1533.93 0
-1532.43 0
-1530.93 0
-1529.43 0
-1527.93 0
-1526.43 0
-1524.93 0
-1523.43 0
-1521.93 0
-1520.42 0
-1518.92 0
-1517.42 0
-1515.92 0
-1514.42 0
-1512.92 0
-1511.42 0
-1509.92 0
-1508.42 0
-1506.92 0
-1505.42 0
-1503.91 0
-1502.41 0
-1500.91 0
-1499.41 0
-1497.91 0
-1496.41 0
-1494.91 0
-1493.41 0
-1491.91 0
-1490.41 0
-1488.91 0
-1487.4 0
-1485.9 0
-1484.4 0
-1482.9 0
-1481.4 0
-1479.9 0
-1478.4 0
-1476.9 0
-1475.4 0
-1473.9 0
-1472.4 0
-1470.89 0
-1469.39 0
-1467.89 0
-1466.39 0
-1464.89 0
-1463.39 0
-1461.89 0
-1460.39 0
-1458.89 0
-1457.39 0
-1455.89 0
-1454.38 0
-1452.88 0
-1451.38 0
-1449.88 0
-1448.38 0
-1446.88 0
-1445.38 0
-1443.88 0
-1442.38 0
-1440.88 0
-1439.38 0
-1437.87 0
-1436.37 0
-1434.87 0
-1433.37 0
-1431.87 0
-1430.37 0
-1428.87 0
-1427.37 0
-1425.87 0
-1424.37 0
-1422.87 0
-1421.36 0
-1419.86 0
-1418.36 0
-1416.86 0
-1415.36 0
-1413.86 0
-1412.36 0
-1410.86 0
-1409.36 0
-1407.86 0
-1406.36 0
-1404.85 0
-1403.35 0
-1401.85 0
-1400.35 0
-1398.85 0
-1397.35 0
-1395.85 0
-1394.35 0
-1392.85 0
-1391.35 0
-1389.85 0
-1388.34 0
-1386.84 0
-1385.34 0
-1383.84 0
-1382.34 0
-1380.84 0
-1379.34 0
-1377.84 0
-1376.34 0
-1374.84 0
-1373.34 0
-1371.83 0
-1370.33 0
-1368.83 0
-1367.33 0
-1365.83 0
-1364.33 0
-1362.83 0
-1361.33 0
-1359.83 0
-1358.33 0
-1356.83 0
-1355.32 0
-1353.82 0
-1352.32 0
-1350.82 0
-1349.32 0
-1347.82 0
-1346.32 0
-1344.82 0
-1343.32 0
-1341.82 0
-1340.32 0
-1338.81 0
-1337.31 0
-1335.81 0
-1334.31 0
-1332.81 0
-1331.31 0
-1329.81 0
-1328.31 0
-1326.81 0
-1325.31 0
-1323.81 0
-1322.3 0
-1320.8 0
-1319.3 0
-1317.8 0
-1316.3 0
-1314.8 0
-1313.3 0
-1311.8 0
-1310.3 0
-1308.8 0
-1307.3 0
-1305.79 0
-1304.29 0
-1302.79 0
-1301.29 0
-1299.79 0
-1298.29 0
-1296.79 0
-1295.29 0
-1293.79 0
-1292.29 0
-1290.79 0
-1289.28 0
-1287.78 0
-1286.28 0
-1284.78 0
-1283.28 0
-1281.78 0
-1280.28 0
-1278.78 0
-1277.28 0
-1275.78 0
-1274.28 0
-1272.77 0
-1271.27 0
-1269.77 0
-1268.27 0
-1266.77 0
-1265.27 0
-1263.77 0
-1262.27 0
-1260.77 0
-1259.27 0
-1257.77 0
-1256.26 0
-1254.76 0
-1253.26 0
-1251.76 0
-1250.26 0
-1248.76 0
-1247.26 0
-1245.76 0
-1244.26 0
-1242.76 0
-1241.26 0
-1239.75 0
-1238.25 0
-1236.75 0
-1235.25 0
-1233.75 0
-1232.25 0
-1230.75 0
-1229.25 0
-1227.75 0
-1226.25 0
-1224.74 0
-1223.24 0
-1221.74 0
-1220.24 0
-1218.74 0
-1217.24 0
-1215.74 0
-1214.24 0
-1212.74 0
-1211.24 0
-1209.74 0
-1208.23 0
-1206.73 0
-1205.23 0
-1203.73 0
-1202.23 0
-1200.73 0
-1199.23 0
-1197.73 0
-1196.23 0
-1194.73 0
-1193.23 0
-1191.72 0
-1190.22 0
-1188.72 0
-1187.22 0
-1185.72 0
-1184.22 0
-1182.72 0
-1181.22 0
-1179.72 0
-1178.22 0
-1176.72 0
-1175.21 0
-1173.71 0
-1172.21 0
-1170.71 0
-1169.21 0
-1167.71 0
-1166.21 0
-1164.71 0
-1163.21 0
-1161.71 0
-1160.21 0
-1158.7 0
-1157.2 0
-1155.7 0
-1154.2 0
-1152.7 0
-1151.2 0
-1149.7 0
-1148.2 0
-1146.7 0
-1145.2 0
-1143.7 0
-1142.19 0
-1140.69 0
-1139.19 0
-1137.69 0
-1136.19 0
-1134.69 0
-1133.19 0
-1131.69 0
-1130.19 0
-1128.69 0
-1127.19 0
-1125.68 0
-1124.18 0
-1122.68 0
-1121.18 0
-1119.68 0
-1118.18 0
-1116.68 0
-1115.18 0
-1113.68 0
-1112.18 0
-1110.68 0
-1109.17 0
-1107.67 0
-1106.17 0
-1104.67 0
-1103.17 0
-1101.67 0
-1100.17 0
-1098.67 0
-1097.17 0
-1095.67 0
-1094.17 0
-1092.66 0
-1091.16 0
-1089.66 0
-1088.16 0
-1086.66 0
-1085.16 0
-1083.66 0
-1082.16 0
-1080.66 0
-1079.16 0
-1077.66 0
-1076.15 0
-1074.65 0
-1073.15 0
-1071.65 0
-1070.15 0
-1068.65 0
-1067.15 0
-1065.65 0
-1064.15 0
-1062.65 0
-1061.15 0
-1059.64 0
-1058.14 0
-1056.64 0
-1055.14 0
-1053.64 0
-1052.14 0
-1050.64 0
-1049.14 0
-1047.64 0
-1046.14 0
-1044.64 0
-1043.13 0
-1041.63 0
-1040.13 0
-1038.63 0
-1037.13 0
-1035.63 0
-1034.13 0
-1032.63 0
-1031.13 0
-1029.63 0
-1028.13 0
-1026.62 0
-1025.12 0
-1023.62 0
-1022.12 0
-1020.62 0
-1019.12 0
-1017.62 0
-1016.12 0
-1014.62 0
-1013.12 0
-1011.62 0
-1010.11 0
-1008.61 0
-1007.11 0
-1005.61 0
-1004.11 0
-1002.61 0
-1001.11 0
-999.608 0
-998.107 0
-996.606 0
-995.105 0
-993.604 0
-992.103 0
-990.603 0
-989.102 0
-987.601 0
-986.1 0
-984.599 0
-983.098 0
-981.597 0
-980.096 0
-978.595 0
-977.094 0
-975.593 0
-974.093 0
-972.592 0
-971.091 0
-969.59 0
-968.089 0
-966.588 0
-965.087 0
-963.586 0
-962.085 0
-960.584 0
-959.083 0
-957.582 0
-956.082 0
-954.581 0
-953.08 0
-951.579 0
-950.078 0
-948.577 0
-947.076 0
-945.575 0
-944.074 0
-942.573 0
-941.072 0
-939.572 0
-938.071 0
-936.57 0
-935.069 0
-933.568 0
-932.067 0
-930.566 0
-929.065 0
-927.564 0
-926.063 0
-924.562 0
-923.061 0
-921.561 0
-920.06 0
-918.559 0
-917.058 0
-915.557 0
-914.056 0
-912.555 0
-911.054 0
-909.553 0
-908.052 0
-906.551 0
-905.051 0
-903.55 0
-902.049 0
-900.548 0
-899.047 0
-897.546 0
-896.045 0
-894.544 0
-893.043 0
-891.542 0
-890.041 0
-888.54 0
-887.04 0
-885.539 0
-884.038 0
-882.537 0
-881.036 0
-879.535 0
-878.034 0
-876.533 0
-875.032 0
-873.531 0
-872.03 0
-870.53 0
-869.029 0
-867.528 0
-866.027 0
-864.526 0
-863.025 0
-861.524 0
-860.023 0
-858.522 0
-857.021 0
-855.52 0
-854.019 0
-852.519 0
-851.018 0
-849.517 0
-848.016 0
-846.515 0
-845.014 0
-843.513 0
-842.012 0
-840.511 0
-839.01 0
-837.509 0
-836.009 0
-834.508 0
-833.007 0
-831.506 0
-830.005 0
-828.504 0
-827.003 0
-825.502 0
-824.001 0
-822.5 0
-820.999 0
-819.498 0
-817.998 0
-816.497 0
-814.996 0
-813.495 0
-811.994 0
-810.493 0
-808.992 0
-807.491 0
-805.99 0
-804.489 0
-802.988 0
-801.488 0
-799.987 0
-798.486 0
-796.985 0
-795.484 0
-793.983 0
-792.482 0
-790.981 0
-789.48 0
-787.979 0
-786.478 0
-784.977 0
-783.477 0
-781.976 0
-780.475 0
-778.974 0
-777.473 0
-775.972 0
-774.471 0
-772.97 0
-771.469 0
-769.968 0
-768.467 0
-766.967 0
-765.466 0
-763.965 0
-762.464 0
-760.963 0
-759.462 0
-757.961 0
-756.46 0
-754.959 0
-753.458 0
-751.957 0
-750.456 0
-748.956 0
-747.455 0
-745.954 0
-744.453 0
-742.952 0
-741.451 0
-739.95 0
-738.449 0
-736.948 0
-735.447 0
-733.946 0
-732.446 0
-730.945 0
-729.444 0
-727.943 0
-726.442 0
-724.941 0
-723.44 0
-721.939 0
-720.438 0
-718.937 0
-717.436 0
-715.935 0
-714.435 0
-712.934 0
-711.433 0
-709.932 0
-708.431 0
-706.93 0
-705.429 0
-703.928 0
-702.427 0
-700.926 0
-699.425 0
-697.925 0
-696.424 0
-694.923 0
-693.422 0
-691.921 0
-690.42 0
-688.919 0
-687.418 0
-685.917 0
-684.416 0
-682.915 0
-681.414 0
-679.914 0
-678.413 0
-676.912 0
-675.411 0
-673.91 0
-672.409 0
-670.908 0
-669.407 0
-667.906 0
-666.405 0
-664.904 0
-663.404 0
-661.903 0
-660.402 0
-658.901 0
-657.4 0
-655.899 0
-654.398 0
-652.897 0
-651.396 0
-649.895 0
-648.394 0
-646.893 0
-645.393 0
-643.892 0
-642.391 0
-640.89 0
-639.389 0
-637.888 0
-636.387 0
-634.886 0
-633.385 0
-631.884 0
-630.383 0
-628.883 0
-627.382 0
-625.881 0
-624.38 0
-622.879 0
-621.378 0
-619.877 0
-618.376 0
-616.875 0
-615.374 0
-613.873 0
-612.372 0
-610.872 0
-609.371 0
-607.87 0
-606.369 0
-604.868 0
-603.367 0
-601.866 0
-600.365 0
-598.864 0
-597.363 0
-595.862 0
-594.362 0
-592.861 0
-591.36 0
-589.859 0
-588.358 0
-586.857 0
-585.356 0
-583.855 0
-582.354 0
-580.853 0
-579.352 0
-577.851 0
-576.351 0
-574.85 0
-573.349 0
-571.848 0
-570.347 0
-568.846 0
-567.345 0
-565.844 0
-564.343 0
-562.842 0
-561.341 0
-559.841 0
-558.34 0
-556.839 0
-555.338 0
-553.837 0
-552.336 0
-550.835 0
-549.334 0
-547.833 0
-546.332 0
-544.831 0
-543.33 0
-541.83 0
-540.329 0
-538.828 0
-537.327 0
-535.826 0
-534.325 0
-532.824 0
-531.323 0
-529.822 0
-528.321 0
-526.82 0
-525.32 4.07109e-05
-523.819 4.07109e-05
-522.318 4.19478e-05
-520.817 4.38032e-05
-519.316 4.28755e-05
-517.815 4.19478e-05
-516.314 4.16386e-05
-514.813 4.19478e-05
-513.312 4.16386e-05
-511.811 4.04017e-05
-510.31 3.97832e-05
-508.809 3.9474e-05
-507.309 4.19478e-05
-505.808 4.13294e-05
-504.307 4.04017e-05
-502.806 3.91647e-05
-501.305 3.88555e-05
-499.804 3.9474e-05
-498.303 0
-496.802 2.47033e-322
-495.301 5.83079e-05
-493.8 6.00615e-05
-492.299 6.00615e-05
-490.799 5.83079e-05
-489.298 5.87463e-05
-487.797 6.00615e-05
-486.296 5.74311e-05
-484.795 5.69927e-05
-483.294 5.39239e-05
-481.793 5.21702e-05
-480.292 5.52391e-05
-478.791 5.43623e-05
-477.29 5.48007e-05
-475.789 5.56775e-05
-474.288 5.56775e-05
-472.788 5.65543e-05
-471.287 5.91847e-05
-469.786 5.78695e-05
-468.285 5.91847e-05
-466.784 5.83079e-05
-465.283 5.65543e-05
-463.782 5.52391e-05
-462.281 5.26086e-05
-460.78 5.26086e-05
-459.279 5.12934e-05
-457.778 4.99782e-05
-456.278 5.17318e-05
-454.777 5.0855e-05
-453.276 5.04166e-05
-451.775 4.95398e-05
-450.274 5.12934e-05
-448.773 5.48007e-05
-447.272 5.48007e-05
-445.771 5.65543e-05
-444.27 5.69927e-05
-442.769 5.91847e-05
-441.268 5.43623e-05
-439.767 5.39238e-05
-438.267 5.43623e-05
-436.766 5.48007e-05
-435.265 5.48007e-05
-433.764 5.52391e-05
-432.263 5.52391e-05
-430.762 5.48007e-05
-429.261 5.43623e-05
-427.76 5.43623e-05
-426.259 5.0855e-05
-424.758 5.21702e-05
-423.257 4.8663e-05
-421.757 5.0855e-05
-420.256 5.21702e-05
-418.755 5.17318e-05
-417.254 5.12934e-05
-415.753 5.17318e-05
-414.252 5.0855e-05
-412.751 5.0855e-05
-411.25 5.12934e-05
-409.749 5.17318e-05
-408.248 4.99782e-05
-406.747 5.0855e-05
-405.246 5.26086e-05
-403.746 5.17318e-05
-402.245 5.04166e-05
-400.744 5.12934e-05
-399.243 5.3047e-05
-397.742 5.26086e-05
-396.241 5.26086e-05
-394.74 5.43623e-05
-393.239 5.56775e-05
-391.738 5.56775e-05
-390.237 5.48007e-05
-388.736 5.12934e-05
-387.236 5.17318e-05
-385.735 5.12934e-05
-384.234 5.12934e-05
-382.733 5.17318e-05
-381.232 5.17318e-05
-379.731 5.04166e-05
-378.23 5.3047e-05
-376.729 5.39239e-05
-375.228 5.34854e-05
-373.727 5.83079e-05
-372.226 5.87463e-05
-370.725 5.61159e-05
-369.225 5.65543e-05
-367.724 5.61159e-05
-366.223 5.26086e-05
-364.722 5.12934e-05
-363.221 5.39239e-05
-361.72 5.52391e-05
-360.219 5.3047e-05
-358.718 4.8663e-05
-357.217 5.26086e-05
-355.716 5.39238e-05
-354.215 5.34854e-05
-352.715 5.21702e-05
-351.214 5.21702e-05
-349.713 5.21702e-05
-348.212 5.48007e-05
-346.711 5.48007e-05
-345.21 5.56775e-05
-343.709 5.78695e-05
-342.208 5.91847e-05
-340.707 6.09383e-05
-339.206 6.22536e-05
-337.705 6.40072e-05
-336.205 6.4884e-05
-334.704 6.44456e-05
-333.203 6.57608e-05
-331.702 6.7076e-05
-330.201 6.66376e-05
-328.7 6.53224e-05
-327.199 6.53224e-05
-325.698 6.75144e-05
-324.197 6.79528e-05
-322.696 7.05833e-05
-321.195 6.97065e-05
-319.694 6.97065e-05
-318.194 7.18985e-05
-316.693 7.49673e-05
-315.192 7.62825e-05
-313.691 7.97898e-05
-312.19 8.19818e-05
-310.689 8.19818e-05
-309.188 8.59274e-05
-307.687 8.46122e-05
-306.186 8.46122e-05
-304.685 8.41738e-05
-303.184 8.94347e-05
-301.684 8.85579e-05
-300.183 8.85579e-05
-298.682 8.94347e-05
-297.181 9.20651e-05
-295.68 9.33803e-05
-294.179 9.60108e-05
-292.678 9.77644e-05
-291.177 0.000100833
-289.676 0.00010171
-288.175 0.000104779
-286.674 0.000106971
-285.173 0.000104779
-283.673 0.000106094
-282.172 0.000107848
-280.671 0.000106971
-279.17 0.000105656
-277.669 0.000107409
-276.168 0.000108725
-274.667 0.000107409
-273.166 0.000108286
-271.665 0.000109163
-270.164 0.000110478
-268.663 0.000113547
-267.163 0.000117054
-265.662 0.000119246
-264.161 0.000117493
-262.66 0.000117493
-261.159 0.000117054
-259.658 0.000119246
-258.157 0.000120561
-256.656 0.000122315
-255.155 0.000125822
-253.654 0.00012363
-252.153 0.000123192
-250.652 0.000124069
-249.152 0.000124507
-247.651 0.000125822
-246.15 0.000127576
-244.649 0.000131522
-243.148 0.00013459
-241.647 0.000138098
-240.146 0.000139413
-238.645 0.000145989
-237.144 0.000150811
-235.643 0.000153442
-234.142 0.000156511
-232.642 0.000161772
-231.141 0.000167909
-229.64 0.000170101
-228.139 0.000174047
-226.638 0.00018413
-225.137 0.00019246
-223.636 0.000198598
-222.135 0.000206489
-220.634 0.000216572
-219.133 0.000228409
-217.632 0.000242877
-216.131 0.000254275
-214.631 0.000268742
-213.13 0.000284963
-211.629 0.000299869
-210.128 0.000318282
-208.627 0.000336257
-207.126 0.000355547
-205.625 0.00037922
-204.124 0.000401579
-202.623 0.000425691
-201.122 0.000451996
-199.621 0.000481369
-198.121 0.000511181
-196.62 0.000540992
-195.119 0.000575187
-193.618 0.000612452
-192.117 0.000647524
-190.616 0.000682158
-189.115 0.000722053
-187.614 0.000763702
-186.113 0.000807542
-184.612 0.000852698
-183.111 0.000898292
-181.61 0.000945201
-180.11 0.000991672
-178.609 0.00103946
-177.108 0.00108944
-175.607 0.00114205
-174.106 0.00119685
-172.605 0.00124989
-171.104 0.00130119
-169.603 0.0013573
-168.102 0.00141386
-166.601 0.00146866
-165.1 0.0015217
-163.6 0.00157475
-162.099 0.00162517
-160.598 0.0016769
-159.097 0.001726
-157.596 0.00177422
-156.095 0.00181938
-154.594 0.00186278
-153.093 0.00190706
-151.592 0.00194915
-150.091 0.00198904
-148.59 0.00202675
-147.089 0.00206226
-145.589 0.00209601
-144.088 0.00213065
-142.587 0.00216309
-141.086 0.0021894
-139.585 0.00222008
-138.084 0.00224551
-136.583 0.0022648
-135.082 0.00228584
-133.581 0.00230075
-132.08 0.00231872
-130.579 0.00233275
-129.079 0.00234328
-127.578 0.00234722
-126.077 0.00234766
-124.576 0.00234854
-123.075 0.00234591
-121.574 0.0023424
-120.073 0.00233407
-118.572 0.0023253
-117.071 0.00231259
-115.57 0.00229812
-114.069 0.00228804
-112.568 0.00227225
-111.068 0.00225559
-109.567 0.00223499
-108.066 0.00221745
-106.565 0.00219509
-105.064 0.00217142
-103.563 0.00215082
-102.062 0.00212626
-100.561 0.00210478
-99.0603 0.00208242
-97.5593 0.00206007
-96.0584 0.00203727
-94.5575 0.00201929
-93.0566 0.00199957
-91.5557 0.00198291
-90.0548 0.00196712
-88.5539 0.00195529
-87.053 0.00194959
-85.552 0.00194301
-84.0511 0.00193556
-82.5502 0.00193468
-81.0493 0.00194038
-79.5484 0.00194564
-78.0475 0.00195792
-76.5466 0.00197326
-75.0456 0.00199167
-73.5447 0.00201798
-72.0438 0.00204121
-70.5429 0.00207979
-69.042 0.00211881
-67.5411 0.00216441
-66.0402 0.00221351
-64.5393 0.00226919
-63.0383 0.00233538
-61.5374 0.00239851
-60.0365 0.00247392
-58.5356 0.00255196
-57.0347 0.00263525
-55.5338 0.00272074
-54.0329 0.00281105
-52.532 0.00290531
-51.031 0.0030022
-49.5301 0.00310303
-48.0292 0.00320474
-46.5283 0.00331171
-45.0274 0.00342044
-43.5265 0.00353004
-42.0256 0.00364534
-40.5246 0.00376283
-39.0237 0.00387594
-37.5228 0.00400132
-36.0219 0.00411838
-34.521 0.00424157
-33.0201 0.00436608
-31.5192 0.00448532
-30.0183 0.00460588
-28.5173 0.00472075
-27.0164 0.00483298
-25.5155 0.00494389
-24.0146 0.00504823
-22.5137 0.00514951
-21.0128 0.00525034
-19.5119 0.00534328
-18.011 0.00542965
-16.51 0.00551338
-15.0091 0.0055866
-13.5082 0.00565718
-12.0073 0.00571505
-10.5064 0.00577073
-9.00548 0.00581632
-7.50456 0.00585271
-6.00365 0.00588427
-4.50274 0.00590181
-3.00183 0.00591715
-1.50091 0.00592505
0 0.00592548
1.50091 0.00592066
3.00183 0.00590619
4.50274 0.00588208
6.00365 0.00585227
7.50456 0.00581413
9.00548 0.00576634
10.5064 0.00571549
12.0073 0.00564578
13.5082 0.00557739
15.0091 0.00549541
16.51 0.00540334
18.011 0.00530646
19.5119 0.00520255
21.0128 0.00509208
22.5137 0.00497853
24.0146 0.00485358
25.5155 0.00472645
27.0164 0.00459712
28.5173 0.00446033
30.0183 0.00432267
31.5192 0.00417932
33.0201 0.00403464
34.521 0.00388953
36.0219 0.00374047
37.5228 0.00359361
39.0237 0.00344849
40.5246 0.00330426
42.0256 0.0031609
43.5265 0.00301754
45.0274 0.00287857
46.5283 0.00273915
48.0292 0.00260237
49.5301 0.00246954
51.031 0.00233845
52.532 0.00220693
54.0329 0.00208505
55.5338 0.0019623
57.0347 0.00184481
58.5356 0.00173214
60.0365 0.00163043
61.5374 0.00153047
63.0383 0.00143709
64.5393 0.00135467
66.0402 0.00127883
67.5411 0.00120956
69.042 0.00114424
70.5429 0.00109075
72.0438 0.00104297
73.5447 0.00100088
75.0456 0.000966683
76.5466 0.000937748
78.0475 0.000918897
79.5484 0.000903553
81.0493 0.000896538
82.5502 0.000891716
84.0511 0.0008961
85.552 0.000906183
87.053 0.000916266
88.5539 0.000931611
90.0548 0.000954846
91.5557 0.00097589
93.0566 0.00100482
94.5575 0.00103858
96.0584 0.00107365
97.5593 0.00111092
99.0603 0.00115432
100.561 0.00119772
102.062 0.00124288
103.563 0.00128847
105.064 0.00133714
106.565 0.00138492
108.066 0.00143665
109.567 0.00148663
111.068 0.00153793
112.568 0.00158703
114.069 0.00163613
115.57 0.00167953
117.071 0.00172162
118.572 0.00176195
120.073 0.00179658
121.574 0.0018299
123.075 0.00185796
124.576 0.00187944
126.077 0.00190312
127.578 0.00191758
129.079 0.00192942
130.579 0.00193775
132.08 0.0019417
133.581 0.00194214
135.082 0.00193731
136.583 0.00192811
138.084 0.00191364
139.585 0.00189523
141.086 0.00187024
142.587 0.00184306
144.088 0.00180798
145.589 0.00176984
147.089 0.00172512
148.59 0.00168128
150.091 0.00163262
151.592 0.00158264
153.093 0.00152477
154.594 0.00147041
156.095 0.00141166
157.596 0.00135423
159.097 0.00129593
160.598 0.00123674
162.099 0.00117668
163.6 0.0011153
165.1 0.00105831
166.601 0.000999125
168.102 0.000936433
169.603 0.000880317
171.104 0.00082201
172.605 0.000760633
174.106 0.000702764
175.607 0.000647524
177.108 0.000593162
178.609 0.00054143
180.11 0.000490575
181.61 0.000444981
183.111 0.000400264
184.612 0.000358615
186.113 0.000316967
187.614 0.000281456
189.115 0.000247261
190.616 0.000212188
192.117 0.000182377
193.618 0.000149935
195.119 0.000125822
196.62 9.90796e-05
198.121 7.62825e-05
199.621 5.56775e-05
201.122 3.94565e-05
202.623 2.45507e-05
204.124 1.4029e-05
205.625 7.45289e-06
207.126 7.45288e-06
208.627 0
210.128 0
211.629 2.63045e-06
213.13 2.63045e-06
214.631 7.4529e-06
216.131 1.35906e-05
217.632 1.92898e-05
219.133 3.025e-05
220.634 3.85797e-05
222.135 4.95398e-05
223.636 6.35688e-05
225.137 7.40905e-05
226.638 8.81195e-05
228.139 0.000103902
229.64 0.000117931
231.141 0.00013196
232.642 0.000148181
234.142 0.000163964
235.643 0.000180623
237.144 0.00019509
238.645 0.000209996
240.146 0.000221395
241.647 0.000240685
243.148 0.000250768
244.649 0.00026129
246.15 0.000274442
247.651 0.000283648
249.152 0.000292416
250.652 0.000299869
252.153 0.000302938
253.654 0.000310829
255.155 0.000313898
256.656 0.000316529
258.157 0.000317405
259.658 0.000317405
261.159 0.000318721
262.66 0.000313898
264.161 0.000311268
265.662 0.000305568
267.163 0.000300308
268.663 0.000291101
270.164 0.000284087
271.665 0.000273565
273.166 0.000266112
274.667 0.000255152
276.168 0.000245069
277.669 0.000234985
279.17 0.000221833
280.671 0.000212626
282.172 0.000202543
283.673 0.00019246
285.173 0.000182377
286.674 0.000171416
288.175 0.000161772
289.676 0.00015125
291.177 0.00014029
292.678 0.000131083
294.179 0.000118808
295.68 0.000111355
297.181 0.000101272
298.682 9.46956e-05
300.183 8.5489e-05
301.684 7.84746e-05
303.184 7.05833e-05
304.685 6.22536e-05
306.186 5.78695e-05
307.687 4.91014e-05
309.188 4.51558e-05
310.689 4.12101e-05
312.19 3.72645e-05
313.691 3.59492e-05
315.192 3.41956e-05
316.693 3.33188e-05
318.194 3.33188e-05
319.694 3.20036e-05
321.195 3.41956e-05
322.696 3.59492e-05
324.197 3.77029e-05
325.698 4.07717e-05
327.199 4.42789e-05
328.7 4.6471e-05
330.201 5.04166e-05
331.702 5.21702e-05
333.203 5.39238e-05
334.704 5.91847e-05
336.205 6.2692e-05
337.705 6.79528e-05
339.206 7.32137e-05
340.707 7.93514e-05
342.208 8.41738e-05
343.709 8.63659e-05
345.21 9.16267e-05
346.711 9.86412e-05
348.212 0.000103902
349.713 0.000109601
351.214 0.000113985
352.715 0.000119685
354.215 0.000124069
355.716 0.000124945
357.217 0.000133714
358.718 0.000138536
360.219 0.000138974
361.72 0.000138536
363.221 0.000141605
364.722 0.00014292
366.223 0.000142043
367.724 0.000140728
369.225 0.000138974
370.725 0.000139413
372.226 0.00014029
373.727 0.000138098
375.228 0.000136344
376.729 0.000136782
378.23 0.000135467
379.731 0.000132837
381.232 0.000127138
382.733 0.000126699
384.234 0.000124069
385.735 0.000121438
387.236 0.000117493
388.736 0.000113109
390.237 0.000107409
391.738 0.000103025
393.239 0.000101272
394.74 9.99564e-05
396.241 9.5134e-05
397.742 9.25035e-05
399.243 8.72427e-05
400.744 8.68043e-05
402.245 7.84746e-05
403.746 7.62825e-05
405.246 7.23369e-05
406.747 7.14601e-05
408.248 6.61992e-05
409.749 6.22536e-05
411.25 6.00615e-05
412.751 5.69927e-05
414.252 5.78695e-05
415.753 5.65543e-05
417.254 5.65543e-05
418.755 5.78695e-05
420.256 5.65543e-05
421.757 5.43623e-05
423.257 5.3047e-05
424.758 5.26086e-05
426.259 5.12934e-05
427.76 5.04166e-05
429.261 5.0855e-05
430.762 5.04166e-05
432.263 4.99782e-05
433.764 4.77862e-05
435.265 4.99782e-05
436.766 4.95398e-05
438.267 5.17318e-05
439.767 5.39239e-05
441.268 5.43623e-05
442.769 5.69927e-05
444.27 6.00615e-05
445.771 6.18152e-05
447.272 6.4884e-05
448.773 6.66376e-05
450.274 6.97064e-05
451.775 6.57608e-05
453.276 6.7076e-05
454.777 6.9268e-05
456.278 6.9268e-05
457.778 7.05833e-05
459.279 7.36521e-05
460.78 7.54057e-05
462.281 7.67209e-05
463.782 7.8913e-05
465.283 8.02282e-05
466.784 8.15434e-05
468.285 8.19818e-05
469.786 8.28586e-05
471.287 8.37354e-05
472.788 8.46122e-05
474.288 8.46122e-05
475.789 8.50506e-05
477.29 8.5489e-05
478.791 8.50506e-05
480.292 8.3297e-05
481.793 8.28586e-05
483.294 8.06666e-05
484.795 8.19818e-05
486.296 7.97898e-05
487.797 7.45289e-05
489.298 7.45289e-05
490.799 7.23369e-05
492.299 7.14601e-05
493.8 7.14601e-05
495.301 7.01449e-05
496.802 7.18985e-05
498.303 7.32137e-05
499.804 7.18985e-05
501.305 7.01449e-05
502.806 7.05833e-05
504.307 6.79528e-05
505.808 6.57608e-05
507.309 6.66376e-05
508.809 6.83912e-05
510.31 6.66376e-05
511.811 6.61992e-05
513.312 6.75144e-05
514.813 6.53224e-05
516.314 6.40072e-05
517.815 6.04999e-05
519.316 5.83079e-05
520.817 5.83079e-05
522.318 5.83079e-05
523.819 5.43623e-05
525.32 5.61159e-05
526.82 0
528.321 0
529.822 0
531.323 0
532.824 0
534.325 0
535.826 0
537.327 0
538.828 0
540.329 0
541.83 0
543.33 0
544.831 0
546.332 0
547.833 0
549.334 0
550.835 0
552.336 0
553.837 0
555.338 0
556.839 0
558.34 0
559.841 0
561.341 0
562.842 0
564.343 0
565.844 0
567.345 0
568.846 0
570.347 0
571.848 0
573.349 0
574.85 0
576.351 0
577.851 0
579.352 0
580.853 0
582.354 0
583.855 0
585.356 0
586.857 0
588.358 0
589.859 0
591.36 0
592.861 0
594.362 0
595.862 0
597.363 0
598.864 0
600.365 0
601.866 0
603.367 0
604.868 0
606.369 0
607.87 0
609.371 0
610.872 0
612.372 0
613.873 0
615.374 0
616.875 0
618.376 0
619.877 0
621.378 0
622.879 0
624.38 0
625.881 0
627.382 0
628.883 0
630.383 0
631.884 0
633.385 0
634.886 0
636.387 0
637.888 0
639.389 0
640.89 0
642.391 0
643.892 0
645.393 0
646.893 0
648.394 0
649.895 0
651.396 0
652.897 0
654.398 0
655.899 0
657.4 0
658.901 0
660.402 0
661.903 0
663.404 0
664.904 0
666.405 0
667.906 0
669.407 0
670.908 0
672.409 0
673.91 0
675.411 0
676.912 0
678.413 0
679.914 0
681.414 0
682.915 0
684.416 0
685.917 0
687.418 0
688.919 0
690.42 0
691.921 0
693.422 0
694.923 0
696.424 0
697.925 0
699.425 0
700.926 0
702.427 0
703.928 0
705.429 0
706.93 0
708.431 0
709.932 0
711.433 0
712.934 0
714.435 0
715.935 0
717.436 0
718.937 0
720.438 0
721.939 0
723.44 0
724.941 0
726.442 0
727.943 0
729.444 0
730.945 0
732.446 0
733.946 0
735.447 0
736.948 0
738.449 0
739.95 0
741.451 0
742.952 0
744.453 0
745.954 0
747.455 0
748.956 0
750.456 0
751.957 0
753.458 0
754.959 0
756.46 0
757.961 0
759.462 0
760.963 0
762.464 0
763.965 0
765.466 0
766.967 0
768.467 0
769.968 0
771.469 0
772.97 0
774.471 0
775.972 0
777.473 0
778.974 0
780.475 0
781.976 0
783.477 0
784.977 0
786.478 0
787.979 0
789.48 0
790.981 0
792.482 0
793.983 0
795.484 0
796.985 0
798.486 0
799.987 0
801.488 0
802.988 0
804.489 0
805.99 0
807.491 0
808.992 0
810.493 0
811.994 0
813.495 0
814.996 0
816.497 0
817.998 0
819.498 0
820.999 0
822.5 0
824.001 0
825.502 0
827.003 0
828.504 0
830.005 0
831.506 0
833.007 0
834.508 0
836.009 0
837.509 0
839.01 0
840.511 0
842.012 0
843.513 0
845.014 0
846.515 0
848.016 0
849.517 0
851.018 0
852.519 0
854.019 0
855.52 0
857.021 0
858.522 0
860.023 0
861.524 0
863.025 0
864.526 0
866.027 0
867.528 0
869.029 0
870.53 0
872.03 0
873.531 0
875.032 0
876.533 0
878.034 0
879.535 0
881.036 0
882.537 0
884.038 0
885.539 0
887.04 0
888.54 0
890.041 0
891.542 0
893.043 0
894.544 0
896.045 0
897.546 0
899.047 0
900.548 0
902.049 0
903.55 0
905.051 0
906.551 0
908.052 0
909.553 0
911.054 0
912.555 0
914.056 0
915.557 0
917.058 0
918.559 0
920.06 0
921.561 0
923.061 0
924.562 0
926.063 0
927.564 0
929.065 0
930.566 0
932.067 0
933.568 0
935.069 0
936.57 0
938.071 0
939.572 0
941.072 0
942.573 0
944.074 0
945.575 0
947.076 0
948.577 0
950.078 0
951.579 0
953.08 0
954.581 0
956.082 0
957.582 0
959.083 0
960.584 0
962.085 0
963.586 0
965.087 0
966.588 0
968.089 0
969.59 0
971.091 0
972.592 0
974.093 0
975.593 0
977.094 0
978.595 0
980.096 0
981.597 0
983.098 0
984.599 0
986.1 0
987.601 0
989.102 0
990.603 0
992.103 0
993.604 0
995.105 0
996.606 0
998.107 0
999.608 0
1001.11 0
1002.61 0
1004.11 0
1005.61 0
1007.11 0
1008.61 0
1010.11 0
1011.62 0
1013.12 0
1014.62 0
1016.12 0
1017.62 0
1019.12 0
1020.62 0
1022.12 0
1023.62 0
1025.12 0
1026.62 0
1028.13 0
1029.63 0
1031.13 0
1032.63 0
1034.13 0
1035.63 0
1037.13 0
1038.63 0
1040.13 0
1041.63 0
1043.13 0
1044.64 0
1046.14 0
1047.64 0
1049.14 0
1050.64 0
1052.14 0
1053.64 0
1055.14 0
1056.64 0
1058.14 0
1059.64 0
1061.15 0
1062.65 0
1064.15 0
1065.65 0
1067.15 0
1068.65 0
1070.15 0
1071.65 0
1073.15 0
1074.65 0
1076.15 0
1077.66 0
1079.16 0
1080.66 0
1082.16 0
1083.66 0
1085.16 0
1086.66 0
1088.16 0
1089.66 0
1091.16 0
1092.66 0
1094.17 0
1095.67 0
1097.17 0
1098.67 0
1100.17 0
1101.67 0
1103.17 0
1104.67 0
1106.17 0
1107.67 0
1109.17 0
1110.68 0
1112.18 0
1113.68 0
1115.18 0
1116.68 0
1118.18 0
1119.68 0
1121.18 0
1122.68 0
1124.18 0
1125.68 0
1127.19 0
1128.69 0
1130.19 0
1131.69 0
1133.19 0
1134.69 0
1136.19 0
1137.69 0
1139.19 0
1140.69 0
1142.19 0
1143.7 0
1145.2 0
1146.7 0
1148.2 0
1149.7 0
1151.2 0
1152.7 0
1154.2 0
1155.7 0
1157.2 0
1158.7 0
1160.21 0
1161.71 0
1163.21 0
1164.71 0
1166.21 0
1167.71 0
1169.21 0
1170.71 0
1172.21 0
1173.71 0
1175.21 0
1176.72 0
1178.22 0
1179.72 0
1181.22 0
1182.72 0
1184.22 0
1185.72 0
1187.22 0
1188.72 0
1190.22 0
1191.72 0
1193.23 0
1194.73 0
1196.23 0
1197.73 0
1199.23 0
1200.73 0
1202.23 0
1203.73 0
1205.23 0
1206.73 0
1208.23 0
1209.74 0
1211.24 0
1212.74 0
1214.24 0
1215.74 0
1217.24 0
1218.74 0
1220.24 0
1221.74 0
1223.24 0
1224.74 0
1226.25 0
1227.75 0
1229.25 0
1230.75 0
1232.25 0
1233.75 0
1235.25 0
1236.75 0
1238.25 0
1239.75 0
1241.26 0
1242.76 0
1244.26 0
1245.76 0
1247.26 0
1248.76 0
1250.26 0
1251.76 0
1253.26 0
1254.76 0
1256.26 0
1257.77 0
1259.27 0
1260.77 0
1262.27 0
1263.77 0
1265.27 0
1266.77 0
1268.27 0
1269.77 0
1271.27 0
1272.77 0
1274.28 0
1275.78 0
1277.28 0
1278.78 0
1280.28 0
1281.78 0
1283.28 0
1284.78 0
1286.28 0
1287.78 0
1289.28 0
1290.79 0
1292.29 0
1293.79 0
1295.29 0
1296.79 0
1298.29 0
1299.79 0
1301.29 0
1302.79 0
1304.29 0
1305.79 0
1307.3 0
1308.8 0
1310.3 0
1311.8 0
1313.3 0
1314.8 0
1316.3 0
1317.8 0
1319.3 0
1320.8 0
1322.3 0
1323.81 0
1325.31 0
1326.81 0
1328.31 0
1329.81 0
1331.31 0
1332.81 0
1334.31 0
1335.81 0
1337.31 0
1338.81 0
1340.32 0
1341.82 0
1343.32 0
1344.82 0
1346.32 0
1347.82 0
1349.32 0
1350.82 0
1352.32 0
1353.82 0
1355.32 0
1356.83 0
1358.33 0
1359.83 0
1361.33 0
1362.83 0
1364.33 0
1365.83 0
1367.33 0
1368.83 0
1370.33 0
1371.83 0
1373.34 0
1374.84 0
1376.34 0
1377.84 0
1379.34 0
1380.84 0
1382.34 0
1383.84 0
1385.34 0
1386.84 0
1388.34 0
1389.85 0
1391.35 0
1392.85 0
1394.35 0
1395.85 0
1397.35 0
1398.85 0
1400.35 0
1401.85 0
1403.35 0
1404.85 0
1406.36 0
1407.86 0
1409.36 0
1410.86 0
1412.36 0
1413.86 0
1415.36 0
1416.86 0
1418.36 0
1419.86 0
1421.36 0
1422.87 0
1424.37 0
1425.87 0
1427.37 0
1428.87 0
1430.37 0
1431.87 0
1433.37 0
1434.87 0
1436.37 0
1437.87 0
1439.38 0
1440.88 0
1442.38 0
1443.88 0
1445.38 0
1446.88 0
1448.38 0
1449.88 0
1451.38 0
1452.88 0
1454.38 0
1455.89 0
1457.39 0
1458.89 0
1460.39 0
1461.89 0
1463.39 0
1464.89 0
1466.39 0
1467.89 0
1469.39 0
1470.89 0
1472.4 0
1473.9 0
1475.4 0
1476.9 0
1478.4 0
1479.9 0
1481.4 0
1482.9 0
1484.4 0
1485.9 0
1487.4 0
1488.91 0
1490.41 0
1491.91 0
1493.41 0
1494.91 0
1496.41 0
1497.91 0
1499.41 0
1500.91 0
1502.41 0
1503.91 0
1505.42 0
1506.92 0
1508.42 0
1509.92 0
1511.42 0
1512.92 0
1514.42 0
1515.92 0
1517.42 0
1518.92 0
1520.42 0
1521.93 0
1523.43 0
1524.93 0
1526.43 0
1527.93 0
1529.43 0
1530.93 0
1532.43 0
1533.93 0
1535.43 0
1536.93 0
1538.44 0
1539.94 0
1541.44 0
1542.94 0
1544.44 0
1545.94 0
1547.44 0
1548.94 0
1550.44 0
1551.94 0
1553.44 0
1554.95 0
1556.45 0
1557.95 0
1559.45 0
1560.95 0
1562.45 0
1563.95 0
1565.45 0
1566.95 0
1568.45 0
1569.95 0
1571.46 0
1572.96 0
1574.46 0
1575.96 0
