-1575.96 0
-1574.46 0
-1572.96 0
-1571.46 0
-1569.95 0
-1568.45 0
-1566.95 0
-1565.45 0
-1563.95 0
-1562.45 0
-1560.95 0
-1559.45 0
-1557.95 0
-1556.45 0
-1554.95 0
-1553.44 0
-1551.94 0
-1550.44 0
-1548.94 0
-1547.44 0
-1545.94 0
-1544.44 0
-1542.94 0
-1541.44 0
-1539.94 0
-1538.44 0
-1536.93 0
-1535.43 0
-1533.93 0
-1532.43 0
-1530.93 0
-1529.43 0
-1527.93 0
-1526.43 0
-1524.93 0
-1523.43 0
-1521.93 0
-1520.42 0
-1518.92 0
-1517.42 0
-1515.92 0
-1514.42 0
-1512.92 0
-1511.42 0
-1509.92 0
-1508.42 0
-1506.92 0
-1505.42 0
-1503.91 0
-1502.41 0
-1500.91 0
-1499.41 0
-1497.91 0
-1496.41 0
-1494.91 0
-1493.41 0
-1491.91 0
-1490.41 0
-1488.91 0
-1487.4 0
-1485.9 0
-1484.4 0
-1482.9 0
-1481.4 0
-1479.9 0
-1478.4 0
-1476.9 0
-1475.4 0
-1473.9 0
-1472.4 0
-1470.89 0
-1469.39 0
-1467.89 0
-1466.39 0
-1464.89 0
-1463.39 0
-1461.89 0
-1460.39 0
-1458.89 0
-1457.39 0
-1455.89 0
-1454.38 0
-1452.88 0
-1451.38 0
-1449.88 0
-1448.38 0
-1446.88 0
-1445.38 0
-1443.88 0
-1442.38 0
-1440.88 0
-1439.38 0
-1437.87 0
-1436.37 0
-1434.87 0
-1433.37 0
-1431.87 0
-1430.37 0
-1428.87 0
-1427.37 0
-1425.87 0
-1424.37 0
-1422.87 0
-1421.36 0
-1419.86 0
-1418.36 0
-1416.86 0
-1415.36 0
-1413.86 0
-1412.36 0
-1410.86 0
-1409.36 0
-1407.86 0
-1406.36 0
-1404.85 0
-1403.35 0
-1401.85 0
-1400.35 0
-1398.85 0
-1397.35 0
-1395.85 0
-1394.35 0
-1392.85 0
-1391.35 0
-1389.85 0
-1388.34 0
-1386.84 0
-1385.34 0
-1383.84 0
-1382.34 0
-1380.84 0
-1379.34 0
-1377.84 0
-1376.34 0
-1374.84 0
-1373.34 0
-1371.83 0
-1370.33 0
-1368.83 0
-1367.33 0
-1365.83 0
-1364.33 0
-1362.83 0
-1361.33 0
-1359.83 0
-1358.33 0
-1356.83 0
-1355.32 0
-1353.82 0
-1352.32 0
-1350.82 0
-1349.32 0
-1347.82 0
-1346.32 0
-1344.82 0
-1343.32 0
-1341.82 0
-1340.32 0
-1338.81 0
-1337.31 0
-1335.81 0
-1334.31 0
-1332.81 0
-1331.31 0
-1329.81 0
-1328.31 0
-1326.81 0
-1325.31 0
-1323.81 0
-1322.3 0
-1320.8 0
-1319.3 0
-1317.8 0
-1316.3 0
-1314.8 0
-1313.3 0
-1311.8 0
-1310.3 0
-1308.8 0
-1307.3 0
-1305.79 0
-1304.29 0
-1302.79 0
-1301.29 0
-1299.79 0
-1298.29 0
-1296.79 0
-1295.29 0
-1293.79 0
-1292.29 0
-1290.79 0
-1289.28 0
-1287.78 0
-1286.28 0
-1284.78 0
-1283.28 0
-1281.78 0
-1280.28 0
-1278.78 0
-1277.28 0
-1275.78 0
-1274.28 0
-1272.77 0
-1271.27 0
-1269.77 0
-1268.27 0
-1266.77 0
-1265.27 0
-1263.77 0
-1262.27 0
-1260.77 0
-1259.27 0
-1257.77 0
-1256.26 0
-1254.76 0
-1253.26 0
-1251.76 0
-1250.26 0
-1248.76 0
-1247.26 0
-1245.76 0
-1244.26 0
-1242.76 0
-1241.26 0
-1239.75 0
-1238.25 0
-1236.75 0
-1235.25 0
-1233.75 0
-1232.25 0
-1230.75 0
-1229.25 0
-1227.75 0
-1226.25 0
-1224.74 0
-1223.24 0
-1221.74 0
-1220.24 0
-1218.74 0
-1217.24 0
-1215.74 0
-1214.24 0
-1212.74 0
-1211.24 0
-1209.74 0
-1208.23 0
-1206.73 0
-1205.23 0
-1203.73 0
-1202.23 0
-1200.73 0
-1199.23 0
-1197.73 0
-1196.23 0
-1194.73 0
-1193.23 0
-1191.72 0
-1190.22 0
-1188.72 0
-1187.22 0
-1185.72 0
-1184.22 0
-1182.72 0
-1181.22 0
-1179.72 0
-1178.22 0
-1176.72 0
-1175.21 0
-1173.71 0
-1172.21 0
-1170.71 0
-1169.21 0
-1167.71 0
-1166.21 0
-1164.71 0
-1163.21 0
-1161.71 0
-1160.21 0
-1158.7 0
-1157.2 0
-1155.7 0
-1154.2 0
-1152.7 0
-1151.2 0
-1149.7 0
-1148.2 0
-1146.7 0
-1145.2 0
-1143.7 0
-1142.19 0
-1140.69 0
-1139.19 0
-1137.69 0
-1136.19 0
-1134.69 0
-1133.19 0
-1131.69 0
-1130.19 0
-1128.69 0
-1127.19 0
-1125.68 0
-1124.18 0
-1122.68 0
-1121.18 0
-1119.68 0
-1118.18 0
-1116.68 0
-1115.18 0
-1113.68 0
-1112.18 0
-1110.68 0
-1109.17 0
-1107.67 0
-1106.17 0
-1104.67 0
-1103.17 0
-1101.67 0
-1100.17 0
-1098.67 0
-1097.17 0
-1095.67 0
-1094.17 0
-1092.66 0
-1091.16 0
-1089.66 0
-1088.16 0
-1086.66 0
-1085.16 0
-1083.66 0
-1082.16 0
-1080.66 0
-1079.16 0
-1077.66 0
-1076.15 0
-1074.65 0
-1073.15 0
-1071.65 0
-1070.15 0
-1068.65 0
-1067.15 0
-1065.65 0
-1064.15 0
-1062.65 0
-1061.15 0
-1059.64 0
-1058.14 0
-1056.64 0
-1055.14 0
-1053.64 0
-1052.14 0
-1050.64 0
-1049.14 0
-1047.64 0
-1046.14 0
-1044.64 0
-1043.13 0
-1041.63 0
-1040.13 0
-1038.63 0
-1037.13 0
-1035.63 0
-1034.13 0
-1032.63 0
-1031.13 0
-1029.63 0
-1028.13 0
-1026.62 0
-1025.12 0
-1023.62 0
-1022.12 0
-1020.62 0
-1019.12 0
-1017.62 0
-1016.12 0
-1014.62 0
-1013.12 0
-1011.62 0
-1010.11 0
-1008.61 0
-1007.11 0
-1005.61 0
-1004.11 0
-1002.61 0
-1001.11 0
-999.608 0
-998.107 0
-996.606 0
-995.105 0
-993.604 0
-992.103 0
-990.603 0
-989.102 0
-987.601 0
-986.1 0
-984.599 0
-983.098 0
-981.597 0
-980.096 0
-978.595 0
-977.094 0
-975.593 0
-974.093 0
-972.592 0
-971.091 0
-969.59 0
-968.089 0
-966.588 0
-965.087 0
-963.586 0
-962.085 0
-960.584 0
-959.083 0
-957.582 0
-956.082 0
-954.581 0
-953.08 0
-951.579 0
-950.078 0
-948.577 0
-947.076 0
-945.575 0
-944.074 0
-942.573 0
-941.072 0
-939.572 0
-938.071 0
-936.57 0
-935.069 0
-933.568 0
-932.067 0
-930.566 0
-929.065 0
-927.564 0
-926.063 0
-924.562 0
-923.061 0
-921.561 0
-920.06 0
-918.559 0
-917.058 0
-915.557 0
-914.056 0
-912.555 0
-911.054 0
-909.553 0
-908.052 0
-906.551 0
-905.051 0
-903.55 0
-902.049 0
-900.548 0
-899.047 0
-897.546 0
-896.045 0
-894.544 0
-893.043 0
-891.542 0
-890.041 0
-888.54 0
-887.04 0
-885.539 0
-884.038 0
-882.537 0
-881.036 0
-879.535 0
-878.034 0
-876.533 0
-875.032 0
-873.531 0
-872.03 0
-870.53 0
-869.029 0
-867.528 0
-866.027 0
-864.526 0
-863.025 0
-861.524 0
-860.023 0
-858.522 0
-857.021 0
-855.52 0
-854.019 0
-852.519 0
-851.018 0
-849.517 0
-848.016 0
-846.515 0
-845.014 0
-843.513 0
-842.012 0
-840.511 0
-839.01 0
-837.509 0
-836.009 0
-834.508 0
-833.007 0
-831.506 0
-830.005 0
-828.504 0
-827.003 0
-825.502 0
-824.001 0
-822.5 0
-820.999 0
-819.498 0
-817.998 0
-816.497 0
-814.996 0
-813.495 0
-811.994 0
-810.493 0
-808.992 0
-807.491 0
-805.99 0
-804.489 0
-802.988 0
-801.488 0
-799.987 0
-798.486 0
-796.985 0
-795.484 0
-793.983 0
-792.482 0
-790.981 0
-789.48 0
-787.979 0
-786.478 0
-784.977 0
-783.477 0
-781.976 0
-780.475 0
-778.974 0
-777.473 0
-775.972 0
-774.471 0
-772.97 0
-771.469 0
-769.968 0
-768.467 0
-766.967 0
-765.466 0
-763.965 0
-762.464 0
-760.963 0
-759.462 0
-757.961 0
-756.46 0
-754.959 0
-753.458 0
-751.957 0
-750.456 0
-748.956 0
-747.455 0
-745.954 0
-744.453 0
-742.952 0
-741.451 0
-739.95 0
-738.449 0
-736.948 0
-735.447 0
-733.946 0
-732.446 0
-730.945 0
-729.444 0
-727.943 0
-726.442 0
-724.941 0
-723.44 0
-721.939 0
-720.438 0
-718.937 0
-717.436 0
-715.935 0
-714.435 0
-712.934 0
-711.433 0
-709.932 0
-708.431 0
-706.93 0
-705.429 0
-703.928 0
-702.427 0
-700.926 0
-699.425 0
-697.925 0
-696.424 0
-694.923 0
-693.422 0
-691.921 0
-690.42 0
-688.919 0
-687.418 0
-685.917 0
-684.416 0
-682.915 0
-681.414 0
-679.914 0
-678.413 0
-676.912 0
-675.411 0
-673.91 0
-672.409 0
-670.908 0
-669.407 0
-667.906 0
-666.405 0
-664.904 0
-663.404 0
-661.903 0
-660.402 0
-658.901 0
-657.4 0
-655.899 0
-654.398 0
-652.897 0
-651.396 0
-649.895 0
-648.394 0
-646.893 0
-645.393 0
-643.892 0
-642.391 0
-640.89 0
-639.389 0
-637.888 0
-636.387 0
-634.886 0
-633.385 0
-631.884 0
-630.383 0
-628.883 0
-627.382 0
-625.881 0
-624.38 0
-622.879 0
-621.378 0
-619.877 0
-618.376 0
-616.875 0
-615.374 0
-613.873 0
-612.372 0
-610.872 0
-609.371 0
-607.87 0
-606.369 0
-604.868 0
-603.367 0
-601.866 0
-600.365 0
-598.864 0
-597.363 0
-595.862 0
-594.362 0
-592.861 0
-591.36 0
-589.859 0
-588.358 0
-586.857 0
-585.356 0
-583.855 0
-582.354 0
-580.853 0
-579.352 0
-577.851 0
-576.351 0
-574.85 0
-573.349 0
-571.848 0
-570.347 0
-568.846 0
-567.345 0
-565.844 0
-564.343 0
-562.842 0
-561.341 0
-559.841 0
-558.34 0
-556.839 0
-555.338 0
-553.837 0
-552.336 0
-550.835 0
-549.334 0
-547.833 0
-546.332 0
-544.831 0
-543.33 0
-541.83 0
-540.329 0
-538.828 0
-537.327 0
-535.826 0
-534.325 0
-532.824 0
-531.323 0
-529.822 0
-528.321 0
-526.82 0
-525.32 4.29036e-05
-523.819 4.12099e-05
-522.318 4.08711e-05
-520.817 4.25649e-05
-519.316 4.45974e-05
-517.815 4.45974e-05
-516.314 4.59524e-05
-514.813 4.79849e-05
-513.312 4.69687e-05
-511.811 4.59524e-05
-510.31 4.56137e-05
-508.809 4.59524e-05
-507.309 4.56137e-05
-505.808 4.42586e-05
-504.307 4.35811e-05
-502.806 4.32424e-05
-501.305 4.59524e-05
-499.804 4.52749e-05
-498.303 4.42587e-05
-496.802 4.29036e-05
-495.301 4.25649e-05
-493.8 4.32424e-05
-492.299 0
-490.799 2.71736e-322
-489.298 0.0001094
-487.797 0.000111778
-486.296 0.000112076
-484.795 0.000113859
-483.294 0.000114454
-481.793 0.000113859
-480.292 0.000115346
-478.791 0.000116535
-477.29 0.000116832
-475.789 0.000117427
-474.288 0.000118318
-472.788 0.000120102
-471.287 0.00011921
-469.786 0.000121589
-468.285 0.000121589
-466.784 0.000123967
-465.283 0.00012367
-463.782 0.000124264
-462.281 0.000124859
-460.78 0.000123967
-459.279 0.000124561
-457.778 0.000123967
-456.278 0.000123372
-454.777 0.000123372
-453.276 0.000123075
-451.775 0.000121886
-450.274 0.000120102
-448.773 0.000120102
-447.272 0.000120399
-445.771 0.000121589
-444.27 0.000119805
-442.769 0.000118913
-441.268 0.000120102
-439.767 0.000121886
-438.267 0.000120697
-436.766 0.000118913
-435.265 0.000115643
-433.764 0.000114454
-432.263 0.000112967
-430.762 0.000110886
-429.261 0.000110292
-427.76 0.000109103
-426.259 0.000106427
-424.758 0.000104941
-423.257 0.000104049
-421.757 0.000101968
-420.256 0.000100482
-418.755 9.98869e-05
-417.254 9.92924e-05
-415.753 9.69141e-05
-414.252 9.66168e-05
-412.751 9.51304e-05
-411.25 9.60223e-05
-409.749 9.3644e-05
-408.248 9.3644e-05
-406.747 9.42386e-05
-405.246 9.33467e-05
-403.746 9.21576e-05
-402.245 8.91848e-05
-400.744 8.82929e-05
-399.243 8.65092e-05
-397.742 8.65092e-05
-396.241 8.4131e-05
-394.74 8.29418e-05
-393.239 8.26446e-05
-391.738 8.205e-05
-390.237 8.08609e-05
-388.736 7.93745e-05
-387.236 7.93745e-05
-385.735 7.90772e-05
-384.234 7.93745e-05
-382.733 7.87799e-05
-381.232 7.72935e-05
-379.731 7.84826e-05
-378.23 7.93745e-05
-376.729 7.96717e-05
-375.228 7.9969e-05
-373.727 8.08609e-05
-372.226 8.205e-05
-370.725 8.29418e-05
-369.225 8.35364e-05
-367.724 8.29418e-05
-366.223 8.26446e-05
-364.722 8.17527e-05
-363.221 8.29418e-05
-361.72 8.14554e-05
-360.219 8.29418e-05
-358.718 8.23473e-05
-357.217 8.205e-05
-355.716 8.38337e-05
-354.215 8.44282e-05
-352.715 8.65092e-05
-351.214 8.82929e-05
-349.713 9.06712e-05
-348.212 9.00766e-05
-346.711 8.91848e-05
-345.21 9.1563e-05
-343.709 9.18603e-05
-342.208 9.06712e-05
-340.707 9.21576e-05
-339.206 9.12658e-05
-337.705 9.12658e-05
-336.205 9.03739e-05
-334.704 9.09685e-05
-333.203 9.18603e-05
-331.702 9.1563e-05
-330.201 9.09685e-05
-328.7 9.1563e-05
-327.199 9.12658e-05
-325.698 9.03739e-05
-324.197 9.24549e-05
-322.696 9.39413e-05
-321.195 9.48331e-05
-319.694 9.54277e-05
-318.194 9.69141e-05
-316.693 9.86978e-05
-315.192 9.84005e-05
-313.691 9.95897e-05
-312.19 0.000100184
-310.689 9.95897e-05
-309.188 9.92924e-05
-307.687 9.86978e-05
-306.186 9.86978e-05
-304.685 9.84005e-05
-303.184 9.7806e-05
-301.684 9.86978e-05
-300.183 0.000100184
-298.682 0.000103752
-297.181 0.000105833
-295.68 0.000106427
-294.179 0.000107319
-292.678 0.000109697
-291.177 0.000111778
-289.676 0.00011267
-288.175 0.00011267
-286.674 0.000114751
-285.173 0.000115048
-283.673 0.000116535
-282.172 0.000118021
-280.671 0.000120697
-279.17 0.000121886
-277.669 0.000123372
-276.168 0.000124264
-274.667 0.000127237
-273.166 0.000129615
-271.665 0.000132885
-270.164 0.000136453
-268.663 0.000138534
-267.163 0.000141209
-265.662 0.000145074
-264.161 0.000147155
-262.66 0.000150425
-261.159 0.000155479
-259.658 0.000158452
-258.157 0.000162614
-256.656 0.000164992
-255.155 0.000168262
-253.654 0.000173018
-252.153 0.00017718
-250.652 0.00018164
-249.152 0.000184315
-247.651 0.000190558
-246.15 0.000196504
-244.649 0.000200666
-243.148 0.000204828
-241.647 0.000211665
-240.146 0.000216422
-238.645 0.00022207
-237.144 0.000227421
-235.643 0.00023307
-234.142 0.00023961
-232.642 0.00024942
-231.141 0.000258636
-229.64 0.000266365
-228.139 0.000274987
-226.638 0.000285689
-225.137 0.000294013
-223.636 0.000305904
-222.135 0.000316309
-220.634 0.000324633
-219.133 0.00033474
-217.632 0.000348415
-216.131 0.000361198
-214.631 0.000371009
-213.13 0.000387062
-211.629 0.000401034
-210.128 0.000417682
-208.627 0.000431357
-207.126 0.000448897
-205.625 0.000467328
-204.124 0.000484571
-202.623 0.000503894
-201.122 0.000524704
-199.621 0.000542541
-198.121 0.000562756
-196.62 0.000586539
-195.119 0.000609429
-193.618 0.000634996
-192.117 0.000658184
-190.616 0.000681075
-189.115 0.000707236
-187.614 0.000731613
-186.113 0.000758963
-184.612 0.000785421
-183.111 0.000813366
-181.61 0.000843986
-180.11 0.000874606
-178.609 0.000906712
-177.108 0.000939116
-175.607 0.000972709
-174.106 0.00100749
-172.605 0.00104198
-171.104 0.00107646
-169.603 0.00111273
-168.102 0.00114721
-166.601 0.0011811
-165.1 0.00121589
-163.6 0.00125037
-162.099 0.00128515
-160.598 0.00132023
-159.097 0.00135739
-157.596 0.00139188
-156.095 0.00142696
-154.594 0.0014656
-153.093 0.00150247
-151.592 0.00153665
-150.091 0.00157233
-148.59 0.00160741
-147.089 0.0016416
-145.589 0.00167519
-144.088 0.00170938
-142.587 0.00174208
-141.086 0.00177597
-139.585 0.00180778
-138.084 0.00183988
-136.583 0.00187169
-135.082 0.00190142
-133.581 0.00192966
-132.08 0.00195761
-130.579 0.00198674
-129.079 0.0020132
-127.578 0.00203966
-126.077 0.00206493
-124.576 0.00208811
-123.075 0.0021119
-121.574 0.00213419
-120.073 0.00215619
-118.572 0.00217581
-117.071 0.00219603
-115.57 0.00221803
-114.069 0.00223586
-112.568 0.00225221
-111.068 0.00227332
-109.567 0.00228878
-108.066 0.00230572
-106.565 0.00232297
-105.064 0.00234199
-103.563 0.00235894
-102.062 0.00237351
-100.561 0.00239105
-99.0603 0.0024065
-97.5593 0.00242107
-96.0584 0.00243861
-94.5575 0.00245437
-93.0566 0.00247072
-91.5557 0.00248439
-90.0548 0.00250371
-88.5539 0.00251947
-87.053 0.0025382
-85.552 0.00255722
-84.0511 0.00257595
-82.5502 0.00259676
-81.0493 0.00261787
-79.5484 0.00263987
-78.0475 0.00266187
-76.5466 0.00268565
-75.0456 0.00271003
-73.5447 0.00273589
-72.0438 0.00276354
-70.5429 0.00279238
-69.042 0.00282181
-67.5411 0.00285391
-66.0402 0.00288721
-64.5393 0.0029214
-63.0383 0.00295529
-61.5374 0.00299274
-60.0365 0.00303199
-58.5356 0.00306974
-57.0347 0.00310839
-55.5338 0.0031506
-54.0329 0.00319133
-52.532 0.00323176
-51.031 0.00327606
-49.5301 0.00331976
-48.0292 0.00336256
-46.5283 0.00340894
-45.0274 0.00345561
-43.5265 0.00350258
-42.0256 0.00355104
-40.5246 0.00359772
-39.0237 0.00364498
-37.5228 0.00369255
-36.0219 0.00374041
-34.521 0.00378887
-33.0201 0.00383316
-31.5192 0.00387775
-30.0183 0.00392205
-28.5173 0.00396427
-27.0164 0.00400232
-25.5155 0.00404215
-24.0146 0.00407694
-22.5137 0.00411231
-21.0128 0.00414472
-19.5119 0.00417682
-18.011 0.00420714
-16.51 0.00423568
-15.0091 0.00425917
-13.5082 0.00428028
-12.0073 0.00430198
-10.5064 0.00432189
-9.00548 0.00433587
-7.50456 0.00434954
-6.00365 0.00436114
-4.50274 0.00436827
-3.00183 0.00437273
-1.50091 0.00437541
0 0.00437571
1.50091 0.00437184
3.00183 0.0043656
4.50274 0.00435638
6.00365 0.00434657
7.50456 0.00432903
9.00548 0.00431536
10.5064 0.00429365
12.0073 0.00426749
13.5082 0.00424222
15.0091 0.0042116
16.51 0.00418069
18.011 0.00414472
19.5119 0.00410696
21.0128 0.00406623
22.5137 0.00402283
24.0146 0.00397705
25.5155 0.00393156
27.0164 0.00387597
28.5173 0.00382841
30.0183 0.00377192
31.5192 0.00371247
33.0201 0.0036545
34.521 0.00359326
36.0219 0.00353172
37.5228 0.0034678
39.0237 0.0034024
40.5246 0.00333938
42.0256 0.00327635
43.5265 0.00321333
45.0274 0.00314912
46.5283 0.00308669
48.0292 0.00302485
49.5301 0.00295975
51.031 0.00289672
52.532 0.00283489
54.0329 0.00277186
55.5338 0.00271092
57.0347 0.00264938
58.5356 0.00259171
60.0365 0.00253493
61.5374 0.00248172
63.0383 0.0024291
64.5393 0.00238064
66.0402 0.00233189
67.5411 0.00228789
69.042 0.00224567
70.5429 0.00220376
72.0438 0.00216422
73.5447 0.00212706
75.0456 0.00209317
76.5466 0.00205868
78.0475 0.00202806
79.5484 0.00199982
81.0493 0.00197307
82.5502 0.0019478
84.0511 0.0019255
85.552 0.00190588
87.053 0.00188566
88.5539 0.00186813
90.0548 0.00185296
91.5557 0.00183661
93.0566 0.00182264
94.5575 0.00180807
96.0584 0.00179797
97.5593 0.00178697
99.0603 0.00177953
100.561 0.00177062
102.062 0.00176348
103.563 0.00175605
105.064 0.00174832
106.565 0.00174445
108.066 0.00173851
109.567 0.00173137
111.068 0.00172275
112.568 0.00171651
114.069 0.00171175
115.57 0.00170581
117.071 0.00169838
118.572 0.00169065
120.073 0.00168292
121.574 0.001674
123.075 0.00166389
124.576 0.0016523
126.077 0.0016407
127.578 0.00162465
129.079 0.00161365
130.579 0.0015973
132.08 0.00157976
133.581 0.00156311
135.082 0.0015429
136.583 0.00152328
138.084 0.00150366
139.585 0.00148195
141.086 0.00145906
142.587 0.00143617
144.088 0.00141061
145.589 0.00138563
147.089 0.00136096
148.59 0.00133242
150.091 0.00130388
151.592 0.00127326
153.093 0.00124294
154.594 0.00121113
156.095 0.00117843
157.596 0.00114781
159.097 0.00111392
160.598 0.00107795
162.099 0.00104257
163.6 0.00100868
165.1 0.000974493
166.601 0.000939711
168.102 0.00090582
169.603 0.000874308
171.104 0.000842797
172.605 0.000811879
174.106 0.000782448
175.607 0.000751828
177.108 0.000722992
178.609 0.000693561
180.11 0.000665913
181.61 0.000640941
183.111 0.000615078
184.612 0.000589809
186.113 0.000564243
187.614 0.000538676
189.115 0.000516975
190.616 0.000494381
192.117 0.000472977
193.618 0.000454842
195.119 0.000437005
196.62 0.000419466
198.121 0.00040371
199.621 0.000387657
201.122 0.00037309
202.623 0.000360604
204.124 0.000348118
205.625 0.000338605
207.126 0.000330578
208.627 0.000322849
210.128 0.000314822
211.629 0.000306796
213.13 0.000302634
214.631 0.000296986
216.131 0.000292526
217.632 0.000288959
219.133 0.000286283
220.634 0.000281527
222.135 0.000276473
223.636 0.000274689
225.137 0.000272906
226.638 0.000271716
228.139 0.000271419
229.64 0.000271419
231.141 0.000270527
232.642 0.000272014
234.142 0.000274987
235.643 0.000274987
237.144 0.000274392
238.645 0.000275878
240.146 0.00027677
241.647 0.000275581
243.148 0.000275878
244.649 0.000274987
246.15 0.000274689
247.651 0.000274987
249.152 0.000274095
250.652 0.000274392
252.153 0.000273203
253.654 0.000273797
255.155 0.000272311
256.656 0.000269338
258.157 0.000267852
259.658 0.000268446
261.159 0.000265473
262.66 0.000262501
264.161 0.000260717
265.662 0.000257744
267.163 0.000255663
268.663 0.000254177
270.164 0.000248528
271.665 0.000244069
273.166 0.000240204
274.667 0.000234556
276.168 0.000230691
277.669 0.000226232
279.17 0.000221178
280.671 0.000216124
282.172 0.000210773
283.673 0.000204233
285.173 0.000200963
286.674 0.000196207
288.175 0.000189369
289.676 0.000184315
291.177 0.000178072
292.678 0.00017391
294.179 0.000168262
295.68 0.000161424
297.181 0.000158154
298.682 0.000154587
300.183 0.000149533
301.684 0.000148047
303.184 0.000143588
304.685 0.000138534
306.186 0.000134966
307.687 0.000131102
309.188 0.000127237
310.689 0.000122183
312.19 0.000118913
313.691 0.000117129
315.192 0.000114454
316.693 0.000112967
318.194 0.000112373
319.694 0.000109103
321.195 0.000108508
322.696 0.0001094
324.197 0.000109103
325.698 0.000109995
327.199 0.000108805
328.7 0.000107616
330.201 0.000105535
331.702 0.00010286
333.203 0.000104346
334.704 0.000104049
336.205 0.000104643
337.705 0.000104346
339.206 0.000105833
340.707 0.000108211
342.208 0.000109995
343.709 0.000110292
345.21 0.000112076
346.711 0.000113562
348.212 0.000114454
349.713 0.000113859
351.214 0.000117129
352.715 0.000118318
354.215 0.000116535
355.716 0.000116237
357.217 0.000115643
358.718 0.000116535
360.219 0.000114751
361.72 0.000113562
363.221 0.000112373
364.722 0.000112373
366.223 0.000111778
367.724 0.000111184
369.225 0.000111184
370.725 0.000112373
372.226 0.000111481
373.727 0.000109995
375.228 0.000110589
376.729 0.000108211
378.23 0.000108805
379.731 0.000108211
381.232 0.00010613
382.733 0.000103454
384.234 0.000100481
385.735 0.000101076
387.236 9.95896e-05
388.736 9.75087e-05
390.237 9.69141e-05
391.738 9.54277e-05
393.239 9.3644e-05
394.74 9.39413e-05
396.241 9.27522e-05
397.742 9.09685e-05
399.243 8.91848e-05
400.744 8.97793e-05
402.245 8.71038e-05
403.746 8.59147e-05
405.246 8.35364e-05
406.747 8.32391e-05
408.248 8.17527e-05
409.749 8.08609e-05
411.25 7.84826e-05
412.751 7.7888e-05
414.252 7.72935e-05
415.753 7.31315e-05
417.254 7.49152e-05
418.755 7.34288e-05
420.256 7.10505e-05
421.757 7.16451e-05
423.257 7.10505e-05
424.758 7.10505e-05
426.259 7.16451e-05
427.76 7.01587e-05
429.261 6.77804e-05
430.762 6.74832e-05
432.263 6.74832e-05
433.764 6.68886e-05
435.265 6.56995e-05
436.766 6.54022e-05
438.267 6.65913e-05
439.767 6.54022e-05
441.268 6.6294e-05
442.769 6.68886e-05
444.27 6.68886e-05
445.771 6.71859e-05
447.272 6.80777e-05
448.773 6.80777e-05
450.274 6.74832e-05
451.775 6.71859e-05
453.276 6.80777e-05
454.777 6.68886e-05
456.278 6.68886e-05
457.778 6.68886e-05
459.279 6.59967e-05
460.78 6.71859e-05
462.281 6.74832e-05
463.782 6.71859e-05
465.283 6.89696e-05
466.784 6.86723e-05
468.285 6.98614e-05
469.786 6.92669e-05
471.287 7.13478e-05
472.788 7.10505e-05
474.288 7.22397e-05
475.789 7.19424e-05
477.29 7.10505e-05
478.791 7.0456e-05
480.292 7.10505e-05
481.793 7.2537e-05
483.294 7.19424e-05
484.795 7.13478e-05
486.296 7.07533e-05
487.797 6.89696e-05
489.298 6.89696e-05
490.799 6.95641e-05
492.299 6.86723e-05
493.8 6.6294e-05
495.301 6.48076e-05
496.802 6.27266e-05
498.303 6.24293e-05
499.804 6.27266e-05
501.305 6.18348e-05
502.806 6.21321e-05
504.307 6.03484e-05
505.808 5.94565e-05
507.309 5.91592e-05
508.809 5.91592e-05
510.31 6.03484e-05
511.811 6.00511e-05
513.312 5.94565e-05
514.813 5.79701e-05
516.314 5.76728e-05
517.815 5.82674e-05
519.316 5.91592e-05
520.817 5.91592e-05
522.318 5.91592e-05
523.819 5.70783e-05
525.32 5.79701e-05
526.82 0
528.321 0
529.822 0
531.323 0
532.824 0
534.325 0
535.826 0
537.327 0
538.828 0
540.329 0
541.83 0
543.33 0
544.831 0
546.332 0
547.833 0
549.334 0
550.835 0
552.336 0
553.837 0
555.338 0
556.839 0
558.34 0
559.841 0
561.341 0
562.842 0
564.343 0
565.844 0
567.345 0
568.846 0
570.347 0
571.848 0
573.349 0
574.85 0
576.351 0
577.851 0
579.352 0
580.853 0
582.354 0
583.855 0
585.356 0
586.857 0
588.358 0
589.859 0
591.36 0
592.861 0
594.362 0
595.862 0
597.363 0
598.864 0
600.365 0
601.866 0
603.367 0
604.868 0
606.369 0
607.87 0
609.371 0
610.872 0
612.372 0
613.873 0
615.374 0
616.875 0
618.376 0
619.877 0
621.378 0
622.879 0
624.38 0
625.881 0
627.382 0
628.883 0
630.383 0
631.884 0
633.385 0
634.886 0
636.387 0
637.888 0
639.389 0
640.89 0
642.391 0
643.892 0
645.393 0
646.893 0
648.394 0
649.895 0
651.396 0
652.897 0
654.398 0
655.899 0
657.4 0
658.901 0
660.402 0
661.903 0
663.404 0
664.904 0
666.405 0
667.906 0
669.407 0
670.908 0
672.409 0
673.91 0
675.411 0
676.912 0
678.413 0
679.914 0
681.414 0
682.915 0
684.416 0
685.917 0
687.418 0
688.919 0
690.42 0
691.921 0
693.422 0
694.923 0
696.424 0
697.925 0
699.425 0
700.926 0
702.427 0
703.928 0
705.429 0
706.93 0
708.431 0
709.932 0
711.433 0
712.934 0
714.435 0
715.935 0
717.436 0
718.937 0
720.438 0
721.939 0
723.44 0
724.941 0
726.442 0
727.943 0
729.444 0
730.945 0
732.446 0
733.946 0
735.447 0
736.948 0
738.449 0
739.95 0
741.451 0
742.952 0
744.453 0
745.954 0
747.455 0
748.956 0
750.456 0
751.957 0
753.458 0
754.959 0
756.46 0
757.961 0
759.462 0
760.963 0
762.464 0
763.965 0
765.466 0
766.967 0
768.467 0
769.968 0
771.469 0
772.97 0
774.471 0
775.972 0
777.473 0
778.974 0
780.475 0
781.976 0
783.477 0
784.977 0
786.478 0
787.979 0
789.48 0
790.981 0
792.482 0
793.983 0
795.484 0
796.985 0
798.486 0
799.987 0
801.488 0
802.988 0
804.489 0
805.99 0
807.491 0
808.992 0
810.493 0
811.994 0
813.495 0
814.996 0
816.497 0
817.998 0
819.498 0
820.999 0
822.5 0
824.001 0
825.502 0
827.003 0
828.504 0
830.005 0
831.506 0
833.007 0
834.508 0
836.009 0
837.509 0
839.01 0
840.511 0
842.012 0
843.513 0
845.014 0
846.515 0
848.016 0
849.517 0
851.018 0
852.519 0
854.019 0
855.52 0
857.021 0
858.522 0
860.023 0
861.524 0
863.025 0
864.526 0
866.027 0
867.528 0
869.029 0
870.53 0
872.03 0
873.531 0
875.032 0
876.533 0
878.034 0
879.535 0
881.036 0
882.537 0
884.038 0
885.539 0
887.04 0
888.54 0
890.041 0
891.542 0
893.043 0
894.544 0
896.045 0
897.546 0
899.047 0
900.548 0
902.049 0
903.55 0
905.051 0
906.551 0
908.052 0
909.553 0
911.054 0
912.555 0
914.056 0
915.557 0
917.058 0
918.559 0
920.06 0
921.561 0
923.061 0
924.562 0
926.063 0
927.564 0
929.065 0
930.566 0
932.067 0
933.568 0
935.069 0
936.57 0
938.071 0
939.572 0
941.072 0
942.573 0
944.074 0
945.575 0
947.076 0
948.577 0
950.078 0
951.579 0
953.08 0
954.581 0
956.082 0
957.582 0
959.083 0
960.584 0
962.085 0
963.586 0
965.087 0
966.588 0
968.089 0
969.59 0
971.091 0
972.592 0
974.093 0
975.593 0
977.094 0
978.595 0
980.096 0
981.597 0
983.098 0
984.599 0
986.1 0
987.601 0
989.102 0
990.603 0
992.103 0
993.604 0
995.105 0
996.606 0
998.107 0
999.608 0
1001.11 0
1002.61 0
1004.11 0
1005.61 0
1007.11 0
1008.61 0
1010.11 0
1011.62 0
1013.12 0
1014.62 0
1016.12 0
1017.62 0
1019.12 0
1020.62 0
1022.12 0
1023.62 0
1025.12 0
1026.62 0
1028.13 0
1029.63 0
1031.13 0
1032.63 0
1034.13 0
1035.63 0
1037.13 0
1038.63 0
1040.13 0
1041.63 0
1043.13 0
1044.64 0
1046.14 0
1047.64 0
1049.14 0
1050.64 0
1052.14 0
1053.64 0
1055.14 0
1056.64 0
1058.14 0
1059.64 0
1061.15 0
1062.65 0
1064.15 0
1065.65 0
1067.15 0
1068.65 0
1070.15 0
1071.65 0
1073.15 0
1074.65 0
1076.15 0
1077.66 0
1079.16 0
1080.66 0
1082.16 0
1083.66 0
1085.16 0
1086.66 0
1088.16 0
1089.66 0
1091.16 0
1092.66 0
1094.17 0
1095.67 0
1097.17 0
1098.67 0
1100.17 0
1101.67 0
1103.17 0
1104.67 0
1106.17 0
1107.67 0
1109.17 0
1110.68 0
1112.18 0
1113.68 0
1115.18 0
1116.68 0
1118.18 0
1119.68 0
1121.18 0
1122.68 0
1124.18 0
1125.68 0
1127.19 0
1128.69 0
1130.19 0
1131.69 0
1133.19 0
1134.69 0
1136.19 0
1137.69 0
1139.19 0
1140.69 0
1142.19 0
1143.7 0
1145.2 0
1146.7 0
1148.2 0
1149.7 0
1151.2 0
1152.7 0
1154.2 0
1155.7 0
1157.2 0
1158.7 0
1160.21 0
1161.71 0
1163.21 0
1164.71 0
1166.21 0
1167.71 0
1169.21 0
1170.71 0
1172.21 0
1173.71 0
1175.21 0
1176.72 0
1178.22 0
1179.72 0
1181.22 0
1182.72 0
1184.22 0
1185.72 0
1187.22 0
1188.72 0
1190.22 0
1191.72 0
1193.23 0
1194.73 0
1196.23 0
1197.73 0
1199.23 0
1200.73 0
1202.23 0
1203.73 0
1205.23 0
1206.73 0
1208.23 0
1209.74 0
1211.24 0
1212.74 0
1214.24 0
1215.74 0
1217.24 0
1218.74 0
1220.24 0
1221.74 0
1223.24 0
1224.74 0
1226.25 0
1227.75 0
1229.25 0
1230.75 0
1232.25 0
1233.75 0
1235.25 0
1236.75 0
1238.25 0
1239.75 0
1241.26 0
1242.76 0
1244.26 0
1245.76 0
1247.26 0
1248.76 0
1250.26 0
1251.76 0
1253.26 0
1254.76 0
1256.26 0
1257.77 0
1259.27 0
1260.77 0
1262.27 0
1263.77 0
1265.27 0
1266.77 0
1268.27 0
1269.77 0
1271.27 0
1272.77 0
1274.28 0
1275.78 0
1277.28 0
1278.78 0
1280.28 0
1281.78 0
1283.28 0
1284.78 0
1286.28 0
1287.78 0
1289.28 0
1290.79 0
1292.29 0
1293.79 0
1295.29 0
1296.79 0
1298.29 0
1299.79 0
1301.29 0
1302.79 0
1304.29 0
1305.79 0
1307.3 0
1308.8 0
1310.3 0
1311.8 0
1313.3 0
1314.8 0
1316.3 0
1317.8 0
1319.3 0
1320.8 0
1322.3 0
1323.81 0
1325.31 0
1326.81 0
1328.31 0
1329.81 0
1331.31 0
1332.81 0
1334.31 0
1335.81 0
1337.31 0
1338.81 0
1340.32 0
1341.82 0
1343.32 0
1344.82 0
1346.32 0
1347.82 0
1349.32 0
1350.82 0
1352.32 0
1353.82 0
1355.32 0
1356.83 0
1358.33 0
1359.83 0
1361.33 0
1362.83 0
1364.33 0
1365.83 0
1367.33 0
1368.83 0
1370.33 0
1371.83 0
1373.34 0
1374.84 0
1376.34 0
1377.84 0
1379.34 0
1380.84 0
1382.34 0
1383.84 0
1385.34 0
1386.84 0
1388.34 0
1389.85 0
1391.35 0
1392.85 0
1394.35 0
1395.85 0
1397.35 0
1398.85 0
1400.35 0
1401.85 0
1403.35 0
1404.85 0
1406.36 0
1407.86 0
1409.36 0
1410.86 0
1412.36 0
1413.86 0
1415.36 0
1416.86 0
1418.36 0
1419.86 0
1421.36 0
1422.87 0
1424.37 0
1425.87 0
1427.37 0
1428.87 0
1430.37 0
1431.87 0
1433.37 0
1434.87 0
1436.37 0
1437.87 0
1439.38 0
1440.88 0
1442.38 0
1443.88 0
1445.38 0
1446.88 0
1448.38 0
1449.88 0
1451.38 0
1452.88 0
1454.38 0
1455.89 0
1457.39 0
1458.89 0
1460.39 0
1461.89 0
1463.39 0
1464.89 0
1466.39 0
1467.89 0
1469.39 0
1470.89 0
1472.4 0
1473.9 0
1475.4 0
1476.9 0
1478.4 0
1479.9 0
1481.4 0
1482.9 0
1484.4 0
1485.9 0
1487.4 0
1488.91 0
1490.41 0
1491.91 0
1493.41 0
1494.91 0
1496.41 0
1497.91 0
1499.41 0
1500.91 0
1502.41 0
1503.91 0
1505.42 0
1506.92 0
1508.42 0
1509.92 0
1511.42 0
1512.92 0
1514.42 0
1515.92 0
1517.42 0
1518.92 0
1520.42 0
1521.93 0
1523.43 0
1524.93 0
1526.43 0
1527.93 0
1529.43 0
1530.93 0
1532.43 0
1533.93 0
1535.43 0
1536.93 0
1538.44 0
1539.94 0
1541.44 0
1542.94 0
1544.44 0
1545.94 0
1547.44 0
1548.94 0
1550.44 0
1551.94 0
1553.44 0
1554.95 0
1556.45 0
1557.95 0
1559.45 0
1560.95 0
1562.45 0
1563.95 0
1565.45 0
1566.95 0
1568.45 0
1569.95 0
1571.46 0
1572.96 0
1574.46 0
1575.96 0
