-1574.55 2.42389e-05
-1573.05 2.59106e-05
-1571.55 2.7025e-05
-1570.05 2.59106e-05
-1568.54 2.59106e-05
-1567.04 2.45175e-05
-1565.54 2.64678e-05
-1564.04 2.64678e-05
-1562.54 2.7025e-05
-1561.04 2.7025e-05
-1559.54 2.7025e-05
-1558.04 2.64678e-05
-1556.54 2.7025e-05
-1555.03 2.53534e-05
-1553.53 2.47961e-05
-1552.03 2.36817e-05
-1550.53 2.31245e-05
-1549.03 2.20101e-05
-1547.53 2.25673e-05
-1546.03 2.22887e-05
-1544.53 2.31245e-05
-1543.03 2.28459e-05
-1541.52 2.31245e-05
-1540.02 2.39603e-05
-1538.52 2.47962e-05
-1537.02 2.59106e-05
-1535.52 2.53534e-05
-1534.02 2.67464e-05
-1532.52 2.86967e-05
-1531.02 2.75822e-05
-1529.52 2.89753e-05
-1528.01 2.75822e-05
-1526.51 2.81394e-05
-1525.01 2.61892e-05
-1523.51 2.53534e-05
-1522.01 2.61892e-05
-1520.51 2.25673e-05
-1519.01 2.28459e-05
-1517.51 2.20101e-05
-1516.01 2.11742e-05
-1514.5 2.28459e-05
-1513 2.31245e-05
-1511.5 2.22887e-05
-1510 2.31245e-05
-1508.5 2.22887e-05
-1507 2.14528e-05
-1505.5 2.25673e-05
-1504 2.17315e-05
-1502.5 2.36817e-05
-1500.99 2.36817e-05
-1499.49 2.36817e-05
-1497.99 2.25673e-05
-1496.49 2.14529e-05
-1494.99 2.22887e-05
-1493.49 2.11742e-05
-1491.99 2.11742e-05
-1490.49 2.0617e-05
-1488.99 2.17315e-05
-1487.48 2.08956e-05
-1485.98 2.0617e-05
-1484.48 2.03384e-05
-1482.98 2.20101e-05
-1481.48 2.0617e-05
-1479.98 2.11742e-05
-1478.48 2.08956e-05
-1476.98 2.17314e-05
-1475.48 2.22887e-05
-1473.97 2.22887e-05
-1472.47 2.22887e-05
-1470.97 2.31245e-05
-1469.47 2.42389e-05
-1467.97 2.36817e-05
-1466.47 2.20101e-05
-1464.97 2.0617e-05
-1463.47 2.0617e-05
-1461.97 2.08956e-05
-1460.46 2.03384e-05
-1458.96 2.14529e-05
-1457.46 2.14529e-05
-1455.96 2.28459e-05
-1454.46 2.14529e-05
-1452.96 2.36817e-05
-1451.46 2.47962e-05
-1449.96 2.42389e-05
-1448.46 2.47961e-05
-1446.95 2.45175e-05
-1445.45 2.42389e-05
-1443.95 2.25673e-05
-1442.45 2.25673e-05
-1440.95 2.39603e-05
-1439.45 2.42389e-05
-1437.95 2.47962e-05
-1436.45 2.5632e-05
-1434.95 2.59106e-05
-1433.44 2.45175e-05
-1431.94 2.50748e-05
-1430.44 2.47962e-05
-1428.94 2.45175e-05
-1427.44 2.39603e-05
-1425.94 2.39603e-05
-1424.44 2.28459e-05
-1422.94 2.20101e-05
-1421.44 2.11742e-05
-1419.93 2.22887e-05
-1418.43 2.25673e-05
-1416.93 2.17315e-05
-1415.43 2.14528e-05
-1413.93 2.22887e-05
-1412.43 2.25673e-05
-1410.93 2.11742e-05
-1409.43 2.25673e-05
-1407.92 2.36817e-05
-1406.42 2.39603e-05
-1404.92 2.20101e-05
-1403.42 2.25673e-05
-1401.92 2.17315e-05
-1400.42 2.17315e-05
-1398.92 2.17315e-05
-1397.42 2.14528e-05
-1395.92 2.20101e-05
-1394.41 2.34031e-05
-1392.91 2.47961e-05
-1391.41 2.50748e-05
-1389.91 2.64678e-05
-1388.41 2.7025e-05
-1386.91 2.59106e-05
-1385.41 2.61892e-05
-1383.91 2.67464e-05
-1382.41 2.61892e-05
-1380.9 2.53534e-05
-1379.4 2.53534e-05
-1377.9 2.5632e-05
-1376.4 2.50748e-05
-1374.9 2.50748e-05
-1373.4 2.47961e-05
-1371.9 2.42389e-05
-1370.4 2.50748e-05
-1368.9 2.53534e-05
-1367.39 2.5632e-05
-1365.89 2.47961e-05
-1364.39 2.53534e-05
-1362.89 2.5632e-05
-1361.39 2.50748e-05
-1359.89 2.61892e-05
-1358.39 2.67464e-05
-1356.89 2.5632e-05
-1355.39 2.64678e-05
-1353.88 2.61892e-05
-1352.38 2.5632e-05
-1350.88 2.73036e-05
-1349.38 2.59106e-05
-1347.88 2.53534e-05
-1346.38 2.42389e-05
-1344.88 2.50748e-05
-1343.38 2.39603e-05
-1341.88 2.42389e-05
-1340.37 2.45175e-05
-1338.87 2.59106e-05
-1337.37 2.61892e-05
-1335.87 2.59106e-05
-1334.37 2.50748e-05
-1332.87 2.67464e-05
-1331.37 2.67464e-05
-1329.87 2.64678e-05
-1328.37 2.59106e-05
-1326.86 2.61892e-05
-1325.36 2.42389e-05
-1323.86 2.28459e-05
-1322.36 2.14529e-05
-1320.86 2.20101e-05
-1319.36 2.28459e-05
-1317.86 2.28459e-05
-1316.36 2.22887e-05
-1314.86 2.28459e-05
-1313.35 2.11742e-05
-1311.85 1.95026e-05
-1310.35 2.00598e-05
-1308.85 2.14529e-05
-1307.35 2.03384e-05
-1305.85 2.03384e-05
-1304.35 2.03384e-05
-1302.85 1.89454e-05
-1301.35 2.00598e-05
-1299.84 2.03384e-05
-1298.34 2.14529e-05
-1296.84 2.0617e-05
-1295.34 2.14528e-05
-1293.84 2.25673e-05
-1292.34 2.28459e-05
-1290.84 2.28459e-05
-1289.34 2.17315e-05
-1287.84 2.20101e-05
-1286.33 2.0617e-05
-1284.83 2.03384e-05
-1283.33 2.11742e-05
-1281.83 2.31245e-05
-1280.33 2.39603e-05
-1278.83 2.45175e-05
-1277.33 2.50748e-05
-1275.83 2.47961e-05
-1274.33 2.42389e-05
-1272.82 2.25673e-05
-1271.32 2.22887e-05
-1269.82 2.36817e-05
-1268.32 2.31245e-05
-1266.82 2.0617e-05
-1265.32 2.0617e-05
-1263.82 1.95026e-05
-1262.32 2.03384e-05
-1260.82 1.97812e-05
-1259.31 1.81095e-05
-1257.81 1.9224e-05
-1256.31 1.97812e-05
-1254.81 1.89454e-05
-1253.31 2.03384e-05
-1251.81 1.95026e-05
-1250.31 2.03384e-05
-1248.81 2.08956e-05
-1247.31 2.03384e-05
-1245.8 2.14528e-05
-1244.3 2.25673e-05
-1242.8 2.28459e-05
-1241.3 2.25673e-05
-1239.8 2.25673e-05
-1238.3 2.08956e-05
-1236.8 2.17314e-05
-1235.3 2.11742e-05
-1233.8 2.08956e-05
-1232.29 2.11742e-05
-1230.79 2.00598e-05
-1229.29 2.0617e-05
-1227.79 2.14528e-05
-1226.29 2.17315e-05
-1224.79 2.0617e-05
-1223.29 2.11742e-05
-1221.79 2.25673e-05
-1220.29 2.11742e-05
-1218.78 2.11742e-05
-1217.28 2.22887e-05
-1215.78 2.17315e-05
-1214.28 2.08956e-05
-1212.78 2.08956e-05
-1211.28 2.22887e-05
-1209.78 2.25673e-05
-1208.28 2.25673e-05
-1206.78 2.22887e-05
-1205.27 2.25673e-05
-1203.77 2.20101e-05
-1202.27 1.95026e-05
-1200.77 1.95026e-05
-1199.27 1.83882e-05
-1197.77 1.67165e-05
-1196.27 1.64379e-05
-1194.77 1.56021e-05
-1193.27 1.61593e-05
-1191.76 1.64379e-05
-1190.26 1.81095e-05
-1188.76 1.78309e-05
-1187.26 1.97812e-05
-1185.76 2.08956e-05
-1184.26 2.17315e-05
-1182.76 2.22887e-05
-1181.26 2.14528e-05
-1179.76 2.11742e-05
-1178.25 1.95026e-05
-1176.75 1.78309e-05
-1175.25 1.86668e-05
-1173.75 1.83882e-05
-1172.25 1.81096e-05
-1170.75 1.69951e-05
-1169.25 1.81096e-05
-1167.75 1.72737e-05
-1166.25 1.83882e-05
-1164.74 1.97812e-05
-1163.24 1.89454e-05
-1161.74 2.08956e-05
-1160.24 2.00598e-05
-1158.74 1.86668e-05
-1157.24 1.75523e-05
-1155.74 1.9224e-05
-1154.24 1.86668e-05
-1152.74 1.86668e-05
-1151.23 1.78309e-05
-1149.73 1.97812e-05
-1148.23 2.20101e-05
-1146.73 2.08956e-05
-1145.23 2.11742e-05
-1143.73 2.0617e-05
-1142.23 2.17315e-05
-1140.73 1.9224e-05
-1139.23 1.83881e-05
-1137.72 1.69951e-05
-1136.22 1.61593e-05
-1134.72 1.67165e-05
-1133.22 1.47662e-05
-1131.72 1.39304e-05
-1130.22 1.25374e-05
-1128.72 1.33732e-05
-1127.22 1.39304e-05
-1125.72 1.47662e-05
-1124.21 1.61593e-05
-1122.71 1.61593e-05
-1121.21 1.50448e-05
-1119.71 1.50448e-05
-1118.21 1.50448e-05
-1116.71 1.61593e-05
-1115.21 1.67165e-05
-1113.71 1.56021e-05
-1112.2 1.69951e-05
-1110.7 1.64379e-05
-1109.2 1.53235e-05
-1107.7 1.53235e-05
-1106.2 1.56021e-05
-1104.7 1.50448e-05
-1103.2 1.44876e-05
-1101.7 1.56021e-05
-1100.2 1.4209e-05
-1098.69 1.36518e-05
-1097.19 1.47662e-05
-1095.69 1.47662e-05
-1094.19 1.47662e-05
-1092.69 1.56021e-05
-1091.19 1.72737e-05
-1089.69 1.89454e-05
-1088.19 1.95026e-05
-1086.69 1.89454e-05
-1085.18 1.9224e-05
-1083.68 1.95026e-05
-1082.18 1.81095e-05
-1080.68 1.86668e-05
-1079.18 1.95026e-05
-1077.68 1.9224e-05
-1076.18 2.11742e-05
-1074.68 2.25673e-05
-1073.18 2.03384e-05
-1071.67 2.00598e-05
-1070.17 2.00598e-05
-1068.67 1.97812e-05
-1067.17 1.97812e-05
-1065.67 1.9224e-05
-1064.17 1.75523e-05
-1062.67 1.64379e-05
-1061.17 1.4209e-05
-1059.67 1.47663e-05
-1058.16 1.58807e-05
-1056.66 1.56021e-05
-1055.16 1.61593e-05
-1053.66 1.67165e-05
-1052.16 1.47663e-05
-1050.66 1.44876e-05
-1049.16 1.78309e-05
-1047.66 1.89454e-05
-1046.16 1.9224e-05
-1044.65 1.9224e-05
-1043.15 1.9224e-05
-1041.65 1.97812e-05
-1040.15 2.00598e-05
-1038.65 1.86668e-05
-1037.15 1.86668e-05
-1035.65 1.86668e-05
-1034.15 1.75523e-05
-1032.65 1.56021e-05
-1031.14 1.58807e-05
-1029.64 1.44876e-05
-1028.14 1.67165e-05
-1026.64 1.69951e-05
-1025.14 1.56021e-05
-1023.64 1.56021e-05
-1022.14 1.53235e-05
-1020.64 1.58807e-05
-1019.14 1.75523e-05
-1017.63 1.61593e-05
-1016.13 1.61593e-05
-1014.63 1.72737e-05
-1013.13 1.75523e-05
-1011.63 1.56021e-05
-1010.13 1.56021e-05
-1008.63 1.69951e-05
-1007.13 1.69951e-05
-1005.63 1.50448e-05
-1004.12 1.44876e-05
-1002.62 1.36518e-05
-1001.12 1.50449e-05
-999.621 1.67165e-05
-998.12 1.67165e-05
-996.619 1.72737e-05
-995.118 1.75523e-05
-993.617 1.64379e-05
-992.116 1.75523e-05
-990.614 1.72737e-05
-989.113 1.69951e-05
-987.612 1.64379e-05
-986.111 1.53235e-05
-984.61 1.44876e-05
-983.109 1.47662e-05
-981.608 1.4209e-05
-980.107 1.36518e-05
-978.606 1.47662e-05
-977.104 1.61593e-05
-975.603 1.81095e-05
-974.102 2.0617e-05
-972.601 1.97812e-05
-971.1 1.95026e-05
-969.599 2.00598e-05
-968.098 1.97812e-05
-966.597 2.00598e-05
-965.095 2.0617e-05
-963.594 2.08956e-05
-962.093 1.97812e-05
-960.592 2.08956e-05
-959.091 2.11742e-05
-957.59 2.22887e-05
-956.089 2.20101e-05
-954.588 2.22887e-05
-953.087 2.20101e-05
-951.585 2.08956e-05
-950.084 1.9224e-05
-948.583 1.95026e-05
-947.082 2.03384e-05
-945.581 1.75523e-05
-944.08 1.69951e-05
-942.579 1.86668e-05
-941.078 1.78309e-05
-939.576 1.69951e-05
-938.075 1.81095e-05
-936.574 1.86668e-05
-935.073 1.78309e-05
-933.572 1.89454e-05
-932.071 1.75523e-05
-930.57 1.81095e-05
-929.069 1.83882e-05
-927.568 1.67165e-05
-926.066 1.75523e-05
-924.565 1.61593e-05
-923.064 1.58807e-05
-921.563 1.53235e-05
-920.062 1.58807e-05
-918.561 1.75523e-05
-917.06 1.78309e-05
-915.559 1.9224e-05
-914.058 2.00598e-05
-912.556 2.0617e-05
-911.055 2.20101e-05
-909.554 2.20101e-05
-908.053 2.45175e-05
-906.552 2.28459e-05
-905.051 2.14529e-05
-903.55 2.11742e-05
-902.049 2.0617e-05
-900.547 1.97812e-05
-899.046 2.00598e-05
-897.545 1.75523e-05
-896.044 1.78309e-05
-894.543 1.78309e-05
-893.042 1.9224e-05
-891.541 1.89454e-05
-890.04 1.81095e-05
-888.539 1.9224e-05
-887.037 2.03384e-05
-885.536 2.14529e-05
-884.035 2.25673e-05
-882.534 2.22887e-05
-881.033 1.97812e-05
-879.532 1.86668e-05
-878.031 1.83882e-05
-876.53 1.89454e-05
-875.028 1.75523e-05
-873.527 1.69951e-05
-872.026 1.75523e-05
-870.525 1.89454e-05
-869.024 1.75523e-05
-867.523 1.81095e-05
-866.022 2.00598e-05
-864.521 1.81095e-05
-863.02 1.95026e-05
-861.518 1.97812e-05
-860.017 2.08956e-05
-858.516 2.03384e-05
-857.015 1.97812e-05
-855.514 2.00598e-05
-854.013 2.11742e-05
-852.512 2.08956e-05
-851.011 2.11742e-05
-849.509 2.0617e-05
-848.008 2.03384e-05
-846.507 1.89454e-05
-845.006 1.95026e-05
-843.505 1.97812e-05
-842.004 1.83881e-05
-840.503 1.78309e-05
-839.002 1.72737e-05
-837.501 1.81095e-05
-835.999 1.89454e-05
-834.498 1.78309e-05
-832.997 1.75523e-05
-831.496 1.86668e-05
-829.995 2.17315e-05
-828.494 2.17314e-05
-826.993 2.25673e-05
-825.492 2.14528e-05
-823.991 2.25673e-05
-822.489 2.11742e-05
-820.988 2.28459e-05
-819.487 2.14529e-05
-817.986 2.17315e-05
-816.485 2.17315e-05
-814.984 2.17315e-05
-813.483 2.11742e-05
-811.982 2.14529e-05
-810.48 1.95026e-05
-808.979 2.14528e-05
-807.478 2.28459e-05
-805.977 2.34031e-05
-804.476 2.42389e-05
-802.975 2.39603e-05
-801.474 2.28459e-05
-799.973 2.25673e-05
-798.471 2.42389e-05
-796.97 2.42389e-05
-795.469 2.20101e-05
-793.968 2.22887e-05
-792.467 2.14528e-05
-790.966 2.14529e-05
-789.465 2.0617e-05
-787.964 2.28459e-05
-786.463 2.11742e-05
-784.961 2.0617e-05
-783.46 2.20101e-05
-781.959 2.25673e-05
-780.458 2.20101e-05
-778.957 2.20101e-05
-777.456 2.17315e-05
-775.955 2.28459e-05
-774.454 2.22887e-05
-772.952 2.0617e-05
-771.451 2.11742e-05
-769.95 2.08956e-05
-768.449 2.17315e-05
-766.948 2.03384e-05
-765.447 1.97812e-05
-763.946 2.11742e-05
-762.445 1.9224e-05
-760.944 1.81095e-05
-759.442 1.86668e-05
-757.941 1.89454e-05
-756.44 1.81095e-05
-754.939 1.67165e-05
-753.438 1.67165e-05
-751.937 1.61593e-05
-750.436 1.58807e-05
-748.935 1.50449e-05
-747.434 1.39304e-05
-745.932 1.58807e-05
-744.431 1.61593e-05
-742.93 1.61593e-05
-741.429 1.56021e-05
-739.928 1.53235e-05
-738.427 1.58807e-05
-736.926 1.67165e-05
-735.425 1.78309e-05
-733.923 1.72737e-05
-732.422 2.00598e-05
-730.921 1.78309e-05
-729.42 1.78309e-05
-727.919 1.83882e-05
-726.418 1.83882e-05
-724.917 1.72737e-05
-723.416 1.75523e-05
-721.915 1.58807e-05
-720.413 1.61593e-05
-718.912 1.4209e-05
-717.411 1.44876e-05
-715.91 1.30946e-05
-714.409 1.33732e-05
-712.908 1.25374e-05
-711.407 1.2816e-05
-709.906 1.4209e-05
-708.404 1.19802e-05
-706.903 1.4209e-05
-705.402 1.2816e-05
-703.901 1.4209e-05
-702.4 1.47662e-05
-700.899 1.44876e-05
-699.398 1.33732e-05
-697.897 1.30946e-05
-696.396 1.30946e-05
-694.894 1.25374e-05
-693.393 1.2816e-05
-691.892 1.25374e-05
-690.391 1.2816e-05
-688.89 1.25374e-05
-687.389 1.19802e-05
-685.888 9.47268e-06
-684.387 1.08657e-05
-682.885 1.11443e-05
-681.384 9.75129e-06
-679.883 9.47268e-06
-678.382 1.00299e-05
-676.881 9.47267e-06
-675.38 1.05871e-05
-673.879 1.11443e-05
-672.378 1.14229e-05
-670.877 1.2816e-05
-669.375 1.36518e-05
-667.874 1.50449e-05
-666.373 1.47662e-05
-664.872 1.56021e-05
-663.371 1.36518e-05
-661.87 1.25374e-05
-660.369 1.44876e-05
-658.868 1.44876e-05
-657.367 1.47662e-05
-655.865 1.39304e-05
-654.364 1.33732e-05
-652.863 1.33732e-05
-651.362 1.2816e-05
-649.861 1.00299e-05
-648.36 1.17015e-05
-646.859 1.19802e-05
-645.358 1.44876e-05
-643.856 1.44876e-05
-642.355 1.53235e-05
-640.854 1.64379e-05
-639.353 1.95026e-05
-637.852 2.0617e-05
-636.351 2.0617e-05
-634.85 2.22887e-05
-633.349 2.11742e-05
-631.848 2.34031e-05
-630.346 2.34031e-05
-628.845 2.31245e-05
-627.344 2.39603e-05
-625.843 2.53534e-05
-624.342 2.59106e-05
-622.841 2.61892e-05
-621.34 2.64678e-05
-619.839 2.78608e-05
-618.337 2.81395e-05
-616.836 2.64678e-05
-615.335 2.81395e-05
-613.834 2.95325e-05
-612.333 3.12041e-05
-610.832 2.95325e-05
-609.331 2.7025e-05
-607.83 2.67464e-05
-606.329 2.73036e-05
-604.827 2.86967e-05
-603.326 2.92539e-05
-601.825 3.06469e-05
-600.324 3.03683e-05
-598.823 3.06469e-05
-597.322 3.17614e-05
-595.821 3.23186e-05
-594.32 3.31544e-05
-592.818 3.14828e-05
-591.317 3.42688e-05
-589.816 3.45474e-05
-588.315 3.42688e-05
-586.814 3.53833e-05
-585.313 3.64977e-05
-583.812 3.67763e-05
-582.311 4.03982e-05
-580.81 4.06768e-05
-579.308 4.15126e-05
-577.807 4.03982e-05
-576.306 4.09554e-05
-574.805 4.20699e-05
-573.304 4.17912e-05
-571.803 4.40201e-05
-570.302 4.37415e-05
-568.801 4.31843e-05
-567.299 4.51345e-05
-565.798 4.42987e-05
-564.297 4.40201e-05
-562.796 4.51345e-05
-561.295 4.45773e-05
-559.794 4.42987e-05
-558.293 4.54131e-05
-556.792 4.29057e-05
-555.291 4.34629e-05
-553.789 4.29057e-05
-552.288 4.15126e-05
-550.787 4.17913e-05
-549.286 4.17913e-05
-547.785 4.40201e-05
-546.284 4.48559e-05
-544.783 4.6249e-05
-543.282 4.6249e-05
-541.78 4.68062e-05
-540.279 4.54132e-05
-538.778 4.59704e-05
-537.277 4.65276e-05
-535.776 4.7642e-05
-534.275 4.87564e-05
-532.774 4.84778e-05
-531.273 4.79206e-05
-529.771 4.84778e-05
-528.27 4.81992e-05
-526.769 4.81992e-05
-525.268 4.84778e-05
-523.767 4.84778e-05
-522.266 7.99605e-05
-520.765 7.99605e-05
-519.264 8.07964e-05
-517.763 8.21894e-05
-516.261 8.21894e-05
-514.76 8.19108e-05
-513.259 8.1075e-05
-511.758 8.33038e-05
-510.257 8.46969e-05
-508.756 8.609e-05
-507.255 8.8876e-05
-505.754 8.99905e-05
-504.253 8.99905e-05
-502.751 9.27766e-05
-501.25 9.33338e-05
-499.749 9.3891e-05
-498.248 9.50054e-05
-496.747 9.44482e-05
-495.246 9.61199e-05
-493.745 9.5284e-05
-492.244 9.5284e-05
-490.743 9.63985e-05
-489.241 9.66771e-05
-487.74 9.5284e-05
-486.239 9.58412e-05
-484.738 9.63985e-05
-483.237 9.80701e-05
-481.736 9.86273e-05
-480.235 9.72343e-05
-478.734 9.75129e-05
-477.233 9.86273e-05
-475.731 9.97418e-05
-474.23 0.00010002
-472.729 0.000101692
-471.228 0.000100856
-469.727 0.000101135
-468.226 0.000102528
-466.725 0.000104199
-465.224 0.000104199
-463.722 0.000103642
-462.221 0.000103642
-460.72 0.000102249
-459.219 0.000100856
-457.718 9.97418e-05
-456.217 9.97418e-05
-454.716 9.86273e-05
-453.215 9.89059e-05
-451.714 0.00010002
-450.212 0.00010002
-448.711 9.94632e-05
-447.21 9.77915e-05
-445.709 9.66771e-05
-444.208 9.44482e-05
-442.707 9.30552e-05
-441.206 9.30552e-05
-439.705 9.30552e-05
-438.203 9.22194e-05
-436.702 9.16621e-05
-435.201 9.19407e-05
-433.7 9.02691e-05
-432.199 9.08263e-05
-430.698 9.05477e-05
-429.197 9.13835e-05
-427.696 9.16621e-05
-426.194 9.11049e-05
-424.693 8.99905e-05
-423.192 8.91546e-05
-421.691 8.97119e-05
-420.19 8.97119e-05
-418.689 8.91547e-05
-417.188 8.8876e-05
-415.687 8.97119e-05
-414.186 8.83188e-05
-412.684 8.85974e-05
-411.183 8.69258e-05
-409.682 8.609e-05
-408.181 8.609e-05
-406.68 8.7483e-05
-405.179 8.69258e-05
-403.678 8.58113e-05
-402.177 8.63686e-05
-400.675 8.63686e-05
-399.174 8.63686e-05
-397.673 8.63686e-05
-396.172 8.63686e-05
-394.671 8.52541e-05
-393.17 8.58113e-05
-391.669 8.44183e-05
-390.168 8.33038e-05
-388.667 8.41397e-05
-387.165 8.35825e-05
-385.664 8.2468e-05
-384.163 8.2468e-05
-382.662 8.46969e-05
-381.161 8.44183e-05
-379.66 8.41397e-05
-378.159 8.60899e-05
-376.658 8.63686e-05
-375.156 8.91546e-05
-373.655 8.80402e-05
-372.154 8.80402e-05
-370.653 8.66472e-05
-369.152 8.33039e-05
-367.651 8.30252e-05
-366.15 8.2468e-05
-364.649 8.16322e-05
-363.148 8.2468e-05
-361.646 8.19108e-05
-360.145 7.96819e-05
-358.644 8.05178e-05
-357.143 7.99605e-05
-355.642 7.91247e-05
-354.141 8.05178e-05
-352.64 8.13536e-05
-351.139 8.21894e-05
-349.637 8.30252e-05
-348.136 8.2468e-05
-346.635 8.30252e-05
-345.134 8.30252e-05
-343.633 8.21894e-05
-342.132 8.21894e-05
-340.631 8.19108e-05
-339.13 8.13536e-05
-337.629 8.05178e-05
-336.127 8.07964e-05
-334.626 8.07964e-05
-333.125 8.21894e-05
-331.624 8.19108e-05
-330.123 8.19108e-05
-328.622 8.38611e-05
-327.121 8.2468e-05
-325.62 8.41397e-05
-324.119 8.30252e-05
-322.617 8.38611e-05
-321.116 8.33038e-05
-319.615 8.30252e-05
-318.114 8.41397e-05
-316.613 8.35825e-05
-315.112 8.33038e-05
-313.611 8.27466e-05
-312.11 8.49755e-05
-310.609 8.55327e-05
-309.107 8.69258e-05
-307.606 8.72044e-05
-306.105 8.85974e-05
-304.604 9.13835e-05
-303.103 9.13835e-05
-301.602 9.22193e-05
-300.101 9.41696e-05
-298.6 9.5284e-05
-297.098 9.61199e-05
-295.597 9.72343e-05
-294.096 9.91846e-05
-292.595 9.91846e-05
-291.094 9.8906e-05
-289.593 9.97418e-05
-288.092 9.97418e-05
-286.591 0.000101971
-285.09 0.000103921
-283.588 0.000105035
-282.087 0.000107264
-280.586 0.000109772
-279.085 0.000111165
-277.584 0.000114787
-276.083 0.000115901
-274.582 0.000118687
-273.081 0.000121195
-271.579 0.000123702
-270.078 0.000127603
-268.577 0.00013011
-267.076 0.000135682
-265.575 0.000142369
-264.074 0.000145155
-262.573 0.000149891
-261.072 0.000153513
-259.571 0.000162986
-258.069 0.000169115
-256.568 0.000176916
-255.067 0.00018416
-253.566 0.000191682
-252.065 0.000201991
-250.564 0.000212299
-249.063 0.000221494
-247.562 0.000232359
-246.06 0.000242111
-244.559 0.000253255
-243.058 0.000264399
-241.557 0.000276101
-240.056 0.00028836
-238.555 0.000303126
-237.054 0.000318449
-235.553 0.000335166
-234.051 0.000353554
-232.55 0.000372221
-231.049 0.000390887
-229.548 0.000410947
-228.047 0.00043435
-226.546 0.00045441
-225.045 0.000476699
-223.544 0.000497873
-222.043 0.000520997
-220.541 0.000544401
-219.04 0.000568082
-217.539 0.000593436
-216.038 0.000618789
-214.537 0.000643028
-213.036 0.000671446
-211.535 0.000697078
-210.034 0.000723546
-208.532 0.000750292
-207.031 0.000777874
-205.53 0.000806571
-204.029 0.000835546
-202.528 0.00086675
-201.027 0.00089684
-199.526 0.000930551
-198.025 0.000962313
-196.524 0.000995467
-195.022 0.0010289
-193.521 0.00106205
-192.02 0.00109632
-190.519 0.00113199
-189.018 0.00116709
-187.517 0.00119997
-186.016 0.00123423
-184.515 0.00126934
-183.013 0.00130221
-181.512 0.00133565
-180.011 0.00136824
-178.51 0.00140001
-177.009 0.00143316
-175.508 0.00146548
-174.007 0.00149446
-172.506 0.00152622
-171.005 0.00155575
-169.503 0.00158528
-168.002 0.00161091
-166.501 0.00163682
-165 0.00166524
-163.499 0.00169032
-161.998 0.00171539
-160.497 0.00173796
-158.996 0.0017608
-157.495 0.00178449
-155.993 0.00180204
-154.492 0.00182572
-152.991 0.00184439
-151.49 0.00186277
-149.989 0.00187866
-148.488 0.00189704
-146.987 0.00191209
-145.486 0.0019263
-143.985 0.00194134
-142.483 0.00195388
-140.982 0.0019706
-139.481 0.00198285
-137.98 0.0019979
-136.479 0.0020096
-134.978 0.00202409
-133.477 0.00203774
-131.976 0.00205167
-130.474 0.00206504
-128.973 0.00207619
-127.472 0.00208984
-125.971 0.00210266
-124.47 0.00211547
-122.969 0.0021269
-121.468 0.00214083
-119.967 0.00215113
-118.466 0.00216562
-116.964 0.00217872
-115.463 0.00219237
-113.962 0.0022063
-112.461 0.00222246
-110.96 0.00223695
-109.459 0.00225338
-107.958 0.00227149
-106.457 0.00228821
-104.955 0.00230799
-103.454 0.00232359
-101.953 0.0023456
-100.452 0.00236371
-98.9509 0.00238461
-97.4499 0.00240495
-95.9487 0.0024264
-94.4476 0.0024498
-92.9466 0.00247237
-91.4454 0.00249633
-89.9443 0.00252308
-88.4431 0.00255066
-86.9421 0.00257685
-85.4409 0.00260554
-83.9398 0.00263452
-82.4387 0.00266238
-80.9376 0.00269386
-79.4364 0.00272284
-77.9353 0.00275404
-76.4342 0.00278636
-74.9331 0.00281952
-73.4319 0.00285295
-71.9309 0.00288749
-70.4298 0.00292288
-68.9286 0.00295882
-67.4276 0.00299671
-65.9264 0.00303293
-64.4253 0.00306775
-62.9241 0.00310481
-61.4231 0.00314187
-59.9219 0.00317753
-58.4208 0.00321625
-56.9198 0.00325108
-55.4186 0.00328897
-53.9175 0.00332714
-52.4163 0.00336308
-50.9153 0.00340041
-49.4141 0.00343803
-47.913 0.00347285
-46.4119 0.00350517
-44.9108 0.00354083
-43.4096 0.00357176
-41.9085 0.00360185
-40.4074 0.00363166
-38.9063 0.00365924
-37.4051 0.00368794
-35.9041 0.00370995
-34.403 0.00373502
-32.9018 0.00375675
-31.4007 0.00377681
-29.8996 0.0037952
-28.3985 0.00381192
-26.8973 0.00382585
-25.3963 0.00383811
-23.8951 0.00384841
-22.394 0.00385705
-20.8928 0.00386346
-19.3918 0.0038682
-17.8907 0.00386931
-16.3895 0.00387015
-14.8885 0.0038668
-13.3873 0.00386318
-11.8862 0.00385705
-10.385 0.00384953
-8.88398 0.00384006
-7.38283 0.00383003
-5.88168 0.00381833
-4.38064 0.00380523
-2.8795 0.00378935
-1.37834 0.00377236
0.122693 0.0037523
1.62384 0.00373112
3.12499 0.00370772
4.62614 0.00368181
6.12718 0.00365562
7.62833 0.00362776
9.12948 0.00359572
10.6305 0.00356563
12.1317 0.00353303
13.6328 0.00350099
15.134 0.00346672
16.635 0.00343162
18.1361 0.00339874
19.6373 0.00336447
21.1383 0.00332825
22.6395 0.00329343
24.1406 0.00325999
25.6418 0.0032221
27.1428 0.00318728
28.644 0.00315162
30.1451 0.00311763
31.6462 0.00308308
33.1473 0.00304881
34.6485 0.00301677
36.1496 0.0029825
37.6506 0.00294712
39.1518 0.00291452
40.6529 0.00288109
42.154 0.00284933
43.6551 0.00281756
45.1563 0.0027858
46.6574 0.00275516
48.1585 0.00272479
49.6596 0.00269721
51.1608 0.0026699
52.6618 0.00264511
54.163 0.00262087
55.6641 0.00259969
57.1652 0.00257852
58.6663 0.00255762
60.1674 0.00253617
61.6686 0.00251611
63.1696 0.00249689
64.6708 0.00247794
66.1719 0.00246011
67.673 0.00244312
69.1741 0.0024264
70.6753 0.0024094
72.1764 0.00239519
73.6774 0.00238126
75.1786 0.00236761
76.6797 0.0023534
78.1808 0.00234142
79.6819 0.00233056
81.1831 0.00231635
82.6842 0.00230548
84.1853 0.00229127
85.6864 0.00228013
87.1876 0.00226787
88.6886 0.00225505
90.1898 0.00224419
91.6909 0.00223082
93.1921 0.00221884
94.6931 0.00220881
96.1942 0.0021946
97.6954 0.00218178
99.1964 0.00217008
100.698 0.00215643
102.199 0.00214473
103.7 0.0021294
105.201 0.00211575
106.702 0.0021021
108.203 0.00208538
109.704 0.00207229
111.205 0.00205501
112.707 0.00203774
114.208 0.00202297
115.709 0.00200264
117.21 0.00198592
118.711 0.0019667
120.212 0.00194552
121.713 0.00192407
123.214 0.00190401
124.715 0.00187893
126.217 0.00185386
127.718 0.00183101
129.219 0.00180455
130.72 0.00177863
132.221 0.00175105
133.722 0.00172236
135.223 0.00169366
136.724 0.00166608
138.226 0.00163682
139.727 0.00160673
141.228 0.00157915
142.729 0.00154795
144.23 0.00151758
145.731 0.00148693
147.232 0.0014574
148.733 0.00142647
150.234 0.00139332
151.736 0.00135821
153.237 0.00132562
154.738 0.00129163
156.239 0.00125875
157.74 0.00122504
159.241 0.00119105
160.742 0.00115595
162.243 0.00112335
163.745 0.00109047
165.246 0.00105704
166.747 0.00102444
168.248 0.000993796
169.749 0.000964263
171.25 0.000938074
172.751 0.000910492
174.252 0.000883188
175.753 0.000859228
177.255 0.000833039
178.756 0.000807963
180.257 0.000782053
181.758 0.000759486
183.259 0.00073664
184.76 0.000711008
186.261 0.000688719
187.762 0.000666152
189.263 0.000643864
190.765 0.000624361
192.266 0.000604023
193.767 0.000582848
195.268 0.000566132
196.769 0.000547186
198.27 0.000531027
199.771 0.000515147
201.272 0.000497873
202.773 0.000482549
204.275 0.000469733
205.776 0.000453853
207.277 0.000440758
208.778 0.000427942
210.279 0.000416519
211.78 0.000403703
213.281 0.000393116
214.782 0.000382529
216.284 0.000370827
217.785 0.000364698
219.286 0.000352161
220.787 0.000345753
222.288 0.000337394
223.789 0.000329036
225.29 0.000323743
226.791 0.000315942
228.293 0.000305912
229.794 0.000299783
231.295 0.000294489
232.796 0.000287802
234.297 0.000280837
235.798 0.000275544
237.299 0.000271086
238.8 0.000268021
240.301 0.000266907
241.803 0.000263285
243.304 0.000259384
244.805 0.000256877
246.306 0.000252141
247.807 0.000249633
249.308 0.000246011
250.809 0.000239603
252.31 0.000233752
253.812 0.000231802
255.313 0.000226787
256.814 0.000223722
258.315 0.000221215
259.816 0.000218429
261.317 0.000215086
262.818 0.000212578
264.319 0.000211185
265.82 0.000209235
267.322 0.000207563
268.823 0.00020227
270.324 0.000200041
271.825 0.00019809
273.326 0.00019419
274.827 0.000191961
276.328 0.000186946
277.829 0.000182488
279.331 0.000177195
280.832 0.000174409
282.333 0.000171901
283.834 0.000168279
285.335 0.000164936
286.836 0.000162707
288.337 0.0001602
289.838 0.000157414
291.339 0.000156021
292.841 0.000155185
294.342 0.000154349
295.843 0.000151284
297.344 0.000151006
298.845 0.000150727
300.346 0.000148777
301.847 0.000145712
303.348 0.000145433
304.85 0.000142926
306.351 0.000141812
307.852 0.000139304
309.353 0.000136797
310.854 0.000135125
312.355 0.000132339
313.856 0.00013011
315.357 0.00013011
316.858 0.000125931
318.36 0.000125652
319.861 0.000123702
321.362 0.000123145
322.863 0.000121473
324.364 0.000121195
325.865 0.000118687
327.366 0.000118687
328.867 0.000117851
330.368 0.000116458
331.87 0.000114787
333.371 0.000112279
334.872 0.000113115
336.373 0.000110329
337.874 0.00011005
339.375 0.000109772
340.876 0.000109493
342.377 0.000108936
343.879 0.000107264
345.38 0.000106986
346.881 0.000105593
348.382 0.000105035
349.883 0.000104199
351.384 0.000101971
352.885 0.000101413
354.386 0.000102249
355.887 0.000100856
357.389 9.91846e-05
358.89 9.86273e-05
360.391 9.80701e-05
361.892 9.69557e-05
363.393 9.55627e-05
364.894 9.3891e-05
366.395 9.58413e-05
367.896 9.63985e-05
369.398 9.66771e-05
370.899 9.55627e-05
372.4 9.50054e-05
373.901 9.47268e-05
375.402 9.61199e-05
376.903 9.61199e-05
378.404 9.41696e-05
379.905 9.44482e-05
381.407 9.36124e-05
382.907 9.30552e-05
384.409 9.2498e-05
385.91 9.16621e-05
387.411 8.99905e-05
388.912 8.88761e-05
390.413 8.72044e-05
391.914 8.52541e-05
393.415 8.41397e-05
394.916 8.41397e-05
396.418 8.30252e-05
397.919 8.19108e-05
399.42 8.19108e-05
400.921 8.1075e-05
402.422 8.02392e-05
403.923 7.99605e-05
405.424 7.94033e-05
406.925 7.82889e-05
408.427 7.74531e-05
409.928 7.66172e-05
411.429 7.68959e-05
412.93 7.66172e-05
414.431 7.55028e-05
415.932 7.49456e-05
417.433 7.52242e-05
418.934 7.43884e-05
420.436 7.35526e-05
421.937 7.35526e-05
423.438 7.35526e-05
424.939 7.24381e-05
426.44 7.24381e-05
427.941 7.4667e-05
429.442 7.41098e-05
430.943 7.35526e-05
432.445 7.38312e-05
433.945 7.18809e-05
435.447 7.02093e-05
436.948 7.04879e-05
438.449 6.90948e-05
439.95 6.8259e-05
441.451 6.77018e-05
442.952 6.74232e-05
444.453 6.65874e-05
445.954 6.6866e-05
447.456 6.71446e-05
448.957 6.65874e-05
450.458 6.54729e-05
451.959 6.38013e-05
453.46 6.40799e-05
454.961 6.43585e-05
456.462 6.40799e-05
457.963 6.40799e-05
459.465 6.54729e-05
460.966 6.38013e-05
462.467 6.32441e-05
463.968 6.21296e-05
465.469 6.1851e-05
466.97 6.15724e-05
468.471 5.96222e-05
469.972 6.01794e-05
471.474 5.93436e-05
472.975 6.01794e-05
474.476 6.10152e-05
475.977 5.99008e-05
477.478 5.96222e-05
478.979 5.99008e-05
480.48 5.82291e-05
481.981 5.90649e-05
483.482 5.87863e-05
484.984 5.76719e-05
486.485 5.82291e-05
487.986 5.71147e-05
489.487 5.71147e-05
490.988 5.62789e-05
492.489 5.65575e-05
493.99 5.68361e-05
495.491 5.73933e-05
496.992 5.57216e-05
498.494 5.46072e-05
499.995 5.5443e-05
501.496 5.48858e-05
502.997 5.48858e-05
504.498 5.46072e-05
505.999 5.60003e-05
507.5 5.43286e-05
509.001 5.34928e-05
510.503 5.2657e-05
512.004 5.23783e-05
513.505 5.2657e-05
515.006 5.2657e-05
516.507 5.29356e-05
518.008 5.32142e-05
519.509 5.32142e-05
521.01 5.29356e-05
522.511 5.32142e-05
524.013 5.37714e-05
525.514 5.46072e-05
527.015 5.46072e-05
528.516 5.43286e-05
530.017 5.48858e-05
531.518 5.48858e-05
533.019 5.57216e-05
534.52 5.68361e-05
536.022 5.71147e-05
537.523 5.71147e-05
539.024 5.73933e-05
540.525 5.71147e-05
542.026 5.5443e-05
543.527 5.60003e-05
545.028 5.34928e-05
546.529 5.23783e-05
548.03 5.20997e-05
549.531 5.09853e-05
551.033 5.12639e-05
552.534 5.01495e-05
554.035 5.07067e-05
555.536 5.04281e-05
557.037 5.18211e-05
558.538 5.29356e-05
560.039 5.29356e-05
561.54 5.15425e-05
563.042 5.20997e-05
564.543 5.18211e-05
566.044 5.01495e-05
567.545 4.98709e-05
569.046 5.07067e-05
570.547 4.95923e-05
572.048 5.01495e-05
573.549 4.7642e-05
575.051 4.84778e-05
576.552 4.93137e-05
578.053 4.9035e-05
579.554 4.95923e-05
581.055 4.9035e-05
582.556 4.95923e-05
584.057 4.9035e-05
585.558 4.79206e-05
587.06 4.81992e-05
588.561 4.93137e-05
590.062 4.98709e-05
591.563 4.95923e-05
593.064 4.9035e-05
594.565 5.01495e-05
596.066 4.81992e-05
597.567 4.87564e-05
599.069 4.6249e-05
600.569 4.65276e-05
602.071 4.59704e-05
603.572 4.40201e-05
605.073 4.29057e-05
606.574 4.29057e-05
608.075 4.29057e-05
609.576 4.26271e-05
611.077 4.31843e-05
612.578 4.40201e-05
614.08 4.23485e-05
615.581 4.42987e-05
617.082 4.48559e-05
618.583 4.51345e-05
620.084 4.45773e-05
621.585 4.42987e-05
623.086 4.48559e-05
624.587 4.23485e-05
626.089 4.15126e-05
627.59 4.06768e-05
629.091 4.17913e-05
630.592 4.20699e-05
632.093 4.15126e-05
633.594 4.26271e-05
635.095 4.34629e-05
636.596 4.54132e-05
638.098 4.48559e-05
639.599 4.51345e-05
641.1 4.84778e-05
642.601 4.7642e-05
644.102 4.73634e-05
645.603 4.70848e-05
647.104 4.56918e-05
648.605 4.45773e-05
650.106 4.45773e-05
651.608 4.42987e-05
653.109 4.20699e-05
654.61 4.1234e-05
656.111 4.03982e-05
657.612 4.01196e-05
659.113 4.09554e-05
660.614 3.92838e-05
662.115 3.95624e-05
663.616 4.1234e-05
665.118 4.09554e-05
666.619 4.1234e-05
668.12 4.1234e-05
669.621 4.17913e-05
671.122 4.20699e-05
672.623 4.26271e-05
674.124 4.45773e-05
675.625 4.48559e-05
677.126 4.42987e-05
678.628 4.6249e-05
680.129 4.59704e-05
681.63 4.6249e-05
683.131 4.54132e-05
684.632 4.29057e-05
686.133 4.31843e-05
687.634 4.03982e-05
689.135 4.03982e-05
690.637 3.90052e-05
692.138 3.64977e-05
693.639 3.67763e-05
695.14 3.76121e-05
696.641 3.73335e-05
698.142 3.76121e-05
699.643 3.76121e-05
701.144 3.9841e-05
702.646 4.06768e-05
704.147 4.17912e-05
705.648 4.15126e-05
707.149 4.06768e-05
708.65 4.06768e-05
710.151 4.01196e-05
711.652 4.01196e-05
713.153 3.90052e-05
714.654 3.92838e-05
716.155 3.9841e-05
717.657 3.87266e-05
719.158 3.87266e-05
720.659 3.78907e-05
722.16 3.81693e-05
723.661 3.73335e-05
725.162 3.64977e-05
726.663 3.62191e-05
728.164 3.64977e-05
729.666 3.59405e-05
731.167 3.78907e-05
732.668 3.70549e-05
734.169 3.64977e-05
735.67 3.78907e-05
737.171 3.78907e-05
738.672 3.87266e-05
740.173 3.87266e-05
741.675 3.92838e-05
743.176 3.87266e-05
744.677 3.92838e-05
746.178 3.95624e-05
747.679 3.90052e-05
749.18 3.87266e-05
750.681 3.87266e-05
752.182 3.59405e-05
753.684 3.45475e-05
755.185 3.51047e-05
756.686 3.42688e-05
758.187 3.53833e-05
759.688 3.53833e-05
761.189 3.51047e-05
762.69 3.62191e-05
764.191 3.62191e-05
765.693 3.62191e-05
767.193 3.62191e-05
768.695 3.64977e-05
770.196 3.51047e-05
771.697 3.42688e-05
773.198 3.42688e-05
774.699 3.37116e-05
776.2 3.56619e-05
777.701 3.48261e-05
779.202 3.62191e-05
780.704 3.53833e-05
782.205 3.76121e-05
783.706 3.81693e-05
785.207 3.78907e-05
786.708 3.81693e-05
788.209 3.78907e-05
789.71 3.81693e-05
791.211 3.90052e-05
792.713 3.78907e-05
794.214 3.76121e-05
795.715 3.67763e-05
797.216 3.67763e-05
798.717 3.53833e-05
800.218 3.51047e-05
801.719 3.51047e-05
803.22 3.53833e-05
804.722 3.62191e-05
806.223 3.59405e-05
807.724 3.51047e-05
809.225 3.62191e-05
810.726 3.62191e-05
812.227 3.62191e-05
813.728 3.67763e-05
815.229 3.76121e-05
816.73 3.64977e-05
818.231 3.59405e-05
819.733 3.39902e-05
821.234 3.45475e-05
822.735 3.62191e-05
824.236 3.45475e-05
825.737 3.64977e-05
827.238 3.48261e-05
828.739 3.64977e-05
830.24 3.76121e-05
831.742 3.64977e-05
833.243 3.64977e-05
834.744 3.8448e-05
836.245 3.70549e-05
837.746 3.73335e-05
839.247 3.76121e-05
840.748 4.01196e-05
842.249 3.90052e-05
843.75 3.92838e-05
845.252 4.01196e-05
846.753 4.15126e-05
848.254 4.29057e-05
849.755 4.29057e-05
851.256 4.40201e-05
852.757 4.34629e-05
854.258 4.26271e-05
855.759 4.26271e-05
857.261 4.23485e-05
858.762 4.1234e-05
860.263 4.1234e-05
861.764 4.31843e-05
863.265 4.31843e-05
864.766 4.26271e-05
866.267 4.15126e-05
867.768 4.17913e-05
869.27 4.23485e-05
870.771 4.31843e-05
872.272 4.26271e-05
873.773 4.23485e-05
875.274 4.17913e-05
876.775 4.06768e-05
878.276 4.03982e-05
879.777 4.09554e-05
881.278 4.17913e-05
882.779 4.26271e-05
884.281 4.26271e-05
885.782 4.26271e-05
887.283 4.31843e-05
888.784 4.31843e-05
890.285 4.29057e-05
891.786 4.34629e-05
893.287 4.34629e-05
894.788 4.45773e-05
896.29 4.40201e-05
897.791 4.37415e-05
899.292 4.20699e-05
900.793 4.06768e-05
902.294 4.03982e-05
903.795 4.03982e-05
905.296 4.09554e-05
906.797 3.95624e-05
908.299 3.90052e-05
909.8 3.9841e-05
911.301 3.92838e-05
912.802 4.01196e-05
914.303 4.09554e-05
915.804 4.09554e-05
917.305 4.1234e-05
918.806 4.03982e-05
920.308 4.06768e-05
921.809 3.87266e-05
923.31 3.81694e-05
924.811 3.95624e-05
926.312 3.87266e-05
927.813 3.87266e-05
929.314 3.78907e-05
930.815 3.9841e-05
932.316 4.01196e-05
933.817 4.03982e-05
935.319 4.20699e-05
936.82 4.20699e-05
938.321 4.23485e-05
939.822 4.15126e-05
941.323 4.01196e-05
942.824 4.01196e-05
944.325 3.95624e-05
945.826 3.90052e-05
947.328 3.78907e-05
948.829 3.90052e-05
950.33 3.9841e-05
951.831 3.90052e-05
953.332 4.17912e-05
954.833 4.29057e-05
956.334 4.23485e-05
957.835 4.15126e-05
959.337 4.06768e-05
960.838 3.9841e-05
962.339 3.92838e-05
963.84 3.95624e-05
965.341 3.87266e-05
966.842 3.8448e-05
968.343 3.8448e-05
969.844 3.90052e-05
971.346 3.81693e-05
972.847 3.95624e-05
974.348 3.9841e-05
975.849 3.8448e-05
977.35 3.92838e-05
978.851 3.73335e-05
980.352 3.64977e-05
981.853 3.64977e-05
983.354 3.81693e-05
984.855 3.81693e-05
986.357 3.87266e-05
987.858 3.95624e-05
989.359 4.01196e-05
990.86 3.81693e-05
992.361 4.03982e-05
993.862 4.06768e-05
995.363 4.15126e-05
996.864 4.34629e-05
998.366 4.34629e-05
999.867 4.31843e-05
1001.37 4.23485e-05
1002.87 4.17913e-05
1004.37 4.20699e-05
1005.87 4.17913e-05
1007.37 3.9841e-05
1008.87 3.87266e-05
1010.37 3.90052e-05
1011.88 3.95624e-05
1013.38 3.90052e-05
1014.88 3.76121e-05
1016.38 3.92838e-05
1017.88 3.81693e-05
1019.38 3.64977e-05
1020.88 3.64977e-05
1022.38 3.67763e-05
1023.88 3.8448e-05
1025.39 3.81693e-05
1026.89 3.67763e-05
1028.39 3.70549e-05
1029.89 3.64977e-05
1031.39 3.67763e-05
1032.89 3.76121e-05
1034.39 3.70549e-05
1035.89 3.62191e-05
1037.39 3.48261e-05
1038.9 3.59405e-05
1040.4 3.48261e-05
1041.9 3.51047e-05
1043.4 3.51047e-05
1044.9 3.45475e-05
1046.4 3.37116e-05
1047.9 3.3433e-05
1049.4 3.31544e-05
1050.9 3.23186e-05
1052.41 3.14828e-05
1053.91 3.3433e-05
1055.41 3.48261e-05
1056.91 3.3433e-05
1058.41 3.37116e-05
1059.91 3.28758e-05
1061.41 3.23186e-05
1062.91 3.25972e-05
1064.41 3.28758e-05
1065.92 3.14828e-05
1067.42 3.06469e-05
1068.92 3.204e-05
1070.42 3.14828e-05
1071.92 2.95325e-05
1073.42 2.95325e-05
1074.92 2.86967e-05
1076.42 2.98111e-05
1077.92 2.81395e-05
1079.43 2.86967e-05
1080.93 2.89753e-05
1082.43 2.84181e-05
1083.93 2.86967e-05
1085.43 3.00897e-05
1086.93 2.75822e-05
1088.43 2.5632e-05
1089.93 2.31245e-05
1091.43 2.42389e-05
1092.94 2.22887e-05
1094.44 2.03384e-05
1095.94 1.83882e-05
1097.44 1.75523e-05
1098.94 1.58807e-05
1100.44 1.58807e-05
1101.94 1.53235e-05
1103.44 1.44876e-05
1104.94 1.47662e-05
1106.45 1.36518e-05
1107.95 1.56021e-05
1109.45 1.47662e-05
1110.95 1.56021e-05
1112.45 1.56021e-05
1113.95 1.53235e-05
1115.45 1.44876e-05
1116.95 1.44876e-05
1118.46 1.47662e-05
1119.96 1.47662e-05
1121.46 1.19802e-05
1122.96 1.25374e-05
1124.46 1.22588e-05
1125.96 1.11443e-05
1127.46 1.22588e-05
1128.96 1.22588e-05
1130.46 1.25374e-05
1131.96 1.50449e-05
1133.47 1.69951e-05
1134.97 1.75523e-05
1136.47 1.81095e-05
1137.97 1.67165e-05
1139.47 1.67165e-05
1140.97 1.86668e-05
1142.47 1.78309e-05
1143.97 1.78309e-05
1145.48 1.67165e-05
1146.98 1.78309e-05
1148.48 1.69951e-05
1149.98 1.67165e-05
1151.48 1.67165e-05
1152.98 1.47662e-05
1154.48 1.44876e-05
1155.98 1.4209e-05
1157.48 1.36518e-05
1158.99 1.2816e-05
1160.49 1.33732e-05
1161.99 1.14229e-05
1163.49 9.75129e-06
1164.99 8.63686e-06
1166.49 9.47268e-06
1167.99 9.47268e-06
1169.49 1.08657e-05
1170.99 1.22588e-05
1172.5 1.17015e-05
1174 1.19802e-05
1175.5 1.33732e-05
1177 1.33732e-05
1178.5 1.4209e-05
1180 1.33732e-05
1181.5 1.44876e-05
1183 1.22588e-05
1184.5 1.22588e-05
1186.01 1.14229e-05
1187.51 1.08657e-05
1189.01 1.05871e-05
1190.51 9.19406e-06
1192.01 6.96519e-06
1193.51 5.85076e-06
1195.01 5.57215e-06
1196.51 8.07963e-06
1198.01 5.01493e-06
1199.52 6.12938e-06
1201.02 6.12938e-06
1202.52 6.12939e-06
1204.02 6.408e-06
1205.52 5.57217e-06
1207.02 5.01496e-06
1208.52 5.29356e-06
1210.02 3.34329e-06
1211.52 3.06469e-06
1213.03 3.62192e-06
1214.53 2.50748e-06
1216.03 2.50748e-06
1217.53 2.50748e-06
1219.03 1.67166e-06
1220.53 2.22887e-06
1222.03 3.34329e-06
1223.53 2.22886e-06
1225.03 1.95026e-06
1226.54 2.78608e-06
1228.04 1.11442e-06
1229.54 1.39303e-06
1231.04 2.78607e-06
1232.54 2.78608e-06
1234.04 3.34329e-06
1235.54 2.22886e-06
1237.04 3.06468e-06
1238.54 2.78608e-06
1240.05 1.11444e-06
1241.55 8.35828e-07
1243.05 1.95026e-06
1244.55 3.62191e-06
1246.05 1.95025e-06
1247.55 2.78608e-06
1249.05 1.95026e-06
1250.55 5.57225e-07
1252.05 8.35828e-07
1253.56 0
1255.06 1.67166e-06
1256.56 1.67166e-06
1258.06 1.95027e-06
1259.56 2.22887e-06
1261.06 2.78609e-06
1262.56 3.62191e-06
1264.06 1.11442e-06
1265.56 1.11443e-06
1267.07 2.22887e-06
1268.57 2.22887e-06
1270.07 8.35821e-07
1271.57 5.57205e-07
1273.07 2.78616e-07
1274.57 1.39304e-06
1276.07 3.62191e-06
1277.57 3.34331e-06
1279.07 3.62191e-06
1280.58 3.90051e-06
1282.08 5.29356e-06
1283.58 5.57216e-06
1285.08 5.85077e-06
1286.58 3.9005e-06
1288.08 4.45772e-06
1289.58 5.85076e-06
1291.08 7.52241e-06
1292.58 7.52242e-06
1294.09 9.47267e-06
1295.59 9.19406e-06
1297.09 9.47267e-06
1298.59 1.03085e-05
1300.09 1.11443e-05
1301.59 1.05871e-05
1303.09 1.19802e-05
1304.59 1.17016e-05
1306.09 1.03085e-05
1307.6 1.00299e-05
1309.1 8.91546e-06
1310.6 7.52243e-06
1312.1 9.75129e-06
1313.6 1.05871e-05
1315.1 1.08657e-05
1316.6 1.25374e-05
1318.1 1.2816e-05
1319.6 1.22588e-05
1321.11 1.47662e-05
1322.61 1.50448e-05
1324.11 1.47662e-05
1325.61 1.4209e-05
1327.11 1.58807e-05
1328.61 1.56021e-05
1330.11 1.58807e-05
1331.61 1.47662e-05
1333.11 1.36518e-05
1334.62 1.50448e-05
1336.12 1.44876e-05
1337.62 1.61593e-05
1339.12 1.61593e-05
1340.62 1.53235e-05
1342.12 1.67165e-05
1343.62 1.78309e-05
1345.12 1.58807e-05
1346.62 1.69951e-05
1348.13 1.58807e-05
1349.63 1.64379e-05
1351.13 1.81095e-05
1352.63 1.72737e-05
1354.13 1.81095e-05
1355.63 1.89454e-05
1357.13 1.78309e-05
1358.63 1.81095e-05
1360.13 1.81095e-05
1361.64 1.72737e-05
1363.14 1.69951e-05
1364.64 1.75523e-05
1366.14 1.58807e-05
1367.64 1.53235e-05
1369.14 1.56021e-05
1370.64 1.58807e-05
1372.14 1.47662e-05
1373.64 1.44876e-05
1375.15 1.33732e-05
1376.65 1.4209e-05
1378.15 1.53235e-05
1379.65 1.69951e-05
1381.15 1.53235e-05
1382.65 1.56021e-05
1384.15 1.36518e-05
1385.65 1.53235e-05
1387.15 1.4209e-05
1388.66 1.64379e-05
1390.16 1.64379e-05
1391.66 1.53235e-05
1393.16 1.64379e-05
1394.66 1.64379e-05
1396.16 1.69951e-05
1397.66 1.86668e-05
1399.16 1.95026e-05
1400.66 1.78309e-05
1402.17 1.78309e-05
1403.67 1.83882e-05
1405.17 1.95026e-05
1406.67 1.78309e-05
1408.17 1.67165e-05
1409.67 1.89454e-05
1411.17 1.95026e-05
1412.67 1.95026e-05
1414.17 1.81095e-05
1415.68 1.86668e-05
1417.18 2.11742e-05
1418.68 2.14529e-05
1420.18 2.08956e-05
1421.68 2.08956e-05
1423.18 2.08956e-05
1424.68 2.20101e-05
1426.18 2.14529e-05
1427.69 2.11742e-05
1429.19 1.95026e-05
1430.69 1.97812e-05
1432.19 2.08956e-05
1433.69 2.22887e-05
1435.19 2.17314e-05
1436.69 2.25673e-05
1438.19 2.28459e-05
1439.69 2.39603e-05
1441.19 2.5632e-05
1442.7 2.67464e-05
1444.2 2.73036e-05
1445.7 3.00897e-05
1447.2 2.86967e-05
1448.7 2.89753e-05
1450.2 2.84181e-05
1451.7 2.84181e-05
1453.2 2.86967e-05
1454.71 2.86967e-05
1456.21 2.84181e-05
1457.71 2.73036e-05
1459.21 2.78608e-05
1460.71 2.86967e-05
1462.21 2.98111e-05
1463.71 3.09255e-05
1465.21 2.95325e-05
1466.71 2.92539e-05
1468.22 2.98111e-05
1469.72 3.06469e-05
1471.22 3.204e-05
1472.72 3.204e-05
1474.22 2.98111e-05
1475.72 2.95325e-05
1477.22 2.92539e-05
1478.72 2.75822e-05
1480.22 2.53534e-05
1481.73 2.50748e-05
1483.23 2.34031e-05
1484.73 2.36817e-05
1486.23 2.36817e-05
1487.73 2.22887e-05
1489.23 2.14529e-05
1490.73 2.31245e-05
1492.23 2.36817e-05
1493.73 2.36817e-05
1495.24 2.59106e-05
1496.74 2.5632e-05
1498.24 2.47961e-05
1499.74 2.5632e-05
1501.24 2.64678e-05
1502.74 2.5632e-05
1504.24 2.64678e-05
1505.74 2.5632e-05
1507.24 2.39603e-05
1508.75 2.53534e-05
1510.25 2.53534e-05
1511.75 2.59106e-05
1513.25 2.45175e-05
1514.75 2.42389e-05
1516.25 2.47961e-05
1517.75 2.53534e-05
1519.25 2.31245e-05
1520.75 2.34031e-05
1522.26 2.34031e-05
1523.76 2.47961e-05
1525.26 2.42389e-05
1526.76 2.47961e-05
1528.26 2.61892e-05
1529.76 2.59106e-05
1531.26 2.31245e-05
1532.76 2.42389e-05
1534.26 2.5632e-05
1535.77 2.50748e-05
1537.27 2.5632e-05
1538.77 2.36817e-05
1540.27 2.22887e-05
1541.77 2.36817e-05
1543.27 2.11742e-05
1544.77 2.08956e-05
1546.27 2.14528e-05
1547.77 2.14528e-05
1549.28 2.08956e-05
1550.78 2.22887e-05
1552.28 2.28459e-05
1553.78 2.28459e-05
1555.28 2.47962e-05
1556.78 2.61892e-05
1558.28 2.5632e-05
1559.78 2.75822e-05
1561.28 2.67464e-05
1562.79 2.39603e-05
1564.29 2.31245e-05
1565.79 2.36817e-05
1567.29 2.39603e-05
1568.79 2.36817e-05
1570.29 2.22887e-05
1571.79 2.36817e-05
1573.29 2.45175e-05
1574.79 2.5632e-05
1576.3 2.45175e-05
