-1574.55 3.12549e-05
-1573.05 2.93796e-05
-1571.55 3.03172e-05
-1570.05 3.15674e-05
-1568.54 3.15674e-05
-1567.04 3.188e-05
-1565.54 3.06298e-05
-1564.04 3.09423e-05
-1562.54 3.28176e-05
-1561.04 3.40678e-05
-1559.54 3.62557e-05
-1558.04 3.65682e-05
-1556.54 3.62557e-05
-1555.03 3.5318e-05
-1553.53 3.43804e-05
-1552.03 3.37553e-05
-1550.53 3.46929e-05
-1549.03 3.28176e-05
-1547.53 3.09423e-05
-1546.03 3.06298e-05
-1544.53 3.06298e-05
-1543.03 3.09423e-05
-1541.52 3.188e-05
-1540.02 3.28176e-05
-1538.52 3.21925e-05
-1537.02 3.43804e-05
-1535.52 3.34427e-05
-1534.02 3.28176e-05
-1532.52 3.40678e-05
-1531.02 3.43804e-05
-1529.52 3.28176e-05
-1528.01 3.34427e-05
-1526.51 3.37553e-05
-1525.01 3.28176e-05
-1523.51 3.21925e-05
-1522.01 3.188e-05
-1520.51 3.188e-05
-1519.01 3.09423e-05
-1517.51 3.37553e-05
-1516.01 3.34427e-05
-1514.5 3.28176e-05
-1513 3.03172e-05
-1511.5 2.93796e-05
-1510 2.93796e-05
-1508.5 2.9067e-05
-1507 2.87545e-05
-1505.5 2.71917e-05
-1504 2.62541e-05
-1502.5 2.75043e-05
-1500.99 2.78168e-05
-1499.49 2.78168e-05
-1497.99 2.65667e-05
-1496.49 2.78168e-05
-1494.99 2.71917e-05
-1493.49 2.81294e-05
-1491.99 2.68792e-05
-1490.49 2.75043e-05
-1488.99 2.78168e-05
-1487.48 2.84419e-05
-1485.98 2.71917e-05
-1484.48 2.84419e-05
-1482.98 2.71917e-05
-1481.48 2.84419e-05
-1479.98 2.87545e-05
-1478.48 3.12549e-05
-1476.98 3.09423e-05
-1475.48 3.188e-05
-1473.97 3.09423e-05
-1472.47 3.12549e-05
-1470.97 2.96921e-05
-1469.47 3.03172e-05
-1467.97 3.00047e-05
-1466.47 2.75043e-05
-1464.97 2.78168e-05
-1463.47 2.87545e-05
-1461.97 2.81294e-05
-1460.46 2.62541e-05
-1458.96 2.9067e-05
-1457.46 2.87545e-05
-1455.96 2.75043e-05
-1454.46 2.84419e-05
-1452.96 2.78168e-05
-1451.46 2.87545e-05
-1449.96 2.81294e-05
-1448.46 2.78168e-05
-1446.95 2.53165e-05
-1445.45 2.65667e-05
-1443.95 2.75043e-05
-1442.45 2.75043e-05
-1440.95 2.5629e-05
-1439.45 2.53165e-05
-1437.95 2.50039e-05
-1436.45 2.50039e-05
-1434.95 2.53165e-05
-1433.44 2.5629e-05
-1431.94 2.65666e-05
-1430.44 2.71917e-05
-1428.94 2.87545e-05
-1427.44 2.9067e-05
-1425.94 2.9067e-05
-1424.44 3.03172e-05
-1422.94 2.9067e-05
-1421.44 2.93796e-05
-1419.93 3.09423e-05
-1418.43 3.188e-05
-1416.93 3.06298e-05
-1415.43 3.15674e-05
-1413.93 3.12549e-05
-1412.43 3.06298e-05
-1410.93 2.93796e-05
-1409.43 2.87545e-05
-1407.92 2.9067e-05
-1406.42 2.96921e-05
-1404.92 3.21925e-05
-1403.42 3.09423e-05
-1401.92 3.03172e-05
-1400.42 3.25051e-05
-1398.92 3.40678e-05
-1397.42 3.188e-05
-1395.92 3.06298e-05
-1394.41 3.09423e-05
-1392.91 2.96921e-05
-1391.41 2.96921e-05
-1389.91 2.78168e-05
-1388.41 3.03172e-05
-1386.91 3.00047e-05
-1385.41 3.00047e-05
-1383.91 2.9067e-05
-1382.41 2.96921e-05
-1380.9 3.03172e-05
-1379.4 3.06298e-05
-1377.9 3.09423e-05
-1376.4 2.96921e-05
-1374.9 3.06298e-05
-1373.4 3.03172e-05
-1371.9 2.84419e-05
-1370.4 2.81294e-05
-1368.9 2.68792e-05
-1367.39 2.65666e-05
-1365.89 2.65667e-05
-1364.39 2.68792e-05
-1362.89 2.75043e-05
-1361.39 2.75043e-05
-1359.89 3.00047e-05
-1358.39 3.03172e-05
-1356.89 2.93796e-05
-1355.39 3.03172e-05
-1353.88 2.96921e-05
-1352.38 3.03172e-05
-1350.88 2.96921e-05
-1349.38 3.03172e-05
-1347.88 2.87545e-05
-1346.38 2.81294e-05
-1344.88 2.9067e-05
-1343.38 2.96921e-05
-1341.88 2.9067e-05
-1340.37 2.59415e-05
-1338.87 2.71917e-05
-1337.37 2.68792e-05
-1335.87 2.5629e-05
-1334.37 2.78168e-05
-1332.87 2.59416e-05
-1331.37 2.68792e-05
-1329.87 2.65666e-05
-1328.37 2.62541e-05
-1326.86 2.78168e-05
-1325.36 3.00047e-05
-1323.86 2.81294e-05
-1322.36 2.65666e-05
-1320.86 2.53164e-05
-1319.36 2.65666e-05
-1317.86 2.50039e-05
-1316.36 2.34412e-05
-1314.86 2.50039e-05
-1313.35 2.50039e-05
-1311.85 2.43788e-05
-1310.35 2.71917e-05
-1308.85 2.9067e-05
-1307.35 2.9067e-05
-1305.85 2.87545e-05
-1304.35 2.96921e-05
-1302.85 2.87545e-05
-1301.35 2.81294e-05
-1299.84 2.87545e-05
-1298.34 2.96921e-05
-1296.84 3.06298e-05
-1295.34 3.06298e-05
-1293.84 3.09423e-05
-1292.34 3.12549e-05
-1290.84 3.00047e-05
-1289.34 3.188e-05
-1287.84 3.34427e-05
-1286.33 3.00047e-05
-1284.83 2.93796e-05
-1283.33 2.93796e-05
-1281.83 2.81294e-05
-1280.33 2.87545e-05
-1278.83 3.03172e-05
-1277.33 3.00047e-05
-1275.83 3.00047e-05
-1274.33 2.81294e-05
-1272.82 3.12549e-05
-1271.32 3.06298e-05
-1269.82 2.96921e-05
-1268.32 2.93796e-05
-1266.82 2.84419e-05
-1265.32 2.78168e-05
-1263.82 2.75043e-05
-1262.32 2.81294e-05
-1260.82 2.78168e-05
-1259.31 2.84419e-05
-1257.81 2.81294e-05
-1256.31 2.87545e-05
-1254.81 3.03172e-05
-1253.31 3.03172e-05
-1251.81 3.25051e-05
-1250.31 3.12549e-05
-1248.81 3.188e-05
-1247.31 3.40678e-05
-1245.8 3.34427e-05
-1244.3 3.15674e-05
-1242.8 3.15674e-05
-1241.3 3.15674e-05
-1239.8 3.06298e-05
-1238.3 2.81294e-05
-1236.8 2.84419e-05
-1235.3 2.68792e-05
-1233.8 2.53165e-05
-1232.29 2.43788e-05
-1230.79 2.18784e-05
-1229.29 2.28161e-05
-1227.79 2.31286e-05
-1226.29 2.34412e-05
-1224.79 2.5629e-05
-1223.29 2.5629e-05
-1221.79 2.5629e-05
-1220.29 2.71917e-05
-1218.78 2.78168e-05
-1217.28 2.65666e-05
-1215.78 2.5629e-05
-1214.28 2.53165e-05
-1212.78 2.43788e-05
-1211.28 2.34412e-05
-1209.78 2.37537e-05
-1208.28 2.31286e-05
-1206.78 2.2191e-05
-1205.27 2.2191e-05
-1203.77 2.31286e-05
-1202.27 2.15659e-05
-1200.77 2.06282e-05
-1199.27 2.18784e-05
-1197.77 2.09408e-05
-1196.27 2.18784e-05
-1194.77 2.06282e-05
-1193.27 2.00031e-05
-1191.76 2.12533e-05
-1190.26 2.03157e-05
-1188.76 2.12533e-05
-1187.26 2.34412e-05
-1185.76 2.43788e-05
-1184.26 2.37537e-05
-1182.76 2.31286e-05
-1181.26 2.25035e-05
-1179.76 2.40663e-05
-1178.25 2.34412e-05
-1176.75 2.40663e-05
-1175.25 2.37537e-05
-1173.75 2.34412e-05
-1172.25 2.40663e-05
-1170.75 2.18784e-05
-1169.25 2.15659e-05
-1167.75 2.09408e-05
-1166.25 2.09408e-05
-1164.74 2.09408e-05
-1163.24 2.28161e-05
-1161.74 2.18784e-05
-1160.24 2.12533e-05
-1158.74 2.2191e-05
-1157.24 2.31286e-05
-1155.74 2.40662e-05
-1154.24 2.40663e-05
-1152.74 2.31286e-05
-1151.23 2.31286e-05
-1149.73 2.43788e-05
-1148.23 2.43788e-05
-1146.73 2.37537e-05
-1145.23 2.18784e-05
-1143.73 2.25035e-05
-1142.23 2.37537e-05
-1140.73 2.25035e-05
-1139.23 2.28161e-05
-1137.72 2.28161e-05
-1136.22 2.34412e-05
-1134.72 2.31286e-05
-1133.22 2.31286e-05
-1131.72 2.40663e-05
-1130.22 2.5629e-05
-1128.72 2.68792e-05
-1127.22 2.75043e-05
-1125.72 2.68792e-05
-1124.21 2.71918e-05
-1122.71 2.71918e-05
-1121.21 2.62541e-05
-1119.71 2.71917e-05
-1118.21 2.68792e-05
-1116.71 2.59415e-05
-1115.21 2.59415e-05
-1113.71 2.53165e-05
-1112.2 2.5629e-05
-1110.7 2.65666e-05
-1109.2 2.59415e-05
-1107.7 2.5629e-05
-1106.2 2.68792e-05
-1104.7 2.50039e-05
-1103.2 2.5629e-05
-1101.7 2.46914e-05
-1100.2 2.43788e-05
-1098.69 2.5629e-05
-1097.19 2.62541e-05
-1095.69 2.53164e-05
-1094.19 2.28161e-05
-1092.69 2.25035e-05
-1091.19 2.25035e-05
-1089.69 2.25035e-05
-1088.19 2.34412e-05
-1086.69 2.2191e-05
-1085.18 2.2191e-05
-1083.68 2.34411e-05
-1082.18 2.34412e-05
-1080.68 2.34412e-05
-1079.18 2.34412e-05
-1077.68 2.15659e-05
-1076.18 2.2191e-05
-1074.68 2.25035e-05
-1073.18 2.2191e-05
-1071.67 2.09408e-05
-1070.17 1.9378e-05
-1068.67 1.96906e-05
-1067.17 1.90655e-05
-1065.67 1.96906e-05
-1064.17 1.87529e-05
-1062.67 1.9378e-05
-1061.17 1.90655e-05
-1059.67 1.9378e-05
-1058.16 1.84404e-05
-1056.66 1.87529e-05
-1055.16 2.06282e-05
-1053.66 2.18784e-05
-1052.16 2.18784e-05
-1050.66 2.28161e-05
-1049.16 2.15659e-05
-1047.66 2.12533e-05
-1046.16 2.2191e-05
-1044.65 2.40663e-05
-1043.15 2.43788e-05
-1041.65 2.37537e-05
-1040.15 2.25035e-05
-1038.65 2.5629e-05
-1037.15 2.53165e-05
-1035.65 2.5629e-05
-1034.15 2.34412e-05
-1032.65 2.18784e-05
-1031.14 2.12533e-05
-1029.64 2.34412e-05
-1028.14 2.18784e-05
-1026.64 2.2191e-05
-1025.14 2.46914e-05
-1023.64 2.50039e-05
-1022.14 2.46914e-05
-1020.64 2.62541e-05
-1019.14 2.53164e-05
-1017.63 2.50039e-05
-1016.13 2.25035e-05
-1014.63 2.2191e-05
-1013.13 2.06282e-05
-1011.63 2.15659e-05
-1010.13 2.31286e-05
-1008.63 2.15659e-05
-1007.13 2.28161e-05
-1005.63 2.37537e-05
-1004.12 2.46914e-05
-1002.62 2.81294e-05
-1001.12 2.84419e-05
-999.621 2.84419e-05
-998.12 2.78168e-05
-996.619 2.62541e-05
-995.118 2.65666e-05
-993.617 2.50039e-05
-992.116 2.34412e-05
-990.614 2.28161e-05
-989.113 2.40663e-05
-987.612 2.31286e-05
-986.111 2.31286e-05
-984.61 2.37537e-05
-983.109 2.34412e-05
-981.608 2.28161e-05
-980.107 2.43788e-05
-978.606 2.46913e-05
-977.104 2.53164e-05
-975.603 2.5629e-05
-974.102 2.59415e-05
-972.601 2.59415e-05
-971.1 2.5629e-05
-969.599 2.40663e-05
-968.098 2.2191e-05
-966.597 2.2191e-05
-965.095 2.34411e-05
-963.594 2.18784e-05
-962.093 2.2816e-05
-960.592 2.06282e-05
-959.091 2.09408e-05
-957.59 2.03157e-05
-956.089 2.09408e-05
-954.588 2.03157e-05
-953.087 2.37537e-05
-951.585 2.09408e-05
-950.084 1.9378e-05
-948.583 2.03157e-05
-947.082 2.18784e-05
-945.581 2.25035e-05
-944.08 2.12533e-05
-942.579 2.28161e-05
-941.078 2.40663e-05
-939.576 2.50039e-05
-938.075 2.43788e-05
-936.574 2.34412e-05
-935.073 2.25035e-05
-933.572 2.25035e-05
-932.071 2.40663e-05
-930.57 2.37537e-05
-929.069 2.43788e-05
-927.568 2.53165e-05
-926.066 2.50039e-05
-924.565 2.40663e-05
-923.064 2.50039e-05
-921.563 2.5629e-05
-920.062 2.59416e-05
-918.561 2.62541e-05
-917.06 2.46914e-05
-915.559 2.50039e-05
-914.058 2.31286e-05
-912.556 2.18784e-05
-911.055 2.37537e-05
-909.554 2.34412e-05
-908.053 2.40663e-05
-906.552 2.40663e-05
-905.051 2.43788e-05
-903.55 2.31286e-05
-902.049 2.34412e-05
-900.547 2.50039e-05
-899.046 2.53165e-05
-897.545 2.43788e-05
-896.044 2.53164e-05
-894.543 2.65666e-05
-893.042 2.59415e-05
-891.541 2.65666e-05
-890.04 2.81294e-05
-888.539 2.9067e-05
-887.037 2.75043e-05
-885.536 2.84419e-05
-884.035 2.81294e-05
-882.534 2.81294e-05
-881.033 2.68792e-05
-879.532 2.5629e-05
-878.031 2.71918e-05
-876.53 3.00047e-05
-875.028 3.00047e-05
-873.527 2.9067e-05
-872.026 2.9067e-05
-870.525 2.71917e-05
-869.024 2.68792e-05
-867.523 2.53165e-05
-866.022 2.46914e-05
-864.521 2.50039e-05
-863.02 2.37537e-05
-861.518 2.31286e-05
-860.017 2.28161e-05
-858.516 2.37537e-05
-857.015 2.43788e-05
-855.514 2.34412e-05
-854.013 2.46914e-05
-852.512 2.2191e-05
-851.011 2.18784e-05
-849.509 2.53164e-05
-848.008 2.31286e-05
-846.507 2.2191e-05
-845.006 2.25035e-05
-843.505 2.34412e-05
-842.004 2.50039e-05
-840.503 2.5629e-05
-839.002 2.68792e-05
-837.501 2.75043e-05
-835.999 2.81294e-05
-834.498 2.62541e-05
-832.997 2.62541e-05
-831.496 2.62541e-05
-829.995 2.50039e-05
-828.494 2.50039e-05
-826.993 2.37537e-05
-825.492 2.25035e-05
-823.991 2.34412e-05
-822.489 2.34412e-05
-820.988 2.31286e-05
-819.487 2.43788e-05
-817.986 2.50039e-05
-816.485 2.53165e-05
-814.984 2.59415e-05
-813.483 2.62541e-05
-811.982 2.65666e-05
-810.48 2.5629e-05
-808.979 2.5629e-05
-807.478 2.59416e-05
-805.977 2.75043e-05
-804.476 2.5629e-05
-802.975 2.37537e-05
-801.474 2.46914e-05
-799.973 2.37537e-05
-798.471 2.62541e-05
-796.97 2.84419e-05
-795.469 2.81294e-05
-793.968 2.5629e-05
-792.467 2.71917e-05
-790.966 2.78168e-05
-789.465 2.71917e-05
-787.964 2.59415e-05
-786.463 2.68792e-05
-784.961 2.84419e-05
-783.46 2.59416e-05
-781.959 2.5629e-05
-780.458 2.59415e-05
-778.957 2.53164e-05
-777.456 2.59415e-05
-775.955 2.46914e-05
-774.454 2.34412e-05
-772.952 2.46914e-05
-771.451 2.40663e-05
-769.95 2.25035e-05
-768.449 2.25035e-05
-766.948 2.18784e-05
-765.447 2.06282e-05
-763.946 2.06282e-05
-762.445 2.06282e-05
-760.944 2.18784e-05
-759.442 2.37537e-05
-757.941 2.37537e-05
-756.44 2.43788e-05
-754.939 2.50039e-05
-753.438 2.68792e-05
-751.937 2.68792e-05
-750.436 2.81294e-05
-748.935 2.81294e-05
-747.434 2.9067e-05
-745.932 2.84419e-05
-744.431 2.93796e-05
-742.93 2.75043e-05
-741.429 2.68792e-05
-739.928 2.65666e-05
-738.427 2.68792e-05
-736.926 2.37537e-05
-735.425 2.37537e-05
-733.923 2.18784e-05
-732.422 2.03157e-05
-730.921 2.2191e-05
-729.42 2.15659e-05
-727.919 2.03157e-05
-726.418 2.09408e-05
-724.917 2.06282e-05
-723.416 1.9378e-05
-721.915 1.87529e-05
-720.413 1.84404e-05
-718.912 1.75027e-05
-717.411 1.65651e-05
-715.91 1.75027e-05
-714.409 1.78153e-05
-712.908 1.87529e-05
-711.407 2.03157e-05
-709.906 2.06282e-05
-708.404 2.37537e-05
-706.903 2.25035e-05
-705.402 2.34412e-05
-703.901 2.03157e-05
-702.4 1.9378e-05
-700.899 1.75027e-05
-699.398 1.53149e-05
-697.897 1.3127e-05
-696.396 1.28145e-05
-694.894 1.28145e-05
-693.393 1.43772e-05
-691.892 1.43772e-05
-690.391 1.53149e-05
-688.89 1.62525e-05
-687.389 1.68776e-05
-685.888 1.46898e-05
-684.387 1.46898e-05
-682.885 1.34396e-05
-681.384 1.28145e-05
-679.883 1.28145e-05
-678.382 1.15643e-05
-676.881 1.3127e-05
-675.38 1.25019e-05
-673.879 1.18768e-05
-672.378 1.46898e-05
-670.877 1.62525e-05
-669.375 1.50023e-05
-667.874 1.43772e-05
-666.373 1.46898e-05
-664.872 1.46898e-05
-663.371 1.50023e-05
-661.87 1.65651e-05
-660.369 1.71902e-05
-658.868 1.594e-05
-657.367 1.78153e-05
-655.865 1.65651e-05
-654.364 1.90655e-05
-652.863 1.9378e-05
-651.362 2.15659e-05
-649.861 1.84404e-05
-648.36 1.78153e-05
-646.859 1.96906e-05
-645.358 2.09408e-05
-643.856 1.9378e-05
-642.355 2.03157e-05
-640.854 2.00031e-05
-639.353 2.03157e-05
-637.852 1.9378e-05
-636.351 2.00031e-05
-634.85 2.28161e-05
-633.349 2.5629e-05
-631.848 2.71918e-05
-630.346 2.78168e-05
-628.845 2.96921e-05
-627.344 3.12549e-05
-625.843 3.31302e-05
-624.342 3.31302e-05
-622.841 3.50055e-05
-621.34 3.59431e-05
-619.839 3.62557e-05
-618.337 3.65682e-05
-616.836 3.78184e-05
-615.335 3.87561e-05
-613.834 4.03188e-05
-612.333 4.28192e-05
-610.832 4.43819e-05
-609.331 4.71949e-05
-607.83 4.71949e-05
-606.329 4.81325e-05
-604.827 4.71949e-05
-603.326 4.84451e-05
-601.825 4.93827e-05
-600.324 5.06329e-05
-598.823 5.03204e-05
-597.322 5.03204e-05
-595.821 5.18831e-05
-594.32 5.15706e-05
-592.818 5.09455e-05
-591.317 5.18831e-05
-589.816 5.25082e-05
-588.315 5.28208e-05
-586.814 5.43835e-05
-585.313 5.56337e-05
-583.812 5.65713e-05
-582.311 5.71964e-05
-580.81 5.65713e-05
-579.308 5.65713e-05
-577.807 5.68839e-05
-576.306 5.62588e-05
-574.805 5.7509e-05
-573.304 5.81341e-05
-571.803 5.68839e-05
-570.302 5.71964e-05
-568.801 5.4696e-05
-567.299 5.59462e-05
-565.798 5.43835e-05
-564.297 5.50086e-05
-562.796 5.4071e-05
-561.295 5.53211e-05
-559.794 5.40709e-05
-558.293 5.4696e-05
-556.792 5.50086e-05
-555.291 5.62588e-05
-553.789 5.53211e-05
-552.288 5.50086e-05
-550.787 5.53211e-05
-549.286 5.59462e-05
-547.785 5.59462e-05
-546.284 5.68839e-05
-544.783 5.56337e-05
-543.282 5.34459e-05
-541.78 5.31333e-05
-540.279 5.21957e-05
-538.778 5.06329e-05
-537.277 5.03204e-05
-535.776 4.782e-05
-534.275 4.782e-05
-532.774 4.71949e-05
-531.273 4.84451e-05
-529.771 4.84451e-05
-528.27 4.84451e-05
-526.769 4.90702e-05
-525.268 4.93827e-05
-523.767 4.87576e-05
-522.266 8.5951e-05
-520.765 8.84514e-05
-519.264 9.09518e-05
-517.763 9.15768e-05
-516.261 9.12643e-05
-514.76 9.28271e-05
-513.259 9.53274e-05
-511.758 9.564e-05
-510.257 9.81404e-05
-508.756 9.84529e-05
-507.255 9.81404e-05
-505.754 0.000101891
-504.253 0.000102829
-502.751 0.000102516
-501.25 0.000101266
-499.749 0.000103141
-498.248 0.000103766
-496.747 0.000104079
-495.246 0.000105954
-493.745 0.000104391
-492.244 0.000107517
-490.743 0.000107829
-489.241 0.000108454
-487.74 0.000108767
-486.239 0.000110642
-484.738 0.000113455
-483.237 0.00011408
-481.736 0.000114393
-480.235 0.00011283
-478.734 0.000110642
-477.233 0.000110642
-475.731 0.000108767
-474.23 0.000108454
-472.729 0.000106267
-471.228 0.000106579
-469.727 0.000105329
-468.226 0.000106267
-466.725 0.000107829
-465.224 0.000108454
-463.722 0.00010908
-462.221 0.000110955
-460.72 0.000110017
-459.219 0.000109705
-457.718 0.00011033
-456.217 0.000107517
-454.716 0.000106892
-453.215 0.000105642
-451.714 0.000102204
-450.212 0.000101578
-448.711 0.000100328
-447.21 9.84529e-05
-445.709 9.75153e-05
-444.208 9.50149e-05
-442.707 9.37647e-05
-441.206 9.34521e-05
-439.705 9.40772e-05
-438.203 9.18894e-05
-436.702 9.15768e-05
-435.201 9.12643e-05
-433.7 9.09517e-05
-432.199 9.09517e-05
-430.698 9.12643e-05
-429.197 8.9389e-05
-427.696 8.90765e-05
-426.194 8.81388e-05
-424.693 8.68886e-05
-423.192 8.78263e-05
-421.691 8.65761e-05
-420.19 8.72012e-05
-418.689 8.40757e-05
-417.188 8.62635e-05
-415.687 8.5951e-05
-414.186 8.56384e-05
-412.684 8.28255e-05
-411.183 8.53259e-05
-409.682 8.37631e-05
-408.181 8.43882e-05
-406.68 8.43882e-05
-405.179 8.37631e-05
-403.678 8.3138e-05
-402.177 8.25129e-05
-400.675 8.22004e-05
-399.174 8.00125e-05
-397.673 8.03251e-05
-396.172 8.22004e-05
-394.671 8.12627e-05
-393.17 8.09502e-05
-391.669 8.12627e-05
-390.168 8.25129e-05
-388.667 8.40757e-05
-387.165 8.43882e-05
-385.664 8.56384e-05
-384.163 8.62635e-05
-382.662 8.65761e-05
-381.161 8.90765e-05
-379.66 8.84514e-05
-378.159 8.97016e-05
-376.658 8.84514e-05
-375.156 8.87639e-05
-373.655 9.00141e-05
-372.154 9.00141e-05
-370.653 8.9389e-05
-369.152 8.97016e-05
-367.651 8.97016e-05
-366.15 9.18894e-05
-364.649 9.22019e-05
-363.148 9.03267e-05
-361.646 9.06392e-05
-360.145 9.25145e-05
-358.644 9.31396e-05
-357.143 9.50149e-05
-355.642 9.25145e-05
-354.141 9.2827e-05
-352.64 9.09517e-05
-351.139 9.22019e-05
-349.637 9.12643e-05
-348.136 8.97016e-05
-346.635 8.78263e-05
-345.134 8.81388e-05
-343.633 8.75137e-05
-342.132 8.6576e-05
-340.631 8.6576e-05
-339.13 8.81388e-05
-337.629 8.72011e-05
-336.127 8.78262e-05
-334.626 8.62635e-05
-333.125 8.75137e-05
-331.624 8.6576e-05
-330.123 8.68886e-05
-328.622 8.53259e-05
-327.121 8.62635e-05
-325.62 8.72012e-05
-324.119 8.56384e-05
-322.617 8.65761e-05
-321.116 8.53259e-05
-319.615 8.56384e-05
-318.114 8.47008e-05
-316.613 8.62635e-05
-315.112 8.50133e-05
-313.611 8.62635e-05
-312.11 8.72011e-05
-310.609 8.62635e-05
-309.107 8.5951e-05
-307.606 8.56384e-05
-306.105 8.3138e-05
-304.604 8.25129e-05
-303.103 8.22004e-05
-301.602 8.25129e-05
-300.101 8.3138e-05
-298.6 8.09502e-05
-297.098 8.18878e-05
-295.597 8.22004e-05
-294.096 8.12627e-05
-292.595 7.93874e-05
-291.094 7.90749e-05
-289.593 7.78247e-05
-288.092 7.59494e-05
-286.591 7.6887e-05
-285.09 7.53243e-05
-283.588 7.59494e-05
-282.087 7.75121e-05
-280.586 7.62619e-05
-279.085 7.65745e-05
-277.584 7.81372e-05
-276.083 7.65745e-05
-274.582 7.97e-05
-273.081 8.03251e-05
-271.579 7.93874e-05
-270.078 7.90749e-05
-268.577 8.09502e-05
-267.076 8.15753e-05
-265.575 8.25129e-05
-264.074 8.50133e-05
-262.573 8.5951e-05
-261.072 9.03266e-05
-259.571 9.22019e-05
-258.069 9.53274e-05
-256.568 9.78278e-05
-255.067 0.000103454
-253.566 0.000112518
-252.065 0.000118456
-250.564 0.000125957
-249.063 0.000134083
-247.562 0.000143147
-246.06 0.000153462
-244.559 0.000165338
-243.058 0.000179716
-241.557 0.000194093
-240.056 0.000211596
-238.555 0.000229098
-237.054 0.000247539
-235.553 0.000270042
-234.051 0.00029067
-232.55 0.0003163
-231.049 0.000341616
-229.548 0.000366307
-228.047 0.000396312
-226.546 0.000426629
-225.045 0.000457572
-223.544 0.000491014
-222.043 0.00052477
-220.541 0.000562276
-219.04 0.000601344
-217.539 0.000640725
-216.038 0.000683545
-214.537 0.000727614
-213.036 0.000772308
-211.535 0.000819191
-210.034 0.000866386
-208.532 0.000913893
-207.031 0.000964213
-205.53 0.00101578
-204.029 0.00106642
-202.528 0.00112018
-201.027 0.00117362
-199.526 0.001228
-198.025 0.00128239
-196.524 0.00133771
-195.022 0.00138772
-193.521 0.00144273
-192.02 0.00149336
-190.519 0.00154243
-189.018 0.00159462
-187.517 0.00163932
-186.016 0.00168808
-184.515 0.00173496
-183.013 0.00177809
-181.512 0.00182029
-180.011 0.00186154
-178.51 0.00189999
-177.009 0.00193937
-175.508 0.00197281
-174.007 0.00200625
-172.506 0.00203719
-171.005 0.0020622
-169.503 0.00209127
-168.002 0.0021122
-166.501 0.00213471
-165 0.00215221
-163.499 0.00216628
-161.998 0.00218097
-160.497 0.00219128
-158.996 0.00220253
-157.495 0.0022091
-155.993 0.00221378
-154.492 0.00221566
-152.991 0.0022191
-151.49 0.00222003
-149.989 0.00221972
-148.488 0.00221753
-146.987 0.0022141
-145.486 0.00221066
-143.985 0.00220691
-142.483 0.00220159
-140.982 0.00219628
-139.481 0.00219003
-137.98 0.00218284
-136.479 0.00217503
-134.978 0.00216721
-133.477 0.00216284
-131.976 0.00215315
-130.474 0.00214659
-128.973 0.00213752
-127.472 0.00213096
-125.971 0.00212283
-124.47 0.00211596
-122.969 0.00211283
-121.468 0.00210689
-119.967 0.00210408
-118.466 0.00210283
-116.964 0.0021022
-115.463 0.00210189
-113.962 0.00210314
-112.461 0.00210533
-110.96 0.00210689
-109.459 0.00211189
-107.958 0.00211877
-106.457 0.00212783
-104.955 0.00213721
-103.454 0.0021519
-101.953 0.00216346
-100.452 0.00218065
-98.9509 0.00219847
-97.4499 0.00222035
-95.9487 0.0022416
-94.4476 0.00226661
-92.9466 0.0022913
-91.4454 0.00231599
-89.9443 0.00234599
-88.4431 0.00237537
-86.9421 0.00240788
-85.4409 0.00244069
-83.9398 0.00247945
-82.4387 0.00251571
-80.9376 0.00255415
-79.4364 0.00259791
-77.9353 0.00264041
-76.4342 0.00268511
-74.9331 0.00273105
-73.4319 0.00277794
-71.9309 0.00282638
-70.4298 0.00287514
-68.9286 0.00292702
-67.4276 0.0029789
-65.9264 0.00302985
-64.4253 0.00308173
-62.9241 0.00313612
-61.4231 0.00318769
-59.9219 0.00323863
-58.4208 0.00329114
-56.9198 0.00334115
-55.4186 0.00338928
-53.9175 0.00343616
-52.4163 0.00348305
-50.9153 0.00352837
-49.4141 0.00357118
-47.913 0.00361119
-46.4119 0.0036537
-44.9108 0.0036887
-43.4096 0.00372465
-41.9085 0.00376028
-40.4074 0.00379216
-38.9063 0.00382404
-37.4051 0.00385029
-35.9041 0.00387655
-34.403 0.00390061
-32.9018 0.00392405
-31.4007 0.00394093
-29.8996 0.00395499
-28.3985 0.00397062
-26.8973 0.00397875
-25.3963 0.00398812
-23.8951 0.00399094
-22.394 0.00399281
-20.8928 0.00399
-19.3918 0.00398906
-17.8907 0.00398531
-16.3895 0.00397906
-14.8885 0.00396656
-13.3873 0.00395499
-11.8862 0.00394031
-10.385 0.0039228
-8.88398 0.00390374
-7.38283 0.00387904
-5.88168 0.00385248
-4.38064 0.00382404
-2.8795 0.00379434
-1.37834 0.00376153
0.122693 0.00372777
1.62384 0.00369245
3.12499 0.0036537
4.62614 0.00361588
6.12718 0.00357618
7.62833 0.00353524
9.12948 0.00349211
10.6305 0.00344866
12.1317 0.00340272
13.6328 0.00335584
15.134 0.00330583
16.635 0.00325645
18.1361 0.003208
19.6373 0.00315487
21.1383 0.0031008
22.6395 0.00305235
24.1406 0.00300172
25.6418 0.00295109
27.1428 0.00290202
28.644 0.00285232
30.1451 0.00280638
31.6462 0.00276293
33.1473 0.00271511
34.6485 0.00267136
36.1496 0.00263291
37.6506 0.00259259
39.1518 0.00255477
40.6529 0.00251883
42.154 0.00248445
43.6551 0.00245163
45.1563 0.0024235
46.6574 0.00239475
48.1585 0.00236818
49.6596 0.00234412
51.1608 0.00232068
52.6618 0.00229911
54.163 0.0022813
55.6641 0.0022641
57.1652 0.00225067
58.6663 0.00223566
60.1674 0.00222379
61.6686 0.00221566
63.1696 0.00220753
64.6708 0.00220128
66.1719 0.00219784
67.673 0.00219503
69.1741 0.00219253
70.6753 0.00219222
72.1764 0.00219441
73.6774 0.00219753
75.1786 0.00220034
76.6797 0.00220535
78.1808 0.00220878
79.6819 0.00221441
81.1831 0.00222097
82.6842 0.00222629
84.1853 0.00223066
85.6864 0.00223723
87.1876 0.00224379
88.6886 0.0022491
90.1898 0.00225504
91.6909 0.00226348
93.1921 0.00226973
94.6931 0.00227754
96.1942 0.00228348
97.6954 0.00228942
99.1964 0.00229567
100.698 0.00229911
102.199 0.00230224
103.7 0.00230474
105.201 0.0023038
106.702 0.00230286
108.203 0.00230036
109.704 0.00229786
111.205 0.00229536
112.707 0.00228692
114.208 0.00227942
115.709 0.00227161
117.21 0.00225942
118.711 0.00224566
120.212 0.0022291
121.713 0.00221285
123.214 0.00219097
124.715 0.00216565
126.217 0.00213971
127.718 0.00211314
129.219 0.00208251
130.72 0.00205095
132.221 0.00201719
133.722 0.00198062
135.223 0.00194155
136.724 0.00190405
138.226 0.00186248
139.727 0.00181904
141.228 0.00177497
142.729 0.00172965
144.23 0.00168058
145.731 0.00163338
147.232 0.00158431
148.733 0.0015343
150.234 0.00148398
151.736 0.00143116
153.237 0.00138209
154.738 0.0013274
156.239 0.0012777
157.74 0.00122707
159.241 0.00117706
160.742 0.00112861
162.243 0.00108142
163.745 0.00103516
165.246 0.000992343
166.747 0.000950461
168.248 0.00090858
169.749 0.000869824
171.25 0.000831693
172.751 0.000794187
174.252 0.000760119
175.753 0.000724801
177.255 0.000689483
178.756 0.00065729
180.257 0.000628223
181.758 0.000596968
183.259 0.000570714
184.76 0.00054696
186.261 0.000522894
187.762 0.000498515
189.263 0.0004807
190.765 0.000464135
192.266 0.000443507
193.767 0.000429755
195.268 0.000416315
196.769 0.00040225
198.27 0.000390061
199.771 0.000377872
201.272 0.000368808
202.773 0.000359119
204.275 0.000349742
205.776 0.000339116
207.277 0.000329739
208.778 0.000324426
210.279 0.000316612
211.78 0.000309111
213.281 0.00030161
214.782 0.000296609
216.284 0.000289733
217.785 0.000283482
219.286 0.000278794
220.787 0.000270667
222.288 0.000266604
223.789 0.000262854
225.29 0.000257853
226.791 0.00025379
228.293 0.000249727
229.794 0.000247539
231.295 0.000242225
232.796 0.000238162
234.297 0.000234412
235.798 0.000231286
237.299 0.000227848
238.8 0.000225035
240.301 0.000221285
241.803 0.000215971
243.304 0.000213158
244.805 0.000211908
246.306 0.000210345
247.807 0.000207845
249.308 0.000206282
250.809 0.00020597
252.31 0.000204094
253.812 0.000203157
255.313 0.000200344
256.814 0.000198469
258.315 0.000195031
259.816 0.00019253
261.317 0.00018878
262.818 0.000186279
264.319 0.000184404
265.82 0.000181904
267.322 0.000177528
268.823 0.000176903
270.324 0.000175027
271.825 0.000173777
273.326 0.000172527
274.827 0.000170652
276.328 0.000168151
277.829 0.000167214
279.331 0.000166901
280.832 0.000165338
282.333 0.000165026
283.834 0.000162526
285.335 0.000162526
286.836 0.00016065
288.337 0.000158462
289.838 0.000155024
291.339 0.000153149
292.841 0.000150649
294.342 0.000148461
295.843 0.000145648
297.344 0.00014346
298.845 0.000143147
300.346 0.000141585
301.847 0.000139709
303.348 0.000138459
304.85 0.000137522
306.351 0.000137209
307.852 0.000135021
309.353 0.000134083
310.854 0.000131896
312.355 0.000131271
313.856 0.000129083
315.357 0.000128458
316.858 0.00012877
318.36 0.000126582
319.861 0.000126895
321.362 0.000125957
322.863 0.000124394
324.364 0.000122207
325.865 0.000119394
327.366 0.000115643
328.867 0.000113455
330.368 0.000111267
331.87 0.000110955
333.371 0.000112205
334.872 0.000110955
336.373 0.000109392
337.874 0.00011033
339.375 0.00011033
340.876 0.000108767
342.377 0.000108454
343.879 0.000108767
345.38 0.000107829
346.881 0.000107829
348.382 0.000104391
349.883 0.000102829
351.384 0.000102516
352.885 0.000100641
354.386 9.9078e-05
355.887 9.81404e-05
357.389 9.9078e-05
358.89 9.78278e-05
360.391 9.78278e-05
361.892 9.68902e-05
363.393 9.53274e-05
364.894 9.40772e-05
366.395 9.40772e-05
367.896 9.37647e-05
369.398 9.28271e-05
370.899 9.18894e-05
372.4 9.18894e-05
373.901 9.2827e-05
375.402 9.18894e-05
376.903 9.12643e-05
378.404 9.2827e-05
379.905 9.00141e-05
381.407 8.87639e-05
382.907 8.84514e-05
384.409 9.03266e-05
385.91 8.9389e-05
387.411 8.90765e-05
388.912 8.97015e-05
390.413 9.03266e-05
391.914 8.9389e-05
393.415 9.09517e-05
394.916 9.12643e-05
396.418 9.2827e-05
397.919 9.15768e-05
399.42 9.09517e-05
400.921 9.12643e-05
402.422 9.06392e-05
403.923 8.90764e-05
405.424 8.72012e-05
406.925 8.6576e-05
408.427 8.62635e-05
409.928 8.56384e-05
411.429 8.43882e-05
412.93 8.40757e-05
414.431 8.25129e-05
415.932 8.18878e-05
417.433 8.18878e-05
418.934 8.22004e-05
420.436 8.28255e-05
421.937 8.3138e-05
423.438 8.25129e-05
424.939 8.15753e-05
426.44 8.06376e-05
427.941 8.06376e-05
429.442 7.90749e-05
430.943 7.75121e-05
432.445 7.50117e-05
433.945 7.43866e-05
435.447 7.40741e-05
436.948 7.40741e-05
438.449 7.0636e-05
439.95 6.93859e-05
441.451 6.75106e-05
442.952 6.75106e-05
444.453 6.84482e-05
445.954 6.90733e-05
447.456 6.7198e-05
448.957 6.81357e-05
450.458 6.75106e-05
451.959 6.75106e-05
453.46 6.65729e-05
454.961 6.78231e-05
456.462 6.62604e-05
457.963 6.59478e-05
459.465 6.46976e-05
460.966 6.376e-05
462.467 6.46976e-05
463.968 6.43851e-05
465.469 6.75106e-05
466.97 6.78231e-05
468.471 6.84482e-05
469.972 6.7198e-05
471.474 6.56353e-05
472.975 6.56353e-05
474.476 6.46976e-05
475.977 6.34474e-05
477.478 6.15721e-05
478.979 6.06345e-05
480.48 6.06345e-05
481.981 6.06345e-05
483.482 6.06345e-05
484.984 6.06345e-05
486.485 6.00094e-05
487.986 6.00094e-05
489.487 6.0947e-05
490.988 5.90717e-05
492.489 6.00094e-05
493.99 5.96968e-05
495.491 6.03219e-05
496.992 6.06345e-05
498.494 6.03219e-05
499.995 6.03219e-05
501.496 6.03219e-05
502.997 6.00094e-05
504.498 5.81341e-05
505.999 5.96968e-05
507.5 6.25098e-05
509.001 5.87592e-05
510.503 5.87592e-05
512.004 5.87592e-05
513.505 5.84466e-05
515.006 5.71964e-05
516.507 5.78215e-05
518.008 5.93843e-05
519.509 5.93843e-05
521.01 5.93843e-05
522.511 6.00094e-05
524.013 5.96968e-05
525.514 5.93843e-05
527.015 6.12596e-05
528.516 6.00094e-05
530.017 6.0947e-05
531.518 6.03219e-05
533.019 5.90717e-05
534.52 5.96968e-05
536.022 5.87592e-05
537.523 5.93843e-05
539.024 6.03219e-05
540.525 6.0947e-05
542.026 6.0947e-05
543.527 6.18847e-05
545.028 6.06345e-05
546.529 6.12596e-05
548.03 6.0947e-05
549.531 5.81341e-05
551.033 5.71964e-05
552.534 5.7509e-05
554.035 5.56337e-05
555.536 5.43835e-05
557.037 5.56337e-05
558.538 5.50086e-05
560.039 5.43835e-05
561.54 5.31333e-05
563.042 5.31333e-05
564.543 5.37584e-05
566.044 5.59462e-05
567.545 5.65713e-05
569.046 5.59462e-05
570.547 5.4696e-05
572.048 5.53211e-05
573.549 5.56337e-05
575.051 5.50086e-05
576.552 5.34459e-05
578.053 5.31333e-05
579.554 5.28208e-05
581.055 5.28208e-05
582.556 5.34459e-05
584.057 5.31333e-05
585.558 5.43835e-05
587.06 5.25082e-05
588.561 5.34459e-05
590.062 5.31333e-05
591.563 5.46961e-05
593.064 5.46961e-05
594.565 5.46961e-05
596.066 5.31333e-05
597.567 5.21957e-05
599.069 5.18831e-05
600.569 5.1258e-05
602.071 5.06329e-05
603.572 5.06329e-05
605.073 5.09455e-05
606.574 5.06329e-05
608.075 5.09455e-05
609.576 5.09455e-05
611.077 5.18831e-05
612.578 5.25082e-05
614.08 5.25082e-05
615.581 5.00078e-05
617.082 4.93827e-05
618.583 4.90702e-05
620.084 4.84451e-05
621.585 4.75074e-05
623.086 4.65698e-05
624.587 4.40694e-05
626.089 4.37568e-05
627.59 4.46945e-05
629.091 4.53196e-05
630.592 4.5007e-05
632.093 4.5007e-05
633.594 4.5007e-05
635.095 4.53196e-05
636.596 4.62572e-05
638.098 4.84451e-05
639.599 4.93827e-05
641.1 4.93827e-05
642.601 4.93827e-05
644.102 5.00078e-05
645.603 4.90702e-05
647.104 5.06329e-05
648.605 5.25082e-05
650.106 5.18831e-05
651.608 4.84451e-05
653.109 4.75074e-05
654.61 4.75074e-05
656.111 4.75074e-05
657.612 4.81325e-05
659.113 4.59447e-05
660.614 4.53196e-05
662.115 4.71949e-05
663.616 4.65698e-05
665.118 4.65698e-05
666.619 4.65698e-05
668.12 4.68823e-05
669.621 4.62572e-05
671.122 4.5007e-05
672.623 4.46945e-05
674.124 4.46945e-05
675.625 4.5007e-05
677.126 4.34443e-05
678.628 4.28192e-05
680.129 4.31317e-05
681.63 4.25066e-05
683.131 4.59447e-05
684.632 4.46945e-05
686.133 4.59447e-05
687.634 4.53196e-05
689.135 4.53196e-05
690.637 4.46945e-05
692.138 4.65698e-05
693.639 4.56321e-05
695.14 4.68823e-05
696.641 4.46945e-05
698.142 4.43819e-05
699.643 4.37568e-05
701.144 4.21941e-05
702.646 4.06313e-05
704.147 4.28192e-05
705.648 4.12564e-05
707.149 4.03188e-05
708.65 4.21941e-05
710.151 4.00063e-05
711.652 4.03188e-05
713.153 4.09439e-05
714.654 4.34443e-05
716.155 4.34443e-05
717.657 4.5007e-05
719.158 4.43819e-05
720.659 4.5007e-05
722.16 4.71949e-05
723.661 4.46945e-05
725.162 4.31317e-05
726.663 4.31317e-05
728.164 4.21941e-05
729.666 4.09439e-05
731.167 4.12565e-05
732.668 4.06314e-05
734.169 4.03188e-05
735.67 4.12565e-05
737.171 4.18815e-05
738.672 4.03188e-05
740.173 4.18815e-05
741.675 4.40694e-05
743.176 4.46945e-05
744.677 4.40694e-05
746.178 4.40694e-05
747.679 4.59447e-05
749.18 4.46945e-05
750.681 4.71949e-05
752.182 4.71949e-05
753.684 4.62572e-05
755.185 4.40694e-05
756.686 4.56321e-05
758.187 4.62572e-05
759.688 4.62572e-05
761.189 4.68823e-05
762.69 4.40694e-05
764.191 4.46945e-05
765.693 4.31317e-05
767.193 4.34443e-05
768.695 4.25066e-05
770.196 4.09439e-05
771.697 4.18815e-05
773.198 4.09439e-05
774.699 4.09439e-05
776.2 4.09439e-05
777.701 4.1569e-05
779.202 4.06313e-05
780.704 4.09439e-05
782.205 4.25066e-05
783.706 4.31317e-05
785.207 4.21941e-05
786.708 4.18815e-05
788.209 4.34443e-05
789.71 4.40694e-05
791.211 4.46945e-05
792.713 4.25066e-05
794.214 4.25066e-05
795.715 4.18815e-05
797.216 4.31317e-05
798.717 4.31317e-05
800.218 4.25066e-05
801.719 4.21941e-05
803.22 4.00063e-05
804.722 3.90686e-05
806.223 4.03188e-05
807.724 4.00063e-05
809.225 4.06314e-05
810.726 3.96937e-05
812.227 4.12565e-05
813.728 4.18815e-05
815.229 4.25066e-05
816.73 4.21941e-05
818.231 4.25066e-05
819.733 4.21941e-05
821.234 4.37568e-05
822.735 4.18815e-05
824.236 4.40694e-05
825.737 4.37568e-05
827.238 4.37568e-05
828.739 4.46945e-05
830.24 4.43819e-05
831.742 4.34443e-05
833.243 4.34443e-05
834.744 4.1569e-05
836.245 4.1569e-05
837.746 4.25066e-05
839.247 4.31317e-05
840.748 4.25066e-05
842.249 4.46945e-05
843.75 4.40694e-05
845.252 4.5007e-05
846.753 4.46945e-05
848.254 4.53196e-05
849.755 4.59447e-05
851.256 4.56321e-05
852.757 4.46945e-05
854.258 4.782e-05
855.759 4.65698e-05
857.261 4.59447e-05
858.762 4.62572e-05
860.263 4.59447e-05
861.764 4.68823e-05
863.265 4.75074e-05
864.766 4.53196e-05
866.267 4.56321e-05
867.768 4.62572e-05
869.27 4.43819e-05
870.771 4.40694e-05
872.272 4.34443e-05
873.773 4.46945e-05
875.274 4.53196e-05
876.775 4.53196e-05
878.276 4.59447e-05
879.777 4.71949e-05
881.278 4.62572e-05
882.779 4.81325e-05
884.281 4.782e-05
885.782 4.87576e-05
887.283 4.782e-05
888.784 4.90702e-05
890.285 5.06329e-05
891.786 4.90702e-05
893.287 4.84451e-05
894.788 4.782e-05
896.29 4.59447e-05
897.791 4.62572e-05
899.292 4.75074e-05
900.793 4.53196e-05
902.294 4.81325e-05
903.795 4.87576e-05
905.296 4.93827e-05
906.797 5.06329e-05
908.299 5.09455e-05
909.8 5.06329e-05
911.301 5.03204e-05
912.802 4.90702e-05
914.303 4.93827e-05
915.804 4.93827e-05
917.305 4.68823e-05
918.806 4.65698e-05
920.308 4.46945e-05
921.809 4.34443e-05
923.31 4.12565e-05
924.811 4.03188e-05
926.312 4.21941e-05
927.813 4.34443e-05
929.314 4.1569e-05
930.815 4.03188e-05
932.316 4.12565e-05
933.817 4.09439e-05
935.319 4.18815e-05
936.82 4.25066e-05
938.321 4.09439e-05
939.822 4.03188e-05
941.323 4.1569e-05
942.824 4.21941e-05
944.325 4.28192e-05
945.826 4.37568e-05
947.328 4.5007e-05
948.829 4.68823e-05
950.33 4.43819e-05
951.831 4.53196e-05
953.332 4.53196e-05
954.833 4.59447e-05
956.334 4.59447e-05
957.835 4.46945e-05
959.337 4.40694e-05
960.838 4.18815e-05
962.339 4.00062e-05
963.84 3.90686e-05
965.341 3.84435e-05
966.842 4.03188e-05
968.343 4.1569e-05
969.844 4.06314e-05
971.346 4.18815e-05
972.847 4.12564e-05
974.348 4.03188e-05
975.849 4.1569e-05
977.35 4.12564e-05
978.851 4.1569e-05
980.352 4.09439e-05
981.853 4.25066e-05
983.354 4.40694e-05
984.855 4.43819e-05
986.357 4.37568e-05
987.858 4.34443e-05
989.359 4.62572e-05
990.86 4.71949e-05
992.361 4.75074e-05
993.862 4.96953e-05
995.363 4.84451e-05
996.864 4.62572e-05
998.366 4.65698e-05
999.867 4.75074e-05
1001.37 4.68823e-05
1002.87 4.65698e-05
1004.37 4.84451e-05
1005.87 4.71949e-05
1007.37 4.65698e-05
1008.87 4.93827e-05
1010.37 4.90702e-05
1011.88 4.90702e-05
1013.38 4.75074e-05
1014.88 4.75074e-05
1016.38 4.68823e-05
1017.88 4.81325e-05
1019.38 4.782e-05
1020.88 4.81325e-05
1022.38 4.71949e-05
1023.88 4.75074e-05
1025.39 4.75074e-05
1026.89 4.81325e-05
1028.39 4.68823e-05
1029.89 4.65698e-05
1031.39 4.53196e-05
1032.89 4.40694e-05
1034.39 4.37568e-05
1035.89 4.25066e-05
1037.39 4.21941e-05
1038.9 4.1569e-05
1040.4 4.43819e-05
1041.9 4.43819e-05
1043.4 4.31317e-05
1044.9 4.31317e-05
1046.4 4.43819e-05
1047.9 4.37568e-05
1049.4 4.25066e-05
1050.9 4.1569e-05
1052.41 3.84435e-05
1053.91 3.71933e-05
1055.41 3.75059e-05
1056.91 3.62557e-05
1058.41 3.37553e-05
1059.91 3.43804e-05
1061.41 3.50055e-05
1062.91 3.56306e-05
1064.41 3.46929e-05
1065.92 3.62557e-05
1067.42 3.59431e-05
1068.92 3.65682e-05
1070.42 3.5318e-05
1071.92 3.28176e-05
1073.42 3.03172e-05
1074.92 2.81294e-05
1076.42 2.81294e-05
1077.92 2.78168e-05
1079.43 2.84419e-05
1080.93 2.68792e-05
1082.43 2.65666e-05
1083.93 2.5629e-05
1085.43 2.40663e-05
1086.93 2.53165e-05
1088.43 2.43788e-05
1089.93 2.34412e-05
1091.43 2.37537e-05
1092.94 2.37537e-05
1094.44 2.12533e-05
1095.94 2.06282e-05
1097.44 2.03157e-05
1098.94 2.15659e-05
1100.44 2.00031e-05
1101.94 2.03157e-05
1103.44 2.12533e-05
1104.94 2.2191e-05
1106.45 1.96906e-05
1107.95 1.68776e-05
1109.45 1.78153e-05
1110.95 1.68776e-05
1112.45 1.81278e-05
1113.95 1.71902e-05
1115.45 1.53149e-05
1116.95 1.50023e-05
1118.46 1.46898e-05
1119.96 1.65651e-05
1121.46 1.75027e-05
1122.96 1.78153e-05
1124.46 1.75027e-05
1125.96 1.68776e-05
1127.46 1.81278e-05
1128.96 1.87529e-05
1130.46 1.9378e-05
1131.96 1.84404e-05
1133.47 1.84404e-05
1134.97 1.81278e-05
1136.47 1.90655e-05
1137.97 1.87529e-05
1139.47 1.90655e-05
1140.97 2.00031e-05
1142.47 2.12533e-05
1143.97 2.09408e-05
1145.48 2.09408e-05
1146.98 2.15659e-05
1148.48 2.09408e-05
1149.98 2.06282e-05
1151.48 2.15659e-05
1152.98 2.03157e-05
1154.48 1.78153e-05
1155.98 1.81278e-05
1157.48 1.9378e-05
1158.99 1.81278e-05
1160.49 1.87529e-05
1161.99 1.96906e-05
1163.49 1.75027e-05
1164.99 2.00031e-05
1166.49 2.15659e-05
1167.99 2.2191e-05
1169.49 2.25035e-05
1170.99 2.09408e-05
1172.5 2.18784e-05
1174 2.06282e-05
1175.5 1.9378e-05
1177 2.00031e-05
1178.5 1.9378e-05
1180 1.87529e-05
1181.5 2.00031e-05
1183 2.06282e-05
1184.5 2.18784e-05
1186.01 2.12533e-05
1187.51 2.12533e-05
1189.01 2.12533e-05
1190.51 2.09408e-05
1192.01 2.09408e-05
1193.51 2.03157e-05
1195.01 2.03157e-05
1196.51 2.12533e-05
1198.01 1.96906e-05
1199.52 2.03157e-05
1201.02 1.78153e-05
1202.52 1.96906e-05
1204.02 1.78153e-05
1205.52 1.75027e-05
1207.02 1.71902e-05
1208.52 1.50023e-05
1210.02 1.34396e-05
1211.52 1.34396e-05
1213.03 1.34396e-05
1214.53 1.34396e-05
1216.03 1.12517e-05
1217.53 9.689e-06
1219.03 9.0639e-06
1220.53 7.50116e-06
1222.03 5.62587e-06
1223.53 5.00078e-06
1225.03 2.50039e-06
1226.54 2.81295e-06
1228.04 3.12549e-06
1229.54 3.12549e-06
1231.04 3.75059e-06
1232.54 5.31333e-06
1234.04 5.00078e-06
1235.54 4.68823e-06
1237.04 2.81294e-06
1238.54 3.75058e-06
1240.05 2.18784e-06
1241.55 3.75059e-06
1243.05 3.12549e-06
1244.55 0
1246.05 9.37649e-07
1247.55 6.25101e-07
1249.05 1.56274e-06
1250.55 1.56274e-06
1252.05 0
1253.56 1.87529e-06
1255.06 1.87529e-06
1256.56 2.50039e-06
1258.06 3.43804e-06
1259.56 5.31333e-06
1261.06 5.00077e-06
1262.56 5.00077e-06
1264.06 6.56352e-06
1265.56 7.81371e-06
1267.07 6.87607e-06
1268.57 7.50116e-06
1270.07 6.25098e-06
1271.57 5.93843e-06
1273.07 5.31333e-06
1274.57 5.31333e-06
1276.07 6.87607e-06
1277.57 5.93842e-06
1279.07 5.00078e-06
1280.58 6.56352e-06
1282.08 8.12626e-06
1283.58 1.03141e-05
1285.08 1.15643e-05
1286.58 1.06267e-05
1288.08 1.18768e-05
1289.58 1.3127e-05
1291.08 1.43772e-05
1292.58 1.56274e-05
1294.09 1.53149e-05
1295.59 1.46898e-05
1297.09 1.62525e-05
1298.59 1.65651e-05
1300.09 1.68776e-05
1301.59 1.9378e-05
1303.09 2.03157e-05
1304.59 1.96906e-05
1306.09 2.09408e-05
1307.6 2.12533e-05
1309.1 2.15659e-05
1310.6 2.03157e-05
1312.1 2.09408e-05
1313.6 2.06282e-05
1315.1 2.00031e-05
1316.6 2.09408e-05
1318.1 2.31286e-05
1319.6 2.31286e-05
1321.11 2.43788e-05
1322.61 2.40663e-05
1324.11 2.37537e-05
1325.61 2.59416e-05
1327.11 2.68792e-05
1328.61 2.5629e-05
1330.11 2.46914e-05
1331.61 2.31286e-05
1333.11 2.43788e-05
1334.62 2.34412e-05
1336.12 2.5629e-05
1337.62 2.37537e-05
1339.12 2.28161e-05
1340.62 1.84404e-05
1342.12 1.84404e-05
1343.62 1.87529e-05
1345.12 1.90655e-05
1346.62 1.90655e-05
1348.13 1.81278e-05
1349.63 1.75027e-05
1351.13 1.96906e-05
1352.63 2.06282e-05
1354.13 2.2191e-05
1355.63 2.25035e-05
1357.13 2.46914e-05
1358.63 2.40663e-05
1360.13 2.25035e-05
1361.64 2.2191e-05
1363.14 2.25035e-05
1364.64 2.2191e-05
1366.14 2.18784e-05
1367.64 1.90655e-05
1369.14 2.15659e-05
1370.64 2.06282e-05
1372.14 1.96906e-05
1373.64 1.9378e-05
1375.15 2.00031e-05
1376.65 1.87529e-05
1378.15 1.9378e-05
1379.65 1.96906e-05
1381.15 1.87529e-05
1382.65 1.96906e-05
1384.15 2.00031e-05
1385.65 2.06282e-05
1387.15 2.06282e-05
1388.66 2.25035e-05
1390.16 2.18784e-05
1391.66 2.28161e-05
1393.16 2.40663e-05
1394.66 2.59415e-05
1396.16 2.65666e-05
1397.66 2.62541e-05
1399.16 2.59415e-05
1400.66 2.71917e-05
1402.17 2.65666e-05
1403.67 2.50039e-05
1405.17 2.25035e-05
1406.67 2.09408e-05
1408.17 2.03157e-05
1409.67 1.9378e-05
1411.17 1.90655e-05
1412.67 1.75027e-05
1414.17 1.75027e-05
1415.68 1.84404e-05
1417.18 2.00031e-05
1418.68 2.12533e-05
1420.18 2.15659e-05
1421.68 2.50039e-05
1423.18 2.65666e-05
1424.68 2.65666e-05
1426.18 2.71917e-05
1427.69 2.71917e-05
1429.19 2.75043e-05
1430.69 2.78168e-05
1432.19 2.93796e-05
1433.69 2.87545e-05
1435.19 2.9067e-05
1436.69 3.188e-05
1438.19 3.12549e-05
1439.69 3.37553e-05
1441.19 3.65682e-05
1442.7 3.59431e-05
1444.2 3.59431e-05
1445.7 3.50055e-05
1447.2 3.50055e-05
1448.7 3.37553e-05
1450.2 3.34427e-05
1451.7 3.25051e-05
1453.2 3.06298e-05
1454.71 3.00047e-05
1456.21 3.03172e-05
1457.71 2.93796e-05
1459.21 3.00047e-05
1460.71 3.09423e-05
1462.21 3.188e-05
1463.71 3.21925e-05
1465.21 3.31302e-05
1466.71 3.46929e-05
1468.22 3.28176e-05
1469.72 3.40678e-05
1471.22 3.34427e-05
1472.72 3.46929e-05
1474.22 3.37553e-05
1475.72 3.40678e-05
1477.22 3.43804e-05
1478.72 3.5318e-05
1480.22 3.43804e-05
1481.73 3.50055e-05
1483.23 3.62557e-05
1484.73 3.75059e-05
1486.23 3.78184e-05
1487.73 3.68808e-05
1489.23 3.65682e-05
1490.73 3.75059e-05
1492.23 3.46929e-05
1493.73 3.50055e-05
1495.24 3.25051e-05
1496.74 3.21925e-05
1498.24 3.25051e-05
1499.74 3.34427e-05
1501.24 3.28176e-05
1502.74 3.31302e-05
1504.24 3.59431e-05
1505.74 3.68808e-05
1507.24 3.59431e-05
1508.75 3.46929e-05
1510.25 3.46929e-05
1511.75 3.21925e-05
1513.25 3.09423e-05
1514.75 3.15674e-05
1516.25 3.12549e-05
1517.75 3.00047e-05
1519.25 2.81294e-05
1520.75 2.87545e-05
1522.26 2.9067e-05
1523.76 2.81294e-05
1525.26 2.75043e-05
1526.76 2.87545e-05
1528.26 3.00047e-05
1529.76 3.09423e-05
1531.26 2.96921e-05
1532.76 2.84419e-05
1534.26 2.87545e-05
1535.77 2.9067e-05
1537.27 2.84419e-05
1538.77 3.00047e-05
1540.27 3.09423e-05
1541.77 3.31302e-05
1543.27 3.21925e-05
1544.77 3.12549e-05
1546.27 3.15674e-05
1547.77 3.34427e-05
1549.28 3.28176e-05
1550.78 3.15674e-05
1552.28 3.34427e-05
1553.78 3.25051e-05
1555.28 3.09423e-05
1556.78 3.06298e-05
1558.28 3.12549e-05
1559.78 3.09423e-05
1561.28 3.00047e-05
1562.79 2.96921e-05
1564.29 3.15674e-05
1565.79 3.31302e-05
1567.29 3.03172e-05
1568.79 3.09423e-05
1570.29 3.09423e-05
1571.79 3.03172e-05
1573.29 3.03172e-05
1574.79 3.188e-05
1576.3 3.12549e-05
