  0.0500638075 -0.00580548495
  0.100127615 -0.00458974252
  0.150191426 -0.00357662304
  0.20025523 -0.00337399915
  0.250319034 -0.00276612793
  0.300382853 -0.0025635052
  0.350446641 -0.00155038631
  0.40051046 -0.000537266838
  0.450574279 -0.00114513817
  0.500638068 -0.000132019806
  0.550701857  0.000881101587
  0.600765705  0.000881101878
  0.650829494  0.00148897502
  0.700893283  0.00229947036
  0.750957131  0.00250209472
  0.80102092  0.00270471652
  0.851084709  0.0035152135
  0.901148558  0.00310996547
  0.951212347  0.0033125903
  1.00127614  0.0045283353
  1.05133998  0.00331259007
  1.10140371  0.00270471838
  1.15146756  0.00371784018
  1.20153141  0.00432571303
  1.25159514  0.00452833483
  1.30165899  0.00351521675
  1.35172284  0.00351521512
  1.40178657  0.00392046338
  1.45185041  0.00513620721
  1.50191426  0.00412308611
  1.55197799  0.00432570931
  1.60204184  0.0045283353
  1.65210569  0.00412308797
  1.70216942  0.00371783949
  1.75223327  0.00310996594
  1.80229712  0.00351521326
  1.85236084  0.00412308658
  1.90242469  0.00351521419
  1.95248854  0.00250209472
  2.00255227  0.00209684623
  2.05261612  0.00310996454
  2.10267997  0.00351521187
  2.15274382  0.00169159635
  2.20280743  0.000881101878
  2.25287127  0.00148897304
  2.30293512  0.00351521187
  2.35299897  0.00270471652
  2.40306282  0.00371783413
  2.45312667  0.00392045919
  2.50319028  0.00392045965
  2.55325413  0.00392045965
  2.60331798  0.00290734088
  2.65338182  0.00412308378
  2.70344567  0.00574407633
  2.75350952  0.00594670093
  2.80357313  0.00574407727
  2.85363698  0.00675719744
  2.90370083  0.00756769208
  2.95376468  0.0085808076
  3.00382853  0.00797293801
  3.05389237  0.0097965505
  3.10395598  0.0108096693
  3.15401983  0.0114175417
  3.20408368  0.010809673
  3.25414753  0.0110122999
  3.30421138  0.0114175454
  3.35427499  0.0114175454
  3.40433884  0.0112149222
  3.45440269  0.0106070526
  3.50446653  0.0116201704
  3.55453038  0.0122280382
  3.60459423  0.0132411541
  3.65465784  0.0140516488
  3.70472169  0.0164831299
  3.75478554  0.0158752594
  3.80484939  0.0166857578
  3.85491323  0.0164831355
  3.90497708  0.017091006
  3.95504069  0.0172936283
  4.00510454  0.0174962524
  4.05516863  0.0179015007
  4.10523224  0.0183067508
  4.15529585  0.0189146213
  4.20535994  0.0199277401
  4.25542355  0.0209408607
  4.30548763  0.0231697299
  4.35555124  0.0243854709
  4.40561485  0.0253985897
  4.45567894  0.026411714
  4.50574255  0.0274248272
  4.55580664  0.026411714
  4.60587025  0.0264117178
  4.65593433  0.0280327108
  4.70599794  0.02924845
  4.75606155  0.0302615687
  4.80612564  0.0300589371
  4.85618925  0.031477306
  4.90625334  0.0335035399
  4.95631695  0.0339087844
  5.00638056  0.0337061584
  5.05644464  0.0353271477
  5.10650826  0.0357323997
  5.15657234  0.0365428962
  5.20663595  0.0379612595
  5.25669956  0.0367455184
  5.30676365  0.0385691226
  5.35682726  0.0401900969
  5.40689135  0.0418110713
  5.45695496  0.0436346792
  5.50701904  0.0450530313
  5.55708265  0.0468766429
  5.60714626  0.0474845208
  5.65721035  0.0489028804
  5.70727396  0.0501186214
  5.75733805  0.0501186214
  5.80740166  0.0515369773
  5.85746527  0.0533605963
  5.90752935  0.0549815856
  5.95759296  0.0555894561
  6.00765705  0.0570078269
  6.05772066  0.0582235642
  6.10778475  0.0614655502
  6.15784836  0.0616681799
  6.20791197  0.063086547
  6.25797606  0.0645049214
  6.30803967  0.0645049214
  6.35810375  0.065720655
  6.40816736  0.067341648
  6.45823097  0.067341648
  6.50829506  0.0695705116
  6.55835867  0.0709888861
  6.60842276  0.0738256201
  6.65848637  0.0758518651
  6.70854998  0.0780807287
  6.75861406  0.080106996
  6.80867767  0.0823358595
  6.85874176  0.0841594785
  6.90880537  0.0880093575
  6.95886946  0.0896303505
  7.00893307  0.091251336
  7.05899668  0.093480207
  7.10906076  0.0965195522
  7.15912437  0.0973300636
  7.20918846  0.100977324
  7.25925207  0.103814065
  7.30931568  0.105435058
  7.35937977  0.108474419
  7.40944338  0.109892763
  7.45950747  0.110703282
  7.50957108  0.112526864
  7.55963516  0.114553116
  7.60969877  0.11738985
  7.65976238  0.118808232
  7.70982647  0.122050166
  7.75989008  0.1248869
  7.80995417  0.12691313
  7.86001778  0.129952461
  7.91008139  0.133599684
  7.96014547  0.135423303
  8.01020908  0.138462663
  8.06027317  0.141704634
  8.11033726  0.144541368
  8.16040039  0.147783294
  8.21046448  0.149201676
  8.26052856  0.152038395
  8.3105917  0.157103971
  8.36065578  0.161561698
  8.41071987  0.165614158
  8.460783  0.169261426
  8.51084709  0.173719138
  8.56091118  0.177974269
  8.61097527  0.184052989
  8.6610384  0.187902808
  8.71110249  0.193778932
  8.76116657  0.200465605
  8.81122971  0.204720691
  8.86129379  0.21160993
  8.91135788  0.218093842
  8.96142197  0.224780396
  9.0114851  0.231872201
  9.06154919  0.239774495
  9.11161327  0.248487353
  9.16167641  0.257200211
  9.21174049  0.268141985
  9.26180458  0.278273255
  9.31186867  0.289620101
  9.3619318  0.30035919
  9.41199589  0.313327104
  9.46205997  0.326294869
  9.51212311  0.337236464
  9.56218719  0.352028042
  9.61225128  0.366211832
  9.66231441  0.381003261
  9.7123785  0.395794839
  9.76244259  0.411194265
  9.81250668  0.42760694
  9.86256981  0.444222003
  9.9126339  0.462052882
  9.96269798  0.481504828
  10.0127611  0.50176698
  10.0628252  0.523447871
  10.1128893  0.54431808
  10.1629534  0.567011893
  10.2130165  0.588692665
  10.2630806  0.61118418
  10.3131447  0.635093689
  10.3632078  0.660624623
  10.4132719  0.685952246
  10.463336  0.712090611
  10.5133991  0.739647329
  10.5634632  0.766596496
  10.6135273  0.794558346
  10.6635914  0.82373625
  10.7136545  0.85352242
  10.7637186  0.881079316
  10.8137827  0.909648955
  10.8638458  0.938421071
  10.9139099  0.966991127
  10.963974  0.993940473
  11.0140381  1.02251029
  11.0641012  1.04986477
  11.1141653  1.07762396
  11.1642294  1.10416782
  11.2142925  1.13030648
  11.2643566  1.15603948
  11.3144207  1.17994869
  11.3644838  1.20406103
  11.4145479  1.22857809
  11.464612  1.25188053
  11.5146761  1.27315593
  11.5647392  1.29503965
  11.6148033  1.31590986
  11.6648674  1.33718503
  11.7149305  1.35623193
  11.7649946  1.37588644
  11.8150587  1.39432514
  11.8651228  1.4107374
  11.9151859  1.42897367
  11.96525  1.44396782
  12.0153141  1.45815182
  12.0653772  1.47132206
  12.1154413  1.48388481
  12.1655054  1.49725771
  12.2155695  1.51002288
  12.2656326  1.52157307
  12.3156967  1.53008318
  12.3657608  1.54163218
  12.4158239  1.54892731
  12.465888  1.5566268
  12.5159521  1.56290829
  12.5660152  1.56878436
  12.6160793  1.57283664
  12.6661434  1.57729435
  12.7162075  1.58114457
  12.7662706  1.58438623
  12.8163347  1.5878309
  12.8663988  1.59127557
  12.9164619  1.59411204
  12.966526  1.59775913
  13.0165901  1.59917724
  13.0666542  1.60160911
  13.1167173  1.60424328
  13.1667814  1.60748506
  13.2168455  1.60910594
  13.2669086  1.60971415
  13.3169727  1.61153746
  13.3670368  1.61295569
  13.4171  1.61518466
  13.467164  1.61660326
  13.5172281  1.61984515
  13.5672922  1.62247884
  13.6173553  1.6273421
  13.6674194  1.62957096
  13.7174835  1.63321817
  13.7675467  1.63767636
  13.8176107  1.6399051
  13.8676748  1.64557838
  13.9177389  1.65125191
  13.967802  1.65652001
  14.0178661  1.66239643
  14.0679302  1.66827202
  14.1179934  1.67576933
  14.1680574  1.6820507
  14.2181215  1.6903584
  14.2681856  1.69927382
  14.3182487  1.70758116
  14.3683128  1.71852267
  14.4183769  1.72987008
  14.4684401  1.74060893
  14.5185041  1.75317228
  14.5685682  1.76451898
  14.6186314  1.7789048
  14.6686954  1.78984642
  14.7187595  1.8046385
  14.7688236  1.8180114
  14.8188868  1.83320832
  14.8689508  1.8488102
  14.9190149  1.86339891
  14.9690781  1.87839377
  15.0191422  1.89541435
  15.0692062  1.9104085
  15.1192703  1.92682052
  15.1693335  1.94384086
  15.2193975  1.9598484
  15.2694616  1.97524703
  15.3195248  1.99186265
  15.3695889  2.00685692
  15.4196529  2.02326846
  15.4697161  2.03927636
  15.5197802  2.05366278
  15.5698442  2.06926513
  15.6199083  2.08223271
  15.6699715  2.09682131
  15.7200356  2.11141038
  15.7700996  2.12356758
  15.8201628  2.1349144
  15.8702269  2.14666629
  15.9202909  2.15740538
  15.970355  2.16855049
  16.0204182  2.17685795
  16.0704823  2.186584
  16.1205463  2.19428372
  16.1706104  2.20097089
  16.2206745  2.20704913
  16.2707367  2.21333051
  16.3208008  2.21799088
  16.3708649  2.22204399
  16.420929  2.22305679
  16.470993  2.22386694
  16.5210571  2.22386718
  16.5711212  2.22346163
  16.6211834  2.22224593
  16.6712475  2.21778822
  16.7213116  2.21393824
  16.7713757  2.20765686
  16.8214397  2.20157838
  16.8715038  2.19144702
  16.921566  2.18334174
  16.9716301  2.17098141
  17.0216942  2.15821624
  17.0717583  2.14443803
  17.1218224  2.1298492
  17.1718864  2.1134367
  17.2219505  2.09661889
  17.2720127  2.07858515
  17.3220768  2.0597415
  17.3721409  2.04089665
  17.422205  2.02083778
  17.4722691  1.99935961
  17.5223331  1.97808444
  17.5723972  1.9562012
  17.6224594  1.93168318
  17.6725235  1.90757143
  17.7225876  1.88467491
  17.7726517  1.85894179
  17.8227158  1.83300591
  17.8727798  1.80524611
  17.9228439  1.77910829
  17.9729061  1.75134814
  18.0229702  1.72358871
  18.0730343  1.69501865
  18.1230984  1.66705668
  18.1731625  1.63949955
  18.2232265  1.61295593
  18.2732906  1.58458865
  18.3233528  1.55905843
  18.3734169  1.53352773
  18.423481  1.50718665
  18.4735451  1.48125052
  18.5236092  1.45653093
  18.5736732  1.43099952
  18.6237373  1.40607727
  18.6737995  1.38155973
  18.7238636  1.35846066
  18.7739277  1.33495665
  18.8239918  1.3118571
  18.8740559  1.28956866
  18.9241199  1.26809025
  18.9741821  1.24722004
  19.0242462  1.22736287
  19.0743103  1.20892358
  19.1243744  1.19089031
  19.1744385  1.17204618
  19.2245026  1.15583682
  19.2745667  1.13861406
  19.3246288  1.12159395
  19.3746929  1.1059916
  19.424757  1.09018672
  19.4748211  1.07438195
  19.5248852  1.05959034
  19.5749493  1.04560947
  19.6250134  1.03223634
  19.6750755  1.0180527
  19.7251396  1.00366652
  19.7752037  0.991711617
  19.8252678  0.979958713
  19.8753319  0.967193604
  19.925396  0.95463115
  19.9754601  0.943689525
  20.0255222  0.932545364
  20.0755863  0.919982672
  20.1256504  0.911067307
  20.1757145  0.899720669
  20.2257786  0.889994621
  20.2758427  0.880268812
  20.3259068  0.870340109
  20.3759689  0.861222029
  20.426033  0.851698518
  20.4760971  0.840756774
  20.5261612  0.832449079
  20.5762253  0.822520435
  20.6262894  0.812389135
  20.6763535  0.802258015
  20.7264156  0.792126954
  20.7764797  0.782603741
  20.8265438  0.771256626
  20.8766079  0.761125326
  20.926672  0.753020287
  20.9767361  0.7420789
  21.0267982  0.732352912
  21.0768623  0.722626865
  21.1269264  0.712293208
  21.1769905  0.700743616
  21.2270546  0.689396858
  21.2771187  0.67865777
  21.3271828  0.666703105
  21.3772449  0.654545665
  21.427309  0.64259088
  21.4773731  0.629622817
  21.5274372  0.618478358
  21.5775013  0.606523693
  21.6275654  0.59355557
  21.6776295  0.580385029
  21.7276917  0.569443166
  21.7777557  0.555664837
  21.8278198  0.541683972
  21.8778839  0.528918743
  21.927948  0.51392442
  21.9780121  0.500753999
  22.0280762  0.485760063
  22.0781384  0.473399878
  22.1282024  0.460229188
  22.1782665  0.4454377
  22.2283306  0.433280289
  22.2783947  0.420312494
  22.3284588  0.407952338
  22.3785229  0.396402836
  22.4285851  0.382421613
  22.4786491  0.371277243
  22.5287132  0.359930336
  22.5787773  0.348786056
  22.6288414  0.336223453
  22.6789055  0.325484365
  22.7289677  0.314947993
  22.7790318  0.30441165
  22.8290958  0.294685692
  22.8791599  0.284757167
  22.929224  0.273612767
  22.9792881  0.264494658
  23.0293522  0.253350377
  23.0794144  0.244637519
  23.1294785  0.235316798
  23.1795425  0.227009267
  23.2296066  0.218701705
  23.2796707  0.209583625
  23.3297348  0.203910202
  23.3797989  0.197021052
  23.4298611  0.192158028
  23.4799252  0.185674056
  23.5299892  0.1812163
  23.5800533  0.17615065
  23.6301174  0.170274496
  23.6801815  0.16601938
  23.7302456  0.160345927
  23.7803078  0.156496108
  23.8303719  0.152646273
  23.8804359  0.148391187
  23.9305  0.143325612
  23.9805641  0.13988103
  24.0306282  0.135220647
  24.0806923  0.131573483
  24.1307545  0.129141957
  24.1808186  0.125697404
  24.2308826  0.122860678
  24.2809467  0.120834447
  24.3310108  0.11820031
  24.3810749  0.114553079
  24.431139  0.11171639
  24.4812012  0.110095412
  24.5312653  0.1076639
  24.5813293  0.105840288
  24.6313934  0.104827158
  24.6814575  0.101990387
  24.7315216  0.100369416
  24.7815838  0.0985458046
  24.8316479  0.0967221856
  24.881712  0.0951011926
  24.931776  0.092669718
  24.9818401  0.091251336
  25.0319042  0.0886172205
  25.0819683  0.0871988535
  25.1320305  0.0855778605
  25.1820946  0.0827411041
  25.2321587  0.0813227519
  25.2822227  0.080512248
  25.3322868  0.0784859955
  25.3823509  0.077270247
  25.432415  0.07585188
  25.4824772  0.075244002
  25.5325413  0.075649254
  25.5826054  0.0748387575
  25.6326694  0.0732177645
  25.6827335  0.070988901
  25.7327976  0.0701784045
  25.7828617  0.0701784045
  25.8329239  0.068557404
  25.882988  0.0679495335
  25.9330521  0.066733785
  25.9831161  0.0655180439
  26.0331802  0.0647075474
  26.0832443  0.0638970509
  26.1333084  0.0628839284
  26.1833706  0.0612629317
  26.2334347  0.0610603057
  26.2834988  0.0600471906
  26.3335629  0.0586288199
  26.3836269  0.0576156974
  26.433691  0.0555894561
  26.4837551  0.0543737151
  26.5338173  0.0539684705
  26.5838814  0.0533606
  26.6339455  0.0523474813
  26.6840096  0.0513343625
  26.7340736  0.0517396145
  26.7841377  0.0509291179
  26.8341999  0.0497133769
  26.884264  0.0493081212
  26.9343281  0.0493081212
  26.9843922  0.0489028655
  27.0344563  0.048294995
  27.0845203  0.048700247
  27.1345844  0.0478897542
  27.1846466  0.0472818799
  27.2347107  0.0474845059
  27.2847748  0.0472818874
  27.3348389  0.0458635241
  27.384903  0.0434320569
  27.434967  0.0428241864
  27.4850311  0.0416084565
  27.5350933  0.0401901081
  27.5851574  0.03856913
  27.6352215  0.0359350331
  27.6852856  0.0347192883
  27.7353497  0.0341114104
  27.7854137  0.0333009139
  27.8354778  0.0314772986
  27.88554  0.031477306
  27.9356041  0.0314773023
  27.9856682  0.0326930434
  28.0357323  0.0335035436
  28.0857964  0.0330982991
  28.1358604  0.0345166624
  28.1859245  0.0349219106
  28.2359867  0.0328956768
  28.2860508  0.0326930545
  28.3361149  0.0316799395
  28.386179  0.030261578
  28.4362431  0.0294510797
  28.4863071  0.0268169716
  28.5363712  0.0264117252
  28.5864334  0.026411714
  28.6364975  0.0249933396
  28.6865616  0.0247907173
  28.7366257  0.0247907173
  28.7866898  0.0241828486
  28.8367538  0.0221566074
  28.886816  0.0213461109
  28.9368801  0.0195224974
  28.9869442  0.0199277475
  29.0370083  0.0211434904
  29.0870724  0.0199277438
  29.1371365  0.0187119972
  29.1872005  0.0195224918
  29.2372627  0.0197251178
  29.2873268  0.0195224918
  29.3373909  0.0187119935
  29.387455  0.0179015025
  29.4375191  0.0176988766
  29.4875832  0.0187119916
  29.5376472  0.0189146195
  29.5877094  0.0189146195
  29.6377735  0.0185093693
  29.6878376  0.0172936302
  29.7379017  0.0174962524
  29.7879658  0.0164831337
  29.8380299  0.0150647666
  29.8880939  0.0148621425
  29.9381561  0.0150647648
  29.9882202  0.0146595174
  30.0382843  0.0154700158
  30.0883484  0.0154700186
  30.1384125  0.0150647694
  30.1884766  0.0156726427
  30.2385406  0.0164831355
  30.2886028  0.017091006
  30.3386669  0.016077891
  30.388731  0.0166857634
  30.4387951  0.0158752669
  30.4888592  0.0148621481
  30.5389233  0.0146595249
  30.5889854  0.0142542766
  30.6390495  0.0142542757
  30.6891136  0.0132411541
  30.7391777  0.0120254122
  30.7892418  0.0112149175
  30.8393059  0.0102017997
  30.88937  0.0097965505
  30.9394321  0.00837818813
  30.9894962  0.00797294267
  31.0395603  0.00837818906
  31.0896244  0.00817556493
  31.1396885  0.00837818626
  31.1897526  0.00797293894
  31.2398167  0.00756769348
  31.2898788  0.0055414536
  31.3399429  0.00513620535
  31.390007  0.00473095849
  31.4400711  0.00513620628
  31.4901352  0.00473095709
  31.5401993  0.00493358169
  31.5902634  0.00371783832
  31.6403255  0.00371783786
  31.6903896  0.00432570977
  31.7404537  0.0047309543
  31.7905178  0.00473095383
  31.8405819  0.0047309543
  31.890646  0.0047309557
  31.9407101  0.0045283325
  31.9907722  0.00412308471
  32.0408363  0.00452833483
  32.0909004  0.0053388318
  32.1409645  0.00574408052
  32.1910286  0.00513620861
  32.2410927  0.00473095896
  32.2911568  0.00513620488
  32.3412209  0.0045283339
  32.3912849  0.00310996594
  32.441349  0.00290734158
  32.4914093  0.00250209426
  32.5414734  0.00209684717
  32.5915375  0.002096846
  32.6416016  0.00229947036
  32.6916656  0.00270471768
  32.7417297  0.00148897665
  32.7917938  0.00250209612
  32.8418579  0.00250209635
  32.891922  0.00290734391
  32.9419861  0.00250209542
  32.9920502  0.00108372781
  33.0421143  0.000475853565
  33.0921783  0.000475856388
  33.1422424  7.06047213E-05
  33.1923027 -0.00053726742
  33.2423668 -0.000132018453
  33.2924309 -0.000537265558
  33.342495 -0.00114513887
  33.3925591 -0.000942512939
  33.4426231  0.00067847938
  33.4926872  0.00128635112
  33.5427513  0.00169159879
  33.5928154  0.000475855748
  33.6428795 -0.000739885669
  33.6929436 -0.00215825182
  33.7430077 -0.00195562956
  33.7930717 -0.00195563002
  33.843132 -0.00377924484
  33.8931961 -0.00438711699
  33.9432602 -0.00438711839
  33.9933243 -0.00499498937
  34.0433884 -0.00479236571
  34.0934525 -0.00317137572
  34.1435165 -0.00236088154
  34.1935806 -0.00155038596
  34.2436447 -0.000537267944
  34.2937088  0.000273228914
  34.3437729 -0.000334642857
  34.393837  0.000475852692
  34.4439011  0.000273231446
  34.4939651  0.000678481068
  34.5440254  0.000475855893
  34.5940895  0.000678481476
  34.6441536 -0.000537262589
  34.6942177 -0.000334639102
  34.7442818 -0.0011451341
  34.7943459 -0.000334640325
  34.8444099 -0.00155038293
  34.894474 -0.00215825695
  34.9445381 -0.00215825695
  34.9946022 -0.00195563259
  35.0446663 -0.00155038608
  35.0947304 -0.00317137525
  35.1447945 -0.00337399961
  35.1948586 -0.00418449566
  35.2449188 -0.00540023763
  35.2949829 -0.00519761397
  35.345047 -0.00499499077
  35.3951111 -0.00438711885
  35.4451752 -0.00479236618
  35.4952393 -0.00458974252
  35.5453033 -0.00519761443
  35.5953674 -0.00438711885
  35.6454315 -0.00540023809
  35.6954956 -0.00560286269
  35.7455597 -0.00519761397
  35.7956238 -0.00560286269
  35.8456879 -0.00621073414
  35.8957481 -0.00499499077
  35.9458122 -0.0037792474
  35.9958763 -0.00398187106
  36.0459404 -0.00357662421
  36.0960045 -0.00398187153
  36.1460686 -0.00458974298
  36.1961327 -0.0051976149
  36.2461967 -0.00600811001
  36.2962608 -0.00641335873
  36.3463249 -0.0076291021
  36.396389 -0.00904747006
  36.4464531 -0.00904747006
  36.4965172 -0.00985796377
  36.5465813 -0.00985796284
  36.5966415 -0.00925009232
  36.6467056 -0.00904746819
  36.6967697 -0.00925009232
  36.7468338 -0.00945271645
  36.7968979 -0.00803434942
  36.846962 -0.00904746819
  36.8970261 -0.00823697262
  36.9470901 -0.00904746912
  36.9971542 -0.00843959674
  37.0472183 -0.00965534057
  37.0972824 -0.0106684584
  37.1473465 -0.0108710816
  37.1974106 -0.0108710816
  37.2474747 -0.0108710816
  37.2975349 -0.0098579647
  37.347599 -0.00965533964
  37.3976631 -0.00945271645
  37.4477272 -0.0106684612
  37.4977913 -0.0104658343
  37.5478554 -0.0102632111
  37.5979195 -0.0108710816
  37.6479836 -0.0116815781
  37.6980476 -0.0110737067
  37.7481117 -0.0120868254
  37.7981758 -0.0108710844
  37.8482399 -0.010263212
  37.898304 -0.0114789549
  37.9483643 -0.011478954
  37.9984283 -0.00904746912
  38.0484924 -0.00904746912
  38.0985565 -0.00925009232
  38.1486206 -0.00925009325
  38.1986847 -0.00945271738
  38.2487488 -0.00965534151
  38.2988129 -0.00904746912
  38.348877 -0.00965534057
  38.398941 -0.00904746912
  38.4490051 -0.0086422218
  38.4990692 -0.00965534057
  38.5491333 -0.0106684603
  38.5991974 -0.00925009325
  38.6492577 -0.00945271645
  38.6993217 -0.00864221994
  38.7493858 -0.008844845
  38.7994499 -0.00945271645
  38.849514 -0.00985796377
  38.8995781 -0.00925009232
  38.9496422 -0.00925009232
  38.9997063 -0.0098579647
  39.0497704 -0.00965534057
  39.0998344 -0.0086422218
  39.1498985 -0.0086422218
  39.1999626 -0.00904746912
  39.2500267 -0.00823697355
  39.3000908 -0.00823697355
  39.3501511 -0.00783172529
  39.4002151 -0.00843959767
  39.4502792 -0.008844845
  39.5003433 -0.0098579647
  39.5504074 -0.0106684603
  39.6004715 -0.0110737085
  39.6505356 -0.0120868282
  39.7005997 -0.0124920756
  39.7506638 -0.0126946988
  39.8007278 -0.0130999452
  39.8507919 -0.0128973182
  39.900856 -0.0133025656
  39.9509201 -0.0133025665
  40.0009804 -0.0124920728
  40.0510445 -0.0120868264
  40.1011086 -0.0114789568
  40.1511726 -0.0112763317
  40.2012367 -0.0110737085
  40.2513008 -0.0112763317
  40.3013649 -0.0108710835
  40.351429 -0.0114789559
  40.4014931 -0.0116815791
  40.4515572 -0.0116815781
  40.5016212 -0.0118842032
  40.5516853 -0.0110737085
  40.6017494 -0.0124920756
  40.6518135 -0.0116815791
  40.7018738 -0.010263212
  40.7519379 -0.0118842013
  40.802002 -0.0106684575
  40.852066 -0.0112763299
  40.9021301 -0.0102632102
  40.9521942 -0.0102632111
  41.0022583 -0.0104658343
  41.0523224 -0.0102632111
  41.1023865 -0.00925009232
  41.1524506 -0.00843959674
  41.2025146 -0.0100605879
  41.2525787 -0.0106684603
  41.3026428 -0.010263212
  41.3527069 -0.00965534151
  41.4027672 -0.00904746912
  41.4528313 -0.0100605888
  41.5028954 -0.0104658352
  41.5529594 -0.0108710816
  41.6030235 -0.0112763308
  41.6530876 -0.0106684612
  41.7031517 -0.0118842013
  41.7532158 -0.0133025683
  41.8032799 -0.012897322
  41.853344 -0.0128973192
  41.9034081 -0.012897322
  41.9534721 -0.012897322
  42.0035362 -0.0120868254
  42.0535965 -0.0110737085
  42.1036606 -0.0118842032
  42.1537247 -0.0108710844
  42.2037888 -0.0112763317
  42.2538528 -0.0108710835
  42.3039169 -0.0110737076
  42.353981 -0.0114789549
  42.4040451 -0.0120868282
  42.4541092 -0.0108710844
  42.5041733 -0.010465838
  42.5542374 -0.0108710844
  42.6043015 -0.0114789568
  42.6543655 -0.0110737085
  42.7044296 -0.0106684612
  42.7544899 -0.00884484593
  42.804554 -0.00823697448
  42.8546181 -0.0086422218
  42.9046822 -0.00843959767
  42.9547462 -0.008844845
  43.0048103 -0.00843959674
  43.0548744 -0.00823697355
  43.1049385 -0.00965534151
  43.1550026 -0.0108710844
  43.2050667 -0.0114789549
  43.2551308 -0.0110737067
  43.3051949 -0.0122894514
  43.3552589 -0.0122894496
  43.4053192 -0.0126946988
  43.4553833 -0.0133025702
  43.5054474 -0.0128973238
  43.5555115 -0.012694696
  43.6055756 -0.0130999452
  43.6556396 -0.0126946969
  43.7057037 -0.0128973201
  43.7557678 -0.012694696
  43.8058319 -0.0135051897
  43.855896 -0.0133025665
  43.9059601 -0.0120868245
  43.9560242 -0.0128973201
  44.0060883 -0.0114789549
  44.0561523 -0.0120868254
  44.1062126 -0.0116815772
  44.1562767 -0.0116815763
  44.2063408 -0.0116815772
  44.2564049 -0.0112763308
  44.306469 -0.0102632111
  44.3565331 -0.01168158
  44.4065971 -0.0118842032
  44.4566612 -0.0122894524
  44.5067253 -0.0110737076
  44.5567894 -0.0100605879
  44.6068535 -0.0110737076
  44.6569176 -0.0110737067
  44.7069817 -0.0106684584
  44.7570457 -0.0110737076
  44.807106 -0.00965534057
  44.8571701 -0.0098579647
  44.9072342 -0.010263212
  44.9572983 -0.00965534057
  45.0073624 -0.00945271645
  45.0574265 -0.0104658343
  45.1074905 -0.0108710835
  45.1575546 -0.0106684584
  45.2076187 -0.0104658343
  45.2576828 -0.0110737076
  45.3077469 -0.0118842022
  45.357811 -0.0122894496
  45.4078751 -0.0120868254
  45.4579353 -0.0120868264
  45.5079994 -0.0114789559
  45.5580635 -0.0124920728
  45.6081276 -0.0124920756
  45.6581917 -0.0112763308
  45.7082558 -0.0108710835
  45.7583199 -0.0112763317
  45.8083839 -0.010263212
  45.858448 -0.0104658352
  45.9085121 -0.0112763317
  45.9585762 -0.0118842022
  46.0086403 -0.0118842022
  46.0587044 -0.0126946988
  46.1087685 -0.0135051934
  46.1588287 -0.0122894514
  46.2088928 -0.0118842032
  46.2589569 -0.0133025683
  46.309021 -0.0124920728
  46.3590851 -0.0124920728
  46.4091492 -0.0124920737
  46.4592133 -0.0135051915
  46.5092773 -0.0137078157
  46.5593414 -0.0135051925
  46.6094055 -0.0128973201
  46.6594696 -0.0118842032
  46.7095337 -0.0122894496
  46.7595978 -0.0124920756
  46.8096619 -0.0139104398
  46.8597221 -0.0126946969
  46.9097862 -0.0116815781
  46.9598503 -0.0116815791
  47.0099144 -0.012694696
  47.0599785 -0.0120868245
  47.1100426 -0.0122894477
  47.1601067 -0.0114789549
  47.2101707 -0.0102632111
  47.2602348 -0.00925009232
  47.3102989 -0.00965533964
  47.360363 -0.00925009232
  47.4104271 -0.00945271645
  47.4604912 -0.00884484407
  47.5105515 -0.00884484407
  47.5606155 -0.00904746819
  47.6106796 -0.00925009232
  47.6607437 -0.00864221994
  47.7108078 -0.00985796284
  47.7608719 -0.010060587
  47.810936 -0.0100605879
  47.8610001 -0.00965533964
  47.9110641 -0.00925009232
  47.9611282 -0.00985796377
  48.0111923 -0.00904746819
  48.0612564 -0.00783172529
  48.1113205 -0.00661598239
  48.1613846 -0.00661598239
  48.2114449 -0.00641335873
  48.2615089 -0.00722385477
  48.311573 -0.00600811094
  48.3616371 -0.00762910163
  48.4117012 -0.00823697262
  48.4617653 -0.00965534057
  48.5118294 -0.00965534057
  48.5618935 -0.00925009418
  48.6119576 -0.00985796377
  48.6620216 -0.00904746912
  48.7120857 -0.00985796377
  48.7621498 -0.0112763327
  48.8122139 -0.0112763317
  48.862278 -0.0112763327
  48.9123383 -0.0098579647
  48.9624023 -0.0106684621
  49.0124664 -0.0108710844
  49.0625305 -0.0106684603
  49.1125946 -0.0112763308
  49.1626587 -0.0118842013
  49.2127228 -0.0112763317
  49.2627869 -0.0120868254
  49.312851 -0.0122894486
  49.362915 -0.0133025665
  49.4129791 -0.0124920718
  49.4630432 -0.0118842022
  49.5131073 -0.0120868254
  49.5631676 -0.0120868254
  49.6132317 -0.0108710844
  49.6632957 -0.0102632111
  49.7133598 -0.0100605879
  49.7634239 -0.00925009325
  49.813488 -0.00945271738
  49.8635521 -0.00742647843
  49.9136162 -0.00600811047
  49.9636803 -0.00560286269
  50.0137444 -0.00600810954
  50.0638084 -0.00621073321
  50.1138725 -0.00661598193
  50.1639366 -0.00803435035
  50.2140007 -0.00884484593
  50.264061 -0.0110737085
  50.3141251 -0.0110737085
  50.3641891 -0.0106684603
  50.4142532 -0.0110737067
  50.4643173 -0.0116815791
  50.5143814 -0.0114789559
  50.5644455 -0.0104658352
  50.6145096 -0.00925009232
  50.6645737 -0.00945271645
  50.7146378 -0.008844845
  50.7647018 -0.008844845
  50.8147659 -0.00742647843
  50.86483 -0.00823697355
  50.9148941 -0.00803434942
  50.9649544 -0.00945271645
  51.0150185 -0.00843959674
  51.0650826 -0.00762910163
  51.1151466 -0.0086422218
  51.1652107 -0.00803434942
  51.2152748 -0.008844845
  51.2653389 -0.00904746819
  51.315403 -0.00925009325
  51.3654671 -0.00904747006
  51.4155312 -0.00904747099
  51.4655952 -0.0076291021
  51.5156593 -0.00681860559
  51.5657234 -0.00681860512
  51.6157837 -0.00702122925
  51.6658478 -0.00722385244
  51.7159119 -0.00742647564
  51.765976 -0.00783172436
  51.81604 -0.00884484593
  51.8661041 -0.00783172622
  51.9161682 -0.00843959954
  51.9662323 -0.00843959861
  52.0162964 -0.00823697355
  52.0663605 -0.00803434942
  52.1164246 -0.00702122971
  52.1664886 -0.00783172622
  52.2165527 -0.00843959767
  52.2666168 -0.00783172436
  52.3166771 -0.00823697262
  52.3667412 -0.00904746912
  52.4168053 -0.008844845
  52.4668694 -0.00823697262
  52.5169334 -0.00884484593
  52.5669975 -0.008844845
  52.6170616 -0.00762910023
  52.6671257 -0.00843959581
  52.7171898 -0.00904746819
  52.7672539 -0.00864221994
  52.817318 -0.00864221994
  52.867382 -0.00803435035
  52.9174461 -0.00803434942
  52.9675102 -0.00742647704
  53.0175705 -0.00803434942
  53.0676346 -0.00904746912
  53.1176987 -0.00925009325
  53.1677628 -0.00803434942
  53.2178268 -0.00843959674
  53.2678909 -0.00762910116
  53.317955 -0.00722385291
  53.3680191 -0.00702122878
  53.4180832 -0.00641335919
  53.4681473 -0.0062107346
  53.5182114 -0.00600811001
  53.5682755 -0.00600811001
  53.6183395 -0.00600811001
  53.6683998 -0.00560286175
  53.7184639 -0.00600811001
  53.768528 -0.00681860605
  53.8185921 -0.00702122971
  53.8686562 -0.0086422218
  53.9187202 -0.00681860605
  53.9687843 -0.00742647797
  54.0188484 -0.00722385477
  54.0689125 -0.00722385431
  54.1189766 -0.00803434942
  54.1690407 -0.00681860559
  54.2191048 -0.00560286175
  54.2691689 -0.0049949903
  54.3192329 -0.00438711885
  54.3692932 -0.00499499077
  54.4193573 -0.00560286175
  54.4694214 -0.00783172622
  54.5194855 -0.0076291021
  54.5695496 -0.00762910163
  54.6196136 -0.00742647797
  54.6696777 -0.0076291021
  54.7197418 -0.0074264789
  54.7698059 -0.00722385477
  54.81987 -0.00702123018
  54.8699341 -0.00722385477
  54.9199982 -0.00641335873
  54.9700623 -0.00783172529
  55.0201263 -0.008844845
  55.0701866 -0.00762910163
  55.1202507 -0.00843959767
  55.1703148 -0.00945271645
  55.2203789 -0.00965534057
  55.270443 -0.0108710835
  55.320507 -0.0116815791
  55.3705711 -0.012694696
  55.4206352 -0.0112763308
  55.4706993 -0.0116815791
  55.5207634 -0.0126946988
  55.5708275 -0.0118842032
  55.6208916 -0.0112763317
  55.6709557 -0.0110737067
  55.7210159 -0.010263212
  55.77108 -0.0110737085
  55.8211441 -0.0108710844
  55.8712082 -0.0112763317
  55.9212723 -0.0108710835
  55.9713364 -0.0118842013
  56.0214005 -0.0126946988
  56.0714645 -0.0124920756
  56.1215286 -0.0126946969
  56.1715927 -0.0116815781
  56.2216568 -0.011478954
  56.2717209 -0.0124920756
  56.321785 -0.0120868254
  56.3718491 -0.0133025693
  56.4219093 -0.0133025702
  56.4719734 -0.0122894496
  56.5220375 -0.0137078157
  56.5721016 -0.0133025693
  56.6221657 -0.0141130639
  56.6722298 -0.0141130649
  56.7222939 -0.0145183112
  56.7723579 -0.0151261818
  56.822422 -0.0149235595
  56.8724861 -0.0143156871
  56.9225502 -0.0149235576
  56.9726143 -0.0149235595
  57.0226784 -0.0161393043
  57.0727425 -0.0175576694
  57.1228027 -0.0165445507
  57.1728668 -0.0175576676
  57.2229309 -0.0181655362
  57.272995 -0.0177602861
  57.3230591 -0.0183681585
  57.3731232 -0.0177602861
  57.4231873 -0.0169497915
  57.4732513 -0.0161392987
  57.5233154 -0.015126179
  57.5733795 -0.0157340523
  57.6234436 -0.0169497915
  57.6735077 -0.0171524156
  57.7235718 -0.0175576638
  57.773632 -0.0187734067
  57.8236961 -0.0187734067
  57.8737602 -0.0191786531
  57.9238243 -0.0195839051
  57.9738884 -0.0201917775
  58.0239525 -0.020799648
  58.0740166 -0.0212048963
  58.1240807 -0.021002274
  58.1741447 -0.0210022721
  58.2242088 -0.0230285153
  58.2742729 -0.0232311394
  58.324337 -0.0230285153
  58.3744011 -0.0234337598
  58.4244652 -0.0238390099
  58.4745255 -0.0240416341
  58.5245895 -0.025054751
  58.5746536 -0.025054751
  58.6247177 -0.0256626252
  58.6747818 -0.0248521324
  58.7248459 -0.0238390099
  58.77491 -0.0240416303
  58.8249741 -0.0234337598
  58.8750381 -0.0240416303
  58.9251022 -0.0234337598
  58.9751663 -0.0232311357
  59.0252304 -0.0230285134
  59.0752945 -0.0242442582
  59.1253586 -0.0236363877
  59.1754189 -0.0260678716
  59.2254829 -0.0266757421
  59.275547 -0.026675744
  59.3256111 -0.0270809941
  59.3756752 -0.0274862386
  59.4257393 -0.027891485
  59.4758034 -0.0280941091
  59.5258675 -0.0276888609
  59.5759315 -0.0276888628
  59.6259956 -0.0270809904
  59.6760597 -0.0258652512
  59.7261238 -0.0264731217
  59.7761879 -0.0262704957
  59.8262482 -0.0264731199
  59.8763123 -0.0272836126
  59.9263763 -0.0276888609
  59.9764404 -0.02687837
  60.0265045 -0.0262704957
  60.0765686 -0.0268783681
  60.1266327 -0.0264731199
  60.1766968 -0.0274862368
  60.2267609 -0.0268783662
  60.276825 -0.0270809922
  60.326889 -0.0272836145
  60.3769531 -0.0272836182
  60.4270172 -0.0266757458
  60.4770813 -0.0252573788
  60.5271416 -0.0244468842
  60.5772057 -0.0244468879
  60.6272697 -0.0240416378
  60.6773338 -0.0246495083
  60.7273979 -0.0254600029
  60.777462 -0.0262704976
  60.8275261 -0.0272836145
  60.8775902 -0.027891485
  60.9276543 -0.0270809941
  60.9777184 -0.0289046094
  61.0277824 -0.0293098558
  61.0778465 -0.0280941166
  61.1279106 -0.0268783756
  61.1779709 -0.0256626289
  61.228035 -0.0248521306
  61.2780991 -0.0240416341
  61.3281631 -0.022623267
  61.3782272 -0.0226232614
  61.4282913 -0.0234337598
  61.4783554 -0.0244468786
  61.5284195 -0.0258652437
  61.5784836 -0.0260678716
  61.6285477 -0.0264731199
  61.6786118 -0.0282967351
  61.7286758 -0.0287019853
  61.7787399 -0.0287019797
  61.828804 -0.0282967333
  61.8788643 -0.0280941091
  61.9289284 -0.0287019797
  61.9789925 -0.0278914869
  62.0290565 -0.0291072279
  62.0791206 -0.0287019797
  62.1291847 -0.0282967333
  62.1792488 -0.0282967333
  62.2293129 -0.0291072279
  62.279377 -0.029512478
  62.3294411 -0.0299177263
  62.3795052 -0.0284993611
  62.4295692 -0.0280941147
  62.4796333 -0.0278914925
  62.5296974 -0.0287019815
  62.5797577 -0.027891485
  62.6298218 -0.0274862386
  62.6798859 -0.0284993574
  62.72995 -0.0282967333
  62.780014 -0.0270809941
  62.8300781 -0.0278914906
  62.8801422 -0.0278914906
  62.9302063 -0.0289046094
  62.9802704 -0.0295124743
  63.0303345 -0.0291072261
  63.0803986 -0.0297150966
  63.1304626 -0.0295124725
  63.1805267 -0.0305255894
  63.230587 -0.0303229727
  63.2806511 -0.0299177263
  63.3307152 -0.0303229727
  63.3807793 -0.0309308451
  63.4308434 -0.0307282247
  63.4809074 -0.0303229745
  63.5309715 -0.0303229764
  63.5810356 -0.0309308469
  63.6310997 -0.0299177319
  63.6811638 -0.0295124836
  63.7312279 -0.0289046094
  63.781292 -0.0280941147
  63.831356 -0.0284993555
  63.8814201 -0.0270809904
  63.9314804 -0.0276888609
  63.9815445 -0.0282967314
  64.0316086 -0.0297150947
  64.0816727 -0.0293098465
  64.1317368 -0.0291072242
  64.1818008 -0.0284993555
  64.2318649 -0.0291072279
  64.281929 -0.0287019853
  64.3319931 -0.0276888646
  64.3820572 -0.0276888628
  64.4321213 -0.0272836164
  64.4821854 -0.0272836164
  64.5322495 -0.0274862405
  64.5823135 -0.0289046075
  64.6323776 -0.028094111
  64.6824417 -0.0260678753
  64.7325058 -0.0260678753
  64.7825699 -0.0270809941
  64.832634 -0.028094111
  64.8826981 -0.0262704957
  64.9327621 -0.0264731217
  64.9828186 -0.0256626271
  65.0328827 -0.0242442563
  65.0829468 -0.0242442563
  65.1330109 -0.0240416322
  65.183075 -0.0220153946
  65.233139 -0.0226232652
  65.2832031 -0.0222180188
  65.3332672 -0.0224206429
  65.3833313 -0.0224206429
  65.4333954 -0.022218015
  65.4834595 -0.0228258912
  65.5335236 -0.022420641
  65.5835876 -0.0230285134
  65.6336517 -0.0228258893
  65.6837158 -0.0216101427
  65.7337799 -0.021002274
  65.783844 -0.0205970258
  65.8339081 -0.0197865311
  65.8839722 -0.0187734105
  65.9340363 -0.0173550416
  65.9841003 -0.0177602917
  66.0341644 -0.0187734105
  66.0842285 -0.0171524193
  66.1342926 -0.0177602898
  66.1843567 -0.0183681622
  66.2344208 -0.0183681604
  66.2844849 -0.0191786531
  66.3345413 -0.0191786531
  66.3846054 -0.019381281
  66.4346695 -0.0183681585
  66.4847336 -0.0179629121
  66.5347977 -0.0191786531
  66.5848618 -0.0185707826
  66.6349258 -0.0181655344
  66.6849899 -0.0181655381
  66.735054 -0.0189760346
  66.7851181 -0.0195839051
  66.8351822 -0.0183681604
  66.8852463 -0.0189760309
  66.9353104 -0.0189760309
  66.9853745 -0.0177602898
  67.0354385 -0.0183681604
  67.0855026 -0.0183681604
  67.1355667 -0.0185707845
  67.1856308 -0.017962914
  67.2356949 -0.0175576657
  67.285759 -0.0189760309
  67.3358231 -0.0175576676
  67.3858871 -0.0173550434
  67.4359512 -0.0173550434
  67.4860153 -0.0177602917
  67.5360794 -0.0173550434
  67.5861435 -0.017962914
  67.6362076 -0.0165445469
  67.686264 -0.0165445469
  67.7363281 -0.0175576676
  67.7863922 -0.0159366801
  67.8364563 -0.0157340579
  67.8865204 -0.0161393061
  67.9365845 -0.0161393043
  67.9866486 -0.0167471729
  68.0367126 -0.0181655418
  68.0867767 -0.0181655418
  68.1368408 -0.0183681641
  68.1869049 -0.0181655381
  68.236969 -0.017962914
  68.2870331 -0.0181655381
  68.3370972 -0.0183681622
  68.3871613 -0.0181655381
  68.4372253 -0.0165445469
  68.4872894 -0.0175576676
  68.5373535 -0.0175576694
  68.5874176 -0.0171524212
  68.6374817 -0.0171524212
  68.6875458 -0.0163419265
  68.7376099 -0.015734056
  68.787674 -0.0161393043
  68.837738 -0.0163419284
  68.8878021 -0.0161393043
  68.9378662 -0.0155314319
  68.9879303 -0.015531431
  69.0379868 -0.0163419284
  69.0880508 -0.0169497989
  69.1381149 -0.0179629177
  69.188179 -0.0183681641
  69.2382431 -0.0193812829
  69.2883072 -0.0187734105
  69.3383713 -0.0195838995
  69.3884354 -0.0195839014
  69.4384995 -0.0179629121
  69.4885635 -0.0173550416
  69.5386276 -0.0183681604
  69.5886917 -0.0177602898
  69.6387558 -0.0173550416
  69.6888199 -0.0173550434
  69.738884 -0.0161393024
  69.7889481 -0.016949797
  69.8390121 -0.0183681604
  69.8890762 -0.0181655381
  69.9391403 -0.0187734086
  69.9892044 -0.0189760346
  70.0392685 -0.017962914
  70.0893326 -0.017962914
  70.1393967 -0.0173550434
  70.1894608 -0.0171524212
  70.2395248 -0.0175576657
  70.2895889 -0.0181655381
  70.339653 -0.0185707863
  70.3897171 -0.017962914
  70.4397736 -0.016949797
  70.4898376 -0.0183681622
  70.5399017 -0.0187734086
  70.5899658 -0.0185707845
  70.6400299 -0.0173550397
  70.690094 -0.0173550397
  70.7401581 -0.0181655362
  70.7902222 -0.0189760309
  70.8402863 -0.017962914
  70.8903503 -0.017962914
  70.9404144 -0.0173550397
  70.9904785 -0.0169497952
  71.0405426 -0.0163419247
  71.0906067 -0.0163419247
  71.1406708 -0.0157340523
  71.1907349 -0.0163419265
  71.240799 -0.015531431
  71.290863 -0.015531431
  71.3409271 -0.0159366801
  71.3909912 -0.0167471729
  71.4410553 -0.0173550434
  71.4911194 -0.0173550416
  71.5411835 -0.0183681604
  71.5912476 -0.0183681604
  71.6413116 -0.0173550453
  71.6913757 -0.0173550453
  71.7414398 -0.0175576676
  71.7914963 -0.0177602898
  71.8415604 -0.0183681622
  71.8916245 -0.0181655381
  71.9416885 -0.0183681604
  71.9917526 -0.0187734086
  72.0418167 -0.0197865311
  72.0918808 -0.019381281
  72.1419449 -0.0201917775
  72.192009 -0.0203943998
  72.2420731 -0.0207996499
  72.2921371 -0.0197865292
  72.3422012 -0.0216101445
  72.3922653 -0.0216101445
  72.4423294 -0.0214075185
  72.4923935 -0.0216101427
  72.5424576 -0.020799648
  72.5925217 -0.022420641
  72.6425858 -0.0218127724
  72.6926498 -0.0212048944
  72.7427139 -0.0210022721
  72.792778 -0.0203944016
  72.8428421 -0.0201917756
  72.8929062 -0.019381281
  72.9429703 -0.0193812773
  72.9930344 -0.0195838995
  73.0430984 -0.0195839014
  73.0931625 -0.0193812773
  73.143219 -0.018976029
  73.1932831 -0.0203943998
  73.2433472 -0.0201917756
  73.2934113 -0.0205970202
  73.3434753 -0.0199891515
  73.3935394 -0.0201917756
  73.4436035 -0.0197865292
  73.4936676 -0.019381281
  73.5437317 -0.0197865292
  73.5937958 -0.0195839014
  73.6438599 -0.0193812829
  73.693924 -0.0195839014
  73.743988 -0.0199891534
  73.7940521 -0.0201917756
  73.8441162 -0.019381281
  73.8941803 -0.0183681641
  73.9442444 -0.0193812829
  73.9943085 -0.0187734123
  74.0443726 -0.021002274
  74.0944366 -0.0201917756
  74.1445007 -0.0199891534
  74.1945648 -0.0203943998
  74.2446289 -0.0207996499
  74.294693 -0.0197865292
  74.3447571 -0.019381281
  74.3948212 -0.0210022721
  74.4448853 -0.0197865274
  74.4949493 -0.0199891515
  74.5450058 -0.0191786587
  74.5950699 -0.0193812829
  74.645134 -0.0191786587
  74.6951981 -0.0187734105
  74.7452621 -0.0195839051
  74.7953262 -0.019381281
  74.8453903 -0.0181655381
  74.8954544 -0.0187734105
  74.9455185 -0.0185707863
  74.9955826 -0.0183681641
  75.0456467 -0.017962914
  75.0957108 -0.0169497952
  75.1457748 -0.0177602898
  75.1958389 -0.0181655381
  75.245903 -0.0187734067
  75.2959671 -0.0183681566
  75.3460312 -0.0195838995
  75.3960953 -0.0195839014
  75.4461594 -0.0187734067
  75.4962234 -0.0189760346
  75.5462875 -0.0195839014
  75.5963516 -0.019178655
  75.6464157 -0.018976029
  75.6964798 -0.0181655362
  75.7465439 -0.0167471711
  75.796608 -0.0173550434
  75.8466721 -0.0165445469
  75.8967285 -0.0171524193
  75.9467926 -0.0175576676
  75.9968567 -0.0175576657
  76.0469208 -0.0173550397
  76.0969849 -0.0173550416
  76.147049 -0.0175576657
  76.197113 -0.0175576657
  76.2471771 -0.0181655381
  76.2972412 -0.0187734086
  76.3473053 -0.018976029
  76.3973694 -0.0181655362
  76.4474335 -0.0183681585
  76.4974976 -0.0179629121
  76.5475616 -0.0193812773
  76.5976257 -0.017962914
  76.6476898 -0.0183681622
  76.6977539 -0.0183681641
  76.747818 -0.0181655381
  76.7978821 -0.0187734105
  76.8479462 -0.017962914
  76.8980103 -0.019583907
  76.9480743 -0.0193812829
  76.9981384 -0.019178655
  77.0482025 -0.0189760309
  77.0982666 -0.0189760309
  77.1483307 -0.0199891515
  77.1983948 -0.0197865274
  77.2484512 -0.0199891515
  77.2985153 -0.0214075185
  77.3485794 -0.0226232614
  77.3986435 -0.0216101445
  77.4487076 -0.022218015
  77.4987717 -0.0205970239
  77.5488358 -0.0216101408
  77.5988998 -0.0214075148
  77.6489639 -0.0218127649
  77.699028 -0.0226232614
  77.7490921 -0.022420641
  77.7991562 -0.0220153909
  77.8492203 -0.0212048981
  77.8992844 -0.022218015
  77.9493484 -0.0220153909
  77.9994125 -0.0214075204
  78.0494766 -0.0199891552
  78.0995407 -0.0183681641
  78.1496048 -0.019381281
  78.1996689 -0.0189760346
  78.249733 -0.0201917794
  78.2997971 -0.0197865292
  78.3498611 -0.0199891534
  78.3999252 -0.0201917775
  78.4499893 -0.0195839051
  78.5000534 -0.0205970258
  78.5501175 -0.0203944016
  78.6001816 -0.0205970239
  78.650238 -0.0207996462
  78.7003021 -0.0195839051
  78.7503662 -0.0195839051
  78.8004303 -0.019381281
  78.8504944 -0.0191786587
  78.9005585 -0.0189760365
  78.9506226 -0.019583907
  79.0006866 -0.0197865292
  79.0507507 -0.0207996499
  79.1008148 -0.0222180188
  79.1508789 -0.0232311375
  79.200943 -0.0230285078
  79.2510071 -0.0230285116
  79.3010712 -0.0228258874
  79.3511353 -0.0228258874
  79.4011993 -0.0224206354
  79.4512634 -0.0228258874
  79.5013275 -0.0224206429
  79.5513916 -0.0214075241
  79.6014557 -0.0203944016
  79.6515198 -0.0214075204
  79.7015839 -0.0205970258
  79.7516479 -0.0205970258
  79.801712 -0.0216101427
  79.8517761 -0.0220153946
  79.9018402 -0.0234337635
  79.9519043 -0.0232311338
  80.0019608 -0.0234337579
  80.0520248 -0.0232311375
  80.1020889 -0.0238390099
  80.152153 -0.0244468842
  80.2022171 -0.0244468842
  80.2522812 -0.0256626271
  80.3023453 -0.0236363858
  80.3524094 -0.0226232652
  80.4024734 -0.0232311375
  80.4525375 -0.0232311394
  80.5026016 -0.0244468804
  80.5526657 -0.0228258893
  80.6027298 -0.0220153946
  80.6527939 -0.0220153909
  80.702858 -0.0232311375
  80.7529221 -0.0240416341
  80.8029861 -0.0236363858
  80.8530502 -0.0232311338
  80.9031143 -0.0232311375
  80.9531784 -0.0238390062
  81.0032425 -0.0216101408
  81.0533066 -0.0220153891
  81.1033707 -0.0236363858
  81.1534348 -0.0234337598
  81.2034988 -0.0234337598
  81.2535629 -0.0238390099
  81.303627 -0.0228258912
  81.3536835 -0.0224206429
  81.4037476 -0.0222180188
  81.4538116 -0.022420641
  81.5038757 -0.0220153891
  81.5539398 -0.0224206336
  81.6040039 -0.0210022684
  81.654068 -0.0203943979
  81.7041321 -0.0201917756
  81.7541962 -0.0222180188
  81.8042603 -0.0218127705
  81.8543243 -0.0228258874
  81.9043884 -0.0232311301
  81.9544525 -0.022218015
  82.0045166 -0.0216101445
  82.0545807 -0.0224206354
  82.1046448 -0.0218127668
  82.1547089 -0.023028506
  82.2047729 -0.023028506
  82.254837 -0.0228258874
  82.3049011 -0.0230285078
  82.3549652 -0.0240416303
  82.4050293 -0.0248521306
  82.4550934 -0.0254600011
  82.5051575 -0.0256626215
  82.5552216 -0.0246495046
  82.6052856 -0.0238390081
  82.6553497 -0.0234337598
  82.7054138 -0.0236363839
  82.7554703 -0.0238390062
  82.8055344 -0.0238390043
  82.8555984 -0.0244468804
  82.9056625 -0.0236363877
  82.9557266 -0.0234337598
  83.0057907 -0.0230285153
  83.0558548 -0.0230285134
  83.1059189 -0.0218127724
  83.155983 -0.0214075204
  83.2060471 -0.0214075241
  83.2561111 -0.0201917794
  83.3061752 -0.0193812829
  83.3562393 -0.0205970276
  83.4063034 -0.0207996499
  83.4563675 -0.0203944016
  83.5064316 -0.0205970258
  83.5564957 -0.0220153965
  83.6065598 -0.0224206429
  83.6566238 -0.0216101483
  83.7066879 -0.0226232652
  83.756752 -0.0218127668
  83.8068161 -0.0218127668
  83.8568802 -0.0216101445
  83.9069443 -0.0216101483
  83.9570084 -0.0224206429
  84.0070724 -0.0220153946
  84.0571365 -0.0218127705
  84.107193 -0.0226232652
  84.1572571 -0.0232311357
  84.2073212 -0.0232311375
  84.2573853 -0.0232311375
  84.3074493 -0.0228258874
  84.3575134 -0.0234337598
  84.4075775 -0.0236363839
  84.4576416 -0.0246495027
  84.5077057 -0.0238390081
  84.5577698 -0.024852125
  84.6078339 -0.0234337579
  84.6578979 -0.0230285134
  84.707962 -0.0234337617
  84.7580261 -0.0228258893
  84.8080902 -0.0218127668
  84.8581543 -0.0220153909
  84.9082184 -0.0218127705
  84.9582825 -0.0214075204
  85.0083466 -0.0224206429
  85.0584106 -0.0216101445
  85.1084747 -0.0220153965
  85.1585388 -0.0224206448
  85.2086029 -0.0232311394
  85.258667 -0.0220153946
  85.3087311 -0.0216101427
  85.3587952 -0.0216101408
  85.4088593 -0.0214075185
  85.4589157 -0.0203943979
  85.5089798 -0.0199891478
  85.5590439 -0.0205970239
  85.609108 -0.018976029
  85.6591721 -0.019178655
  85.7092361 -0.0195839051
  85.7593002 -0.0191786587
  85.8093643 -0.0191786587
  85.8594284 -0.0181655381
  85.9094925 -0.0193812829
  85.9595566 -0.0201917775
  86.0096207 -0.0187734123
  86.0596848 -0.0187734123
  86.1097488 -0.0199891534
  86.1598129 -0.0189760346
  86.209877 -0.0187734105
  86.2599411 -0.0197865292
  86.3100052 -0.0193812829
  86.3600693 -0.0191786606
  86.4101334 -0.019786533
  86.4601974 -0.0205970276
  86.5102615 -0.0212048981
  86.5603256 -0.0218127724
  86.6103897 -0.021002274
  86.6604538 -0.0212048981
  86.7105179 -0.0222180188
  86.760582 -0.0236363821
  86.8106384 -0.0242442545
  86.8607025 -0.0238390062
  86.9107666 -0.0234337579
  86.9608307 -0.0246495027
  87.0108948 -0.0250547547
  87.0609589 -0.0252573788
  87.1110229 -0.0252573807
  87.161087 -0.0234337635
  87.2111511 -0.0236363858
  87.2612152 -0.0234337654
  87.3112793 -0.0240416378
  87.3613434 -0.0230285153
  87.4114075 -0.0222180188
  87.4614716 -0.0216101445
  87.5115356 -0.0212048963
  87.5615997 -0.0222180206
  87.6116638 -0.0212048944
  87.6617279 -0.0224206373
  87.711792 -0.0232311357
  87.7618561 -0.0240416303
  87.8119202 -0.0232311357
  87.8619843 -0.0234337598
  87.9120483 -0.0244468804
  87.9621124 -0.0234337617
  88.0121765 -0.0226232652
  88.0622406 -0.0228258874
  88.1123047 -0.0226232614
  88.1623688 -0.0230285134
  88.2124252 -0.0234337579
  88.2624893 -0.0234337542
  88.3125534 -0.0230285078
  88.3626175 -0.0230285116
  88.4126816 -0.0218127705
  88.4627457 -0.0218127705
  88.5128098 -0.0216101483
  88.5628738 -0.0218127705
  88.6129379 -0.0216101445
  88.663002 -0.0205970258
  88.7130661 -0.022420641
  88.7631302 -0.0228258893
  88.8131943 -0.0242442563
  88.8632584 -0.0232311375
  88.9133224 -0.0246495139
  88.9633865 -0.0240416415
  89.0134506 -0.0242442619
  89.0635147 -0.0236363877
  89.1135788 -0.0238390118
  89.1636429 -0.0234337654
  89.213707 -0.0226232689
  89.2637711 -0.0236363914
  89.3138351 -0.0234337635
  89.3638992 -0.0236363858
  89.4139633 -0.0238390118
  89.4640274 -0.0254600048
  89.5140915 -0.0252573807
  89.5641479 -0.0250547547
  89.614212 -0.0256626215
  89.6642761 -0.0262704957
  89.7143402 -0.0248521268
  89.7644043 -0.0242442582
  89.8144684 -0.0232311394
  89.8645325 -0.022825893
  89.9145966 -0.0232311394
  89.9646606 -0.0234337654
  90.0147247 -0.0242442619
  90.0647888 -0.0240416341
  90.1148529 -0.0234337635
  90.164917 -0.0246495046
  90.2149811 -0.0246495083
  90.2650452 -0.0242442582
  90.3151093 -0.0246495083
  90.3651733 -0.0242442582
  90.4152374 -0.0240416322
  90.4653015 -0.0252573788
  90.5153656 -0.0246495102
  90.5654297 -0.0246495083
  90.6154938 -0.0236363821
  90.6655579 -0.0242442545
  90.7156219 -0.0236363858
  90.765686 -0.0230285134
  90.8157501 -0.0222180188
  90.8658142 -0.0226232689
  90.9158707 -0.0214075241
  90.9659348 -0.0220153965
  91.0159988 -0.0226232689
  91.0660629 -0.0230285153
  91.116127 -0.0236363877
  91.1661911 -0.0238390118
  91.2162552 -0.0238390099
  91.2663193 -0.0246495046
  91.3163834 -0.0230285134
  91.3664474 -0.0240416322
  91.4165115 -0.0226232596
  91.4665756 -0.0226232614
  91.5166397 -0.0234337579
  91.5667038 -0.0228258837
  91.6167679 -0.0236363802
  91.666832 -0.0246495027
  91.7168961 -0.026473118
  91.7669601 -0.0254600029
  91.8170242 -0.0258652493
  91.8670883 -0.0254600011
  91.9171524 -0.0250547547
  91.9672165 -0.0252573807
  92.0172806 -0.0258652531
  92.0673447 -0.024446886
  92.1174088 -0.0240416341
  92.1674728 -0.0242442582
  92.2175369 -0.024446886
  92.267601 -0.0240416341
  92.3176575 -0.0232311394
  92.3677216 -0.0234337617
  92.4177856 -0.0236363839
  92.4678497 -0.0238390081
  92.5179138 -0.0236363839
  92.5679779 -0.0240416341
  92.618042 -0.0246495046
  92.6681061 -0.0242442563
  92.7181702 -0.0254600029
  92.7682343 -0.0256626252
  92.8182983 -0.0264731199
  92.8683624 -0.0262704976
  92.9184265 -0.0252573788
  92.9684906 -0.0256626252
  93.0185547 -0.0260678716
  93.0686188 -0.0262704976
  93.1186829 -0.0264731217
  93.1687469 -0.0258652493
  93.218811 -0.0252573788
  93.2688751 -0.0252573788
  93.3189392 -0.0244468842
  93.3690033 -0.0242442582
  93.4190674 -0.0246495027
  93.4691315 -0.0236363821
  93.5191956 -0.0236363821
  93.5692596 -0.0242442545
  93.6193237 -0.0246495027
  93.6693802 -0.0244468786
  93.7194443 -0.024852125
  93.7695084 -0.0248521268
  93.8195724 -0.0238390062
  93.8696365 -0.0240416303
  93.9197006 -0.0240416303
  93.9697647 -0.0242442526
  94.0198288 -0.0244468749
  94.0698929 -0.0248521231
  94.119957 -0.024649499
  94.1700211 -0.0246495027
  94.2200851 -0.0260678735
  94.2701492 -0.0256626289
  94.3202133 -0.0260678791
  94.3702774 -0.0254600048
  94.4203415 -0.0260678753
  94.4704056 -0.0250547566
  94.5204697 -0.0244468842
  94.5705338 -0.0242442582
  94.6205978 -0.0248521306
  94.6706619 -0.0252573751
  94.720726 -0.0240416303
  94.7707901 -0.0246495027
  94.8208542 -0.0240416341
  94.8709183 -0.0246495083
  94.9209824 -0.0244468842
  94.9710464 -0.0256626271
  95.0211029 -0.0262704976
  95.071167 -0.0258652493
  95.1212311 -0.0246495046
  95.1712952 -0.0242442563
  95.2213593 -0.0240416322
  95.2714233 -0.0238390099
  95.3214874 -0.0250547547
  95.3715515 -0.0236363858
  95.4216156 -0.0230285078
  95.4716797 -0.0228258837
  95.5217438 -0.0250547491
  95.5718079 -0.0262704957
  95.6218719 -0.0260678716
  95.671936 -0.0262704995
  95.7220001 -0.0258652512
  95.7720642 -0.0252573751
  95.8221283 -0.0250547491
  95.8721924 -0.0260678679
  95.9222565 -0.0250547491
  95.9723206 -0.0246495008
  96.0223846 -0.0238390081
  96.0724487 -0.0244468804
  96.1225128 -0.0250547547
  96.1725769 -0.0246495046
  96.222641 -0.0246495046
  96.2727051 -0.0238390118
  96.3227692 -0.0238390099
  96.3728333 -0.0244468804
  96.4228897 -0.0238390081
  96.4729538 -0.024446886
  96.5230179 -0.0238390099
  96.573082 -0.0238390043
  96.6231461 -0.0238390043
  96.6732101 -0.0238390043
  96.7232742 -0.0222180132
  96.7733383 -0.022218015
  96.8234024 -0.0214075204
  96.8734665 -0.0214075185
  96.9235306 -0.0220153909
  96.9735947 -0.0214075185
  97.0236588 -0.0234337598
  97.0737228 -0.0238390062
  97.1237869 -0.0244468767
  97.173851 -0.0244468749
  97.2239151 -0.024852125
  97.2739792 -0.0248521268
  97.3240433 -0.0252573788
  97.3741074 -0.0254600048
  97.4241714 -0.0242442582
  97.4742355 -0.0240416322
  97.5242996 -0.0236363858
  97.5743637 -0.0230285153
  97.6244278 -0.0228258912
  97.6744919 -0.0218127724
  97.724556 -0.0230285153
  97.7746124 -0.0234337617
  97.8246765 -0.0228258893
  97.8747406 -0.0234337617
  97.9248047 -0.0246495046
  97.9748688 -0.0248521268
  98.0249329 -0.0258652493
  98.0749969 -0.0258652512
  98.125061 -0.0272836145
  98.1751251 -0.0280941073
  98.2251892 -0.027891485
  98.2752533 -0.0284993574
  98.3253174 -0.0276888683
  98.3753815 -0.0274862442
  98.4254456 -0.0276888683
  98.4755096 -0.0262705013
  98.5255737 -0.0256626308
  98.5756378 -0.0254600048
  98.6257019 -0.025054751
  98.675766 -0.0242442563
  98.7258301 -0.0244468804
  98.7758942 -0.0224206448
  98.8259583 -0.0222180206
  98.8760223 -0.0216101501
  98.9260864 -0.0218127724
  98.9761505 -0.0212048981
  99.0262146 -0.021002274
  99.0762787 -0.0222180188
  99.1263351 -0.0226232689
  99.1763992 -0.0224206448
  99.2264633 -0.0234337635
  99.2765274 -0.0238390155
  99.3265915 -0.0238390118
  99.3766556 -0.0242442619
  99.4267197 -0.0246495046
  99.4767838 -0.0234337617
  99.5268478 -0.0230285116
  99.5769119 -0.0226232614
  99.626976 -0.0218127649
  99.6770401 -0.0207996462
  99.7271042 -0.0203943979
  99.7771683 -0.0199891515
  99.8272324 -0.019178655
  99.8772964 -0.0185707808
  99.9273605 -0.0199891515
  99.9774246 -0.0207996499
  100.027489 -0.020799648
  100.077553 -0.0216101483
  100.127617 -0.0201917775
  100.177681 -0.0218127724
  100.227745 -0.0218127724
  100.277809 -0.0216101483
  100.327873 -0.0214075241
  100.377937 -0.0207996517
  100.428001 -0.0201917794
  100.478065 -0.0203944016
  100.528122 -0.0201917794
  100.578186 -0.0195839051
  100.62825 -0.0197865292
  100.678314 -0.0195839051
  100.728378 -0.0201917775
  100.778442 -0.0205970239
  100.828506 -0.0216101483
  100.878571 -0.0216101445
  100.928635 -0.0228258893
  100.978699 -0.0236363821
  101.028763 -0.0218127705
  101.078827 -0.0210022721
  101.128891 -0.0218127705
  101.178955 -0.0220153946
  101.229019 -0.0214075185
  101.279083 -0.0214075185
  101.329147 -0.0210022684
  101.379211 -0.0218127649
  101.429276 -0.0218127668
  101.47934 -0.0220153946
  101.529404 -0.0222180188
  101.579468 -0.0230285153
  101.629532 -0.0232311394
  101.679596 -0.0232311375
  101.72966 -0.0234337617
  101.779724 -0.0224206429
  101.829788 -0.0226232652
  101.879845 -0.0214075185
  101.929909 -0.0210022721
  101.979973 -0.0218127668
  102.030037 -0.0201917756
  102.080101 -0.0216101427
  102.130165 -0.022420641
  102.180229 -0.0234337542
  102.230293 -0.0232311301
  102.280357 -0.0240416266
  102.330421 -0.0252573714
  102.380486 -0.0238390043
  102.43055 -0.0238390043
  102.480614 -0.0240416322
  102.530678 -0.0232311375
  102.580742 -0.0236363839
  102.630806 -0.0236363839
  102.68087 -0.0228258893
  102.730934 -0.0232311375
  102.780998 -0.022623267
  102.831062 -0.0220153946
  102.881126 -0.0220153946
  102.93119 -0.0220153965
  102.981255 -0.0218127724
  103.031319 -0.0222180188
  103.081383 -0.0216101427
  103.131447 -0.0214075204
  103.181511 -0.0220153909
  103.231567 -0.0234337617
  103.281631 -0.0240416322
  103.331696 -0.0250547566
  103.38176 -0.0250547566
  103.431824 -0.0264731217
  103.481888 -0.0260678735
  103.531952 -0.0254600029
  103.582016 -0.0264731236
  103.63208 -0.0258652512
  103.682144 -0.026675744
  103.732208 -0.0254600011
  103.782272 -0.0254600011
  103.832336 -0.025054751
  103.882401 -0.024852125
  103.932465 -0.0242442563
  103.982529 -0.0238390099
  104.032593 -0.0242442582
  104.082657 -0.0256626215
  104.132721 -0.0246495046
  104.182785 -0.0244468842
  104.232849 -0.0254600029
  104.282913 -0.026675744
  104.332977 -0.0266757421
  104.383041 -0.0274862368
  104.433105 -0.0287019797
  104.48317 -0.0280941091
  104.533234 -0.0274862349
  104.58329 -0.0272836108
  104.633354 -0.0274862293
  104.683418 -0.0272836071
  104.733482 -0.0264731124
  104.783546 -0.0260678641
  104.833611 -0.0258652475
  104.883675 -0.0274862368
  104.933739 -0.0270809866
  104.983803 -0.0264731199
  105.033867 -0.0256626252
  105.083931 -0.0254600011
  105.133995 -0.0258652493
