  0.0500706136  0.0080545349
  0.100141227  0.00832768343
  0.150211841  0.00832768437
  0.200282454  0.00805453677
  0.250353068  0.00805453677
  0.300423682  0.00819110963
  0.350494295  0.00846425816
  0.400564909  0.00750824017
  0.450635523  0.00764481444
  0.500706136  0.00696194451
  0.55077672  0.00791796204
  0.600847363  0.00805453677
  0.650918007  0.00860082917
  0.700988591  0.0087374039
  0.751059175  0.00873740669
  0.801129818  0.00914711878
  0.851200461  0.00860082638
  0.901271045  0.00846425351
  0.951341629  0.00791796297
  1.00141227  0.0080545377
  1.05148292  0.00764481537
  1.10155344  0.00696194498
  1.15162408  0.00778138964
  1.20169473  0.00750824111
  1.25176537  0.00737166731
  1.30183601  0.00750824111
  1.35190654  0.00805453677
  1.40197718  0.00860083383
  1.45204782  0.0081911115
  1.50211835  0.00860083289
  1.55218899  0.00860083289
  1.60225964  0.00873740669
  1.65233028  0.00805453677
  1.70240092  0.00723509211
  1.75247145  0.00846425816
  1.80254209  0.00928369816
  1.85261273  0.0096934149
  1.90268326  0.010376282
  1.9527539  0.0103762802
  2.00282454  0.0116054434
  2.05289507  0.0117420154
  2.10296583  0.0116054425
  2.15303636  0.0125614591
  2.20310688  0.0131077571
  2.25317764  0.0136540551
  2.30324817  0.0140637737
  2.35331893  0.0142003438
  2.40338945  0.0147466389
  2.45345998  0.0151563631
  2.50353074  0.0162489582
  2.55360126  0.0167952534
  2.60367203  0.0167952515
  2.65374255  0.0167952515
  2.70381308  0.0167952534
  2.75388384  0.0173415467
  2.80395436  0.0178878419
  2.85402489  0.0180244166
  2.90409565  0.0185707118
  2.95416617  0.0204827432
  3.0042367  0.0218484793
  3.05430746  0.0232142173
  3.10437799  0.0247165244
  3.15444875  0.0270382781
  3.20451927  0.0281308722
  3.2545898  0.0297697615
  3.30466056  0.0330475345
  3.35473108  0.0349595733
  3.40480185  0.0368716083
  3.45487237  0.0386470743
  3.50494289  0.0397396609
  3.55501366  0.0416516997
  3.60508418  0.0430174358
  3.65515471  0.0458854958
  3.70522547  0.0473878048
  3.75529599  0.0497095548
  3.80536652  0.0538067669
  3.85543728  0.0568113923
  3.9055078  0.0603623241
  3.95557857  0.0630937964
  4.00564909  0.0674641654
  4.05571985  0.0716979653
  4.10579014  0.0759317502
  4.1558609  0.0804387331
  4.20593166  0.0841262415
  4.25600195  0.0871308669
  4.30607271  0.0910915136
  4.35614347  0.0950521603
  4.40621376  0.100241952
  4.45628452  0.104475759
  4.50635529  0.108572975
  4.55642605  0.113353066
  4.60649633  0.119362324
  4.6565671  0.123459548
  4.70663786  0.129059076
  4.75670815  0.134112298
  4.80677891  0.138892397
  4.85684967  0.145857632
  4.90691996  0.151184008
  4.95699072  0.156373799
  5.00706148  0.162656248
  5.05713177  0.168665469
  5.10720253  0.17549412
  5.15727329  0.180957079
  5.20734406  0.187239528
  5.25741434  0.192429334
  5.3074851  0.197892264
  5.35755587  0.202945501
  5.40762615  0.208954826
  5.45769691  0.213461787
  5.50776768  0.218378484
  5.55783796  0.224114597
  5.60790873  0.228621513
  5.65797949  0.233947888
  5.70804977  0.238181695
  5.75812054  0.242688626
  5.8081913  0.247605279
  5.85826159  0.250609905
  5.90833235  0.25443396
  5.95840311  0.256892264
  6.0084734  0.259896874
  6.05854416  0.261808932
  6.10861492  0.26440385
  6.15868568  0.266862154
  6.20875597  0.268364459
  6.25882673  0.270413071
  6.3088975  0.273144513
  6.35896778  0.274237096
  6.40903854  0.277514815
  6.45910931  0.279290289
  6.50917959  0.281065762
  6.55925035  0.282841265
  6.60932112  0.283933818
  6.6593914  0.285709321
  6.70946217  0.287484795
  6.75953293  0.288713902
  6.80960369  0.289806485
  6.85967398  0.290899098
  6.90974474  0.292674541
  6.9598155  0.294996351
  7.00988579  0.295679212
  7.05995655  0.296908379
  7.11002731  0.29895699
  7.1600976  0.300595909
  7.21016836  0.302371383
  7.26023912  0.303737104
  7.31030941  0.306332022
  7.36038017  0.309063554
  7.41045094  0.311385274
  7.46052122  0.314526558
  7.51059198  0.317667693
  7.56066275  0.321628392
  7.61073303  0.325589031
  7.66080379  0.328730255
  7.71087456  0.333783418
  7.76094532  0.337744117
  7.81101561  0.342387676
  7.86108637  0.347440869
  7.91115713  0.353586614
  7.96122742  0.359459341
  8.01129818  0.365058899
  8.06136894  0.372433871
  8.1114397  0.379672229
  8.16151047  0.38704738
  8.21158028  0.395924598
  8.26165104  0.404801875
  8.3117218  0.415591151
  8.36179256  0.425424397
  8.41186333  0.436623394
  8.46193409  0.449051678
  8.5120039  0.461343467
  8.56207466  0.474044859
  8.61214542  0.48770234
  8.66221619  0.501769543
  8.71228695  0.515836596
  8.76235771  0.530722916
  8.81242752  0.546702266
  8.86249828  0.56377399
  8.91256905  0.580982447
  8.96263981  0.597917557
  9.01271057  0.616901338
  9.06278133  0.636021614
  9.1128521  0.655551732
  9.16292191  0.676857233
  9.21299267  0.697070062
  9.26306343  0.719468236
  9.31313419  0.739817679
  9.36320496  0.761396646
  9.41327572  0.784341037
  9.46334553  0.804827273
  9.51341629  0.826679051
  9.56348705  0.847028255
  9.61355782  0.869153619
  9.66362858  0.889912546
  9.71369934  0.911081314
  9.7637701  0.933206618
  9.81383991  0.954375684
  9.86391068  0.975134313
  9.91398144  0.997805953
  9.9640522  1.01870179
  10.014123  1.04069054
  10.0641937  1.05994701
  10.1142635  1.08029687
  10.1643343  1.09969032
  10.2144051  1.11840081
  10.2644758  1.13574588
  10.3145466  1.15240788
  10.3646173  1.16797698
  10.4146881  1.18368316
  10.4647579  1.19856966
  10.5148287  1.21304691
  10.5648994  1.22656751
  10.6149702  1.23981512
  10.665041  1.25142372
  10.7151117  1.26303232
  10.7651815  1.27232027
  10.8152523  1.28188014
  10.8653231  1.29007447
  10.9153938  1.2963568
  10.9654646  1.30345809
  11.0155354  1.30728221
  11.0656052  1.31192613
  11.1156759  1.31547725
  11.1657467  1.31807208
  11.2158175  1.32025731
  11.2658882  1.32162309
  11.315959  1.32134998
  11.3660297  1.32121348
  11.4160995  1.32080352
  11.4661703  1.31971109
  11.5162411  1.31766236
  11.5663118  1.31506729
  11.6163826  1.31315541
  11.6664534  1.3093313
  11.7165232  1.30605328
  11.7665939  1.30127287
  11.8166647  1.29690254
  11.8667355  1.29239595
  11.9168062  1.28775239
  11.966877  1.28310907
  12.0169468  1.27669036
  12.0670176  1.27122724
  12.1170883  1.26644707
  12.1671591  1.26043785
  12.2172298  1.25565803
  12.2673006  1.25169706
  12.3173714  1.24705362
  12.3674412  1.24322963
  12.4175119  1.23981524
  12.4675827  1.23626435
  12.5176535  1.23366916
  12.5677242  1.23162043
  12.617795  1.22984505
  12.6678648  1.22929883
  12.7179356  1.22834289
  12.7680063  1.22738695
  12.8180771  1.22820628
  12.8681479  1.22834301
  12.9182186  1.22916245
  12.9682894  1.23134792
  13.0183592  1.23558152
  13.0684299  1.23899579
  13.1185007  1.24309289
  13.1685715  1.24773633
  13.2186422  1.25415552
  13.268713  1.26002812
  13.3187828  1.26685691
  13.3688536  1.27491498
  13.4189243  1.28310943
  13.4689951  1.29253268
  13.5190659  1.30222976
  13.5691366  1.31233561
  13.6192074  1.32312524
  13.6692772  1.33528066
  13.719348  1.34743559
  13.7694187  1.36000049
  13.8194895  1.37311161
  13.8695602  1.38717806
  13.919631  1.40302134
  13.9697008  1.41831744
  14.0197716  1.43484259
  14.0698423  1.45095837
  14.1199131  1.46898627
  14.1699839  1.48687732
  14.2200546  1.50435901
  14.2701244  1.52170336
  14.3201952  1.53959465
  14.370266  1.5568037
  14.4203367  1.57606018
  14.4704075  1.59149277
  14.5204782  1.60760891
  14.570549  1.62536311
  14.6206188  1.64161575
  14.6706896  1.65786815
  14.7207603  1.67316473
  14.7708311  1.6885972
  14.8209019  1.70334756
  14.8709726  1.71686804
  14.9210424  1.73038948
  14.9711132  1.74322724
  15.021184  1.75524437
  15.0712547  1.76617122
  15.1213255  1.77682364
  15.1713963  1.78624749
  15.2214661  1.79498875
  15.2715368  1.8030467
  15.3216076  1.80864584
  15.3716784  1.81492805
  15.4217491  1.81916225
  15.4718199  1.82284975
  15.5218906  1.82421541
  15.5719604  1.82585382
  15.6220312  1.82626367
  15.672102  1.82544422
  15.7221727  1.82257617
  15.7722435  1.81957173
  15.8223143  1.81451809
  15.8723841  1.80809951
  15.9224548  1.80086136
  15.9725256  1.79212046
  16.0225964  1.78201365
  16.0726662  1.77108824
  16.1227379  1.75825
  16.1728077  1.74541211
  16.2228794  1.73107195
  16.2729492  1.71686804
  16.3230209  1.70129883
  16.3730907  1.68477333
  16.4231606  1.66742873
  16.4732323  1.64899051
  16.5233021  1.62959695
  16.5733738  1.61034024
  16.6234436  1.59040046
  16.6735134  1.56964111
  16.7235851  1.54819906
  16.7736549  1.5262109
  16.8237267  1.50463164
  16.8737965  1.4837364
  16.9238682  1.46147466
  16.973938  1.43975902
  17.0240078  1.41790783
  17.0740795  1.39619267
  17.1241493  1.37461376
  17.174221  1.35330796
  17.2242908  1.33282244
  17.2743626  1.3124727
  17.3244324  1.29198635
  17.3745022  1.27163696
  17.4245739  1.25237989
  17.4746437  1.23380589
  17.5247154  1.21577847
  17.5747852  1.19788671
  17.624855  1.18067825
  17.6749268  1.16374373
  17.7249966  1.14694524
  17.7750683  1.13069248
  17.8251381  1.11525941
  17.8752098  1.10023654
  17.9252796  1.08685279
  17.9753494  1.0741508
  18.0254211  1.0615859
  18.075491  1.04997718
  18.1255627  1.0393244
  18.1756325  1.0296278
  18.2257042  1.01938486
  18.275774  1.01119006
  18.3258438  1.00354195
  18.3759155  0.995483875
  18.4259853  0.989064932
  18.4760571  0.982782722
  18.5261269  0.977319956
  18.5761986  0.971447349
  18.6262684  0.96816963
  18.6763382  0.962433338
  18.7264099  0.957926393
  18.7764797  0.955058455
  18.8265514  0.952190518
  18.8766212  0.950005412
  18.9266911  0.94822979
  18.9767628  0.945634782
  19.0268326  0.944132328
  19.0769043  0.942493558
  19.1269741  0.940991342
  19.1770458  0.940308511
  19.2271156  0.93962568
  19.2771854  0.93962568
  19.3272572  0.939079344
  19.377327  0.938533068
  19.4273987  0.938942671
  19.4774685  0.938123047
  19.5275402  0.937849998
  19.57761  0.937986612
  19.6276798  0.93921572
  19.6777515  0.938396215
  19.7278214  0.937986553
  19.7778931  0.937167048
  19.8279629  0.936211109
  19.8780327  0.934708774
  19.9281044  0.932660222
  19.9781742  0.930338502
  20.0282459  0.928562999
  20.0783157  0.925285399
  20.1283875  0.921734512
  20.1784573  0.91832006
  20.2285271  0.914905787
  20.2785988  0.909579337
  20.3286686  0.904799223
  20.3787403  0.89838016
  20.4288101  0.892234385
  20.4788818  0.88581562
  20.5289516  0.8774845
  20.5790215  0.869563043
  20.6290932  0.86013943
  20.679163  0.850988925
  20.7292347  0.840336323
  20.7793045  0.829820335
  20.8293762  0.818484604
  20.879446  0.806875944
  20.9295158  0.794720709
  20.9795876  0.780926585
  21.0296574  0.767815471
  21.0797291  0.754567921
  21.1297989  0.740227222
  21.1798687  0.725477397
  21.2299404  0.709771574
  21.2800102  0.694202244
  21.3300819  0.677813232
  21.3801517  0.661560774
  21.4302235  0.64585489
  21.4802933  0.629329503
  21.5303631  0.61335057
  21.5804348  0.595732331
  21.6305046  0.580026388
  21.6805763  0.563364267
  21.7306461  0.54615593
  21.7807178  0.530996084
  21.8307877  0.51529038
  21.8808575  0.499857366
  21.9309292  0.484697759
  21.980999  0.470903754
  22.0310707  0.456699789
  22.0811405  0.442359537
  22.1312103  0.429794759
  22.181282  0.416547239
  22.2313519  0.40398249
  22.2814236  0.392237335
  22.3314934  0.380901486
  22.3815651  0.368882865
  22.4316349  0.357683897
  22.4817047  0.347577363
  22.5317764  0.337470978
  22.5818462  0.327637702
  22.631918  0.317531198
  22.6819878  0.308107495
  22.7320595  0.29895699
  22.7821293  0.291718543
  22.8321991  0.283797234
  22.8822708  0.276422232
  22.9323406  0.27068612
  22.9824123  0.264130622
  23.0324821  0.257302016
  23.082552  0.251565903
  23.1326237  0.246239498
  23.1826935  0.240776643
  23.2327652  0.236133084
  23.282835  0.22985065
  23.3329067  0.224934012
  23.3829765  0.219744191
  23.4330463  0.214554325
  23.4831181  0.210183963
  23.5331879  0.205267265
  23.5832596  0.201716334
  23.6333294  0.197892249
  23.6834011  0.193385288
  23.7334709  0.190517232
  23.7835407  0.186420009
  23.8336124  0.184507966
  23.8836823  0.181776509
  23.933754  0.179591328
  23.9838238  0.178362161
  24.0338936  0.175630704
  24.0839653  0.174128398
  24.1340351  0.172899231
  24.1841068  0.171670049
  24.2341766  0.168802023
  24.2842484  0.166480273
  24.3343182  0.165797412
  24.384388  0.164431691
  24.4344597  0.162656248
  24.4845295  0.160061315
  24.5346012  0.157329857
  24.584671  0.157056704
  24.6347427  0.154461801
  24.6848125  0.15309608
  24.7348824  0.150910869
  24.7849541  0.149681732
  24.8350239  0.148042843
  24.8850956  0.146813646
  24.9351654  0.145038188
  24.9852371  0.143399313
  25.0353069  0.14162384
  25.0853767  0.140531272
  25.1354485  0.138619214
  25.1855183  0.137253478
  25.23559  0.136434034
  25.2856598  0.134522006
  25.3357296  0.133292854
  25.3858013  0.131244242
  25.4358711  0.129059061
  25.4859428  0.126737282
  25.5360126  0.124415509
  25.5860844  0.122913219
  25.6361542  0.120045155
  25.686224  0.11745026
  25.7362957  0.115265086
  25.7863655  0.112670183
  25.8364372  0.109938718
  25.886507  0.108163252
  25.9365788  0.104885474
  25.9866486  0.102700278
  26.0367184  0.100515105
  26.0867901  0.0983299091
  26.1368599  0.0950521529
  26.1869316  0.0921841189
  26.2370014  0.089042902
  26.2870712  0.0867211372
  26.3371429  0.0834433883
  26.3872128  0.0808485001
  26.4372845  0.0781169832
  26.4873543  0.0742928982
  26.537426  0.072790578
  26.5874958  0.0699225143
  26.6375656  0.0685567558
  26.6876373  0.065688692
  26.7377071  0.0641863719
  26.7877789  0.0629572198
  26.8378487  0.0604988746
  26.8879204  0.058313679
  26.9379902  0.0572210886
  26.98806  0.0546261966
  27.0381317  0.052714169
  27.0882015  0.0512118638
  27.1382732  0.0494363979
  27.188343  0.0483438261
  27.2384148  0.0476609543
  27.2884846  0.04697809
  27.3385544  0.0453392118
  27.3886261  0.0442466214
  27.4386959  0.0432905965
  27.4887676  0.04178828
  27.5388374  0.0402859636
  27.5889072  0.0383739285
  27.638979  0.0375544839
  27.6890488  0.0361887366
  27.7391205  0.0342767015
  27.7891903  0.033320684
  27.839262  0.0322280936
  27.8893318  0.0322280899
  27.9394016  0.0311354939
  27.9894733  0.0297697503
  28.0395432  0.0299063232
  28.0896149  0.0297697503
  28.1396847  0.0293600317
  28.1897564  0.0277211387
  28.2398262  0.0270382706
  28.289896  0.0262188278
  28.3399677  0.0248530954
  28.3900375  0.0243068039
  28.4401093  0.0236239396
  28.4901791  0.0236239415
  28.5402489  0.0226679239
  28.5903206  0.0228045005
  28.6403904  0.0214387644
  28.6904621  0.0213021897
  28.7405319  0.0197998751
  28.7906036  0.0193901584
  28.8406734  0.0191170126
  28.8907433  0.0193901546
  28.940815  0.0185707118
  28.9908848  0.0182975642
  29.0409565  0.0184341408
  29.0910263  0.0188438613
  29.141098  0.0181609932
  29.1911678  0.0192535799
  29.2412376  0.0189804323
  29.2913094  0.0182975642
  29.3413792  0.0174781252
  29.3914509  0.0172049794
  29.4415207  0.015702663
  29.4915905  0.0147466464
  29.5416622  0.0139272017
  29.591732  0.01324433
  29.6418037  0.01324433
  29.6918736  0.0135174794
  29.7419453  0.0135174794
  29.7920151  0.0133809056
  29.8420849  0.0135174803
  29.8921566  0.0142003475
  29.9422264  0.0133809047
  29.9922981  0.0131077571
  30.0423679  0.0129711842
  30.0924397  0.0122883152
  30.1425095  0.01174202
  30.1925793  0.0111957239
  30.242651  0.00982998591
  30.2927208  0.00928369723
  30.3427925  0.00860083289
  30.3928623  0.0083276853
  30.4429321  0.00737166731
  30.4930038  0.0080545377
  30.5430737  0.0080545377
  30.5931454  0.0076448163
  30.6432152  0.0079179639
  30.6932869  0.00737166731
  30.7433567  0.00723509397
  30.7934265  0.00723509397
  30.8434982  0.00737166777
  30.893568  0.00709852017
  30.9436398  0.00682537304
  30.9937096  0.00696194684
  31.0437813  0.00614250265
  31.0938511  0.00573278079
  31.1439209  0.00545963366
  31.1939926  0.00464018947
  31.2440624  0.00436704
  31.2941341  0.00423046621
  31.3442039  0.00300128898
  31.3942757  0.00231841672
  31.4443455  0.00259156944
  31.4944153  0.00177212362
  31.544487  0.00190869777
  31.5945568  0.000679525372
  31.6446285  0.00108924997
  31.6946983  0.000952673494
  31.7447681  0.000816102198
  31.7948399  0.000542955066
  31.8449097  0.000952672097
  31.8949814  0.000269802957
  31.9450512  0.000406377832
  31.9951229 -0.000276491599
  32.0451927 -0.000549639284
  32.0952644 -0.000686213258
  32.1453323 -0.000822787231
  32.1954041 -0.00123250799
  32.2454758 -0.000959359866
  32.2955475 -0.00136908132
  32.3456154 -0.000549639168
  32.3956871 -0.000959361088
  32.4457588 -0.00123250904
  32.4958267 -0.00136908272
  32.5458984 -0.00164223043
  32.5959702 -0.00191537861
  32.6460419 -0.00205195276
  32.6961098 -0.00177880412
  32.7461815 -0.00205194997
  32.7962532 -0.00287139229
  32.8463211 -0.00273481803
  32.8963928 -0.00273481826
  32.9464645 -0.00314454059
  32.9965363 -0.00300796679
  33.0466042 -0.00287139253
  33.0966759 -0.00328111392
  33.1467476 -0.00287139253
  33.1968155 -0.00355426292
  33.2468872 -0.00410055928
  33.2969589 -0.00382741145
  33.3470268 -0.00382741028
  33.3970985 -0.00355426245
  33.4471703 -0.00423713261
  33.497242 -0.00423713308
  33.5473099 -0.00464685541
  33.5973816 -0.00519314967
  33.6474533 -0.00492000254
  33.6975212 -0.0051931506
  33.7475929 -0.0051931506
  33.7976646 -0.00519314967
  33.8477364 -0.00492000207
  33.8978043 -0.00410055835
  33.947876 -0.00505657587
  33.9979477 -0.00628574053
  34.0480156 -0.00669546239
  34.0980873 -0.00669546239
  34.148159 -0.00683203712
  34.1982307 -0.00710518425
  34.2482986 -0.00737833139
  34.2983704 -0.00806120038
  34.3484421 -0.00737833045
  34.39851 -0.00710518192
  34.4485817 -0.00792462472
  34.4986534 -0.00901721511
  34.5487251 -0.00847092085
  34.598793 -0.00860749464
  34.6488647 -0.00901721604
  34.6989365 -0.00942693837
  34.7490044 -0.00874406844
  34.7990761 -0.00970008597
  34.8491478 -0.00915379077
  34.8992195 -0.00833434705
  34.9492874 -0.00792462658
  34.9993591 -0.00860749558
  35.0494308 -0.00792462565
  35.0994987 -0.00737832999
  35.1495705 -0.00819777325
  35.1996422 -0.00806119945
  35.2497101 -0.00819777325
  35.2997818 -0.00874406844
  35.3498535 -0.00860749464
  35.3999252 -0.0095635131
  35.4499931 -0.00956351403
  35.5000648 -0.0090172179
  35.5501366 -0.00956351403
  35.6002045 -0.00915379077
  35.6502762 -0.0098366607
  35.7003479 -0.00970008597
  35.7504196 -0.00888064224
  35.8004875 -0.00874406938
  35.8505592 -0.00970008597
  35.900631 -0.00983665977
  35.9506989 -0.0105195297
  36.0007706 -0.0103829559
  36.0508423 -0.00997323357
  36.100914 -0.0101098074
  36.1509819 -0.0105195306
  36.2010536 -0.0112024006
  36.2511253 -0.0106561044
  36.3011932 -0.0101098074
  36.351265 -0.0105195288
  36.4013367 -0.0102463812
  36.4514084 -0.0101098074
  36.5014763 -0.00942693837
  36.551548 -0.00997323543
  36.6016197 -0.010246383
  36.6516876 -0.00942693837
  36.7017593 -0.00983666256
  36.7518311 -0.0103829578
  36.8019028 -0.011612121
  36.8519707 -0.0118852705
  36.9020424 -0.0118852705
  36.9521141 -0.0122949937
  37.002182 -0.0125681404
  37.0522537 -0.0120218433
  37.1023254 -0.0120218424
  37.1523972 -0.0118852686
  37.2024651 -0.0118852677
  37.2525368 -0.0116121201
  37.3026085 -0.0125681395
  37.3526764 -0.0124315657
  37.4027481 -0.0118852705
  37.4528198 -0.0112024006
  37.5028877 -0.0112023996
  37.5529594 -0.0107926773
  37.6030312 -0.0112023996
  37.6531029 -0.0107926773
  37.7031708 -0.0106561035
  37.7532425 -0.0105195297
  37.8033142 -0.0107926764
  37.8533821 -0.011065823
  37.9034538 -0.0116121201
  37.9535255 -0.0118852686
  38.0035973 -0.0120218424
  38.0536652 -0.0124315638
  38.1037369 -0.01229499
  38.1538086 -0.0125681376
  38.2038765 -0.0124315647
  38.2539482 -0.0120218433
  38.3040199 -0.0110658258
  38.3540916 -0.0112024006
  38.4041595 -0.0107926801
  38.4542313 -0.0103829587
  38.504303 -0.010246383
  38.5543709 -0.0094269393
  38.6044426 -0.0103829596
  38.6545143 -0.0112024024
  38.704586 -0.0117486976
  38.7546539 -0.0124315675
  38.8047256 -0.0125681413
  38.8547974 -0.012841288
  38.9048653 -0.0131144384
  38.954937 -0.0129778627
  39.0050087 -0.0122949928
  39.0550804 -0.0122949928
  39.1051483 -0.0122949909
  39.15522 -0.0124315675
  39.2052917 -0.0122949947
  39.2553596 -0.0116121229
  39.3054314 -0.0125681404
  39.3555031 -0.0128412899
  39.4055748 -0.0131144384
  39.4556427 -0.0137973065
  39.5057144 -0.0142070288
  39.5557861 -0.0144801773
  39.605854 -0.0140704541
  39.6559258 -0.0146167511
  39.7059975 -0.0146167511
  39.7560654 -0.0139338803
  39.8061371 -0.0139338793
  39.8562088 -0.0142070269
  39.9062805 -0.0136607308
  39.9563484 -0.013524157
  40.0064201 -0.0133875851
  40.0564919 -0.0132510103
  40.1065598 -0.0135241579
  40.1566315 -0.0137973065
  40.2067032 -0.0139338803
  40.2567749 -0.0139338803
  40.3068428 -0.014070455
  40.3569145 -0.0139338803
  40.4069862 -0.0137973065
  40.4570541 -0.012841288
  40.5071259 -0.012841288
  40.5571976 -0.0127047151
  40.6072693 -0.0127047151
  40.6573372 -0.0125681404
  40.7074089 -0.0127047151
  40.7574806 -0.0128412899
  40.8075485 -0.0129778627
  40.8576202 -0.0142070269
  40.907692 -0.0140704531
  40.9577637 -0.0135241579
  41.0078316 -0.0140704541
  41.0579033 -0.0143436017
  41.107975 -0.0142070288
  41.1580429 -0.0144801755
  41.2081146 -0.0144801755
  41.2581863 -0.0136607336
  41.3082581 -0.0136607317
  41.358326 -0.0127047133
  41.4083977 -0.0124315666
  41.4584694 -0.0124315675
  41.5085373 -0.012158419
  41.558609 -0.0113389753
  41.6086807 -0.0113389753
  41.6587524 -0.0117486985
  41.7088203 -0.0117486967
  41.7588921 -0.0114755491
  41.8089638 -0.0120218452
  41.8590317 -0.0135241579
  41.9091034 -0.0132510103
  41.9591751 -0.0127047161
  42.009243 -0.0127047161
  42.0593147 -0.0136607345
  42.1093864 -0.0140704541
  42.1594582 -0.0144801773
  42.2095261 -0.0148898978
  42.2595978 -0.0143436007
  42.3096695 -0.0151630454
  42.3597374 -0.0146167511
  42.4098091 -0.0143436017
  42.4598808 -0.0135241579
  42.5099525 -0.0143436017
  42.5600204 -0.0136607308
  42.6100922 -0.0133875823
  42.6601639 -0.0135241579
  42.7102318 -0.0129778627
  42.7603035 -0.0124315657
  42.8103752 -0.012158419
  42.8604469 -0.0127047161
  42.9105148 -0.0122949928
  42.9605865 -0.0133875851
  43.0106583 -0.0136607308
  43.0607262 -0.0142070288
  43.1107979 -0.0144801764
  43.1608696 -0.0140704559
  43.2109413 -0.0147533249
  43.2610092 -0.0146167511
  43.3110809 -0.0144801755
  43.3611526 -0.0144801745
  43.4112206 -0.0140704541
  43.4612923 -0.0140704531
  43.511364 -0.0144801764
  43.5614357 -0.0154361939
  43.6115036 -0.014616752
  43.6615753 -0.0150264734
  43.711647 -0.0148898987
  43.7617149 -0.0146167492
  43.8117867 -0.0152996192
  43.8618584 -0.0150264697
  43.9119263 -0.0152996164
  43.961998 -0.0151630444
  44.0120697 -0.0144801745
  44.0621414 -0.0143436007
  44.1122093 -0.0142070251
  44.162281 -0.0140704522
  44.2123528 -0.0136607299
  44.2624207 -0.0136607308
  44.3124924 -0.0144801727
  44.3625641 -0.0146167483
  44.4126358 -0.0143436007
  44.4627037 -0.014207026
  44.5127754 -0.014753324
  44.5628471 -0.0144801764
  44.612915 -0.0148898996
  44.6629868 -0.0148898987
  44.7130585 -0.0140704541
  44.7631302 -0.0136607308
  44.8131981 -0.0144801755
  44.8632698 -0.0147533221
  44.9133415 -0.0143436007
  44.9634094 -0.014753323
  45.0134811 -0.0152996201
  45.0635529 -0.0150264716
  45.1136246 -0.0162556376
  45.1636925 -0.0166653618
  45.2137642 -0.0157093443
  45.2638359 -0.0163922142
  45.3139038 -0.0168019366
  45.3639755 -0.0158459172
  45.4140472 -0.0157093443
  45.464119 -0.015436193
  45.5141869 -0.0161190629
  45.5642586 -0.0148898978
  45.6143303 -0.0144801764
  45.6643982 -0.0146167492
  45.7144699 -0.0143436044
  45.7645416 -0.013933883
  45.8146133 -0.0131144393
  45.8646812 -0.012704717
  45.914753 -0.0125681413
  45.9648247 -0.0116121229
  46.0148926 -0.0125681404
  46.0649643 -0.0128412871
  46.115036 -0.0129778581
  46.1651039 -0.0132510057
  46.2151756 -0.0132510075
  46.2652473 -0.0140704503
  46.3153191 -0.0142070251
  46.365387 -0.0128412852
  46.4154587 -0.0132510075
  46.4655304 -0.0124315657
  46.5155983 -0.0113389734
  46.56567 -0.0113389734
  46.6157417 -0.0113389725
  46.6658134 -0.0106561035
  46.7158813 -0.0101098074
  46.7659531 -0.00970008597
  46.8160248 -0.0107926773
  46.8660927 -0.0110658268
  46.9161644 -0.0116121229
  46.9662361 -0.0122949937
  47.0163078 -0.0121584171
  47.0663757 -0.0117486957
  47.1164474 -0.0110658277
  47.1665192 -0.0117486976
  47.2165871 -0.0116121257
  47.2666588 -0.0116121257
  47.3167305 -0.0121584199
  47.3668022 -0.0122949947
  47.4168701 -0.0116121247
  47.4669418 -0.0128412889
  47.5170135 -0.0122949909
  47.5670815 -0.0132510113
  47.6171532 -0.0133875851
  47.6672249 -0.0129778618
  47.7172966 -0.0133875841
  47.7673645 -0.0131144356
  47.8174362 -0.0132510094
  47.8675079 -0.0144801764
  47.9175758 -0.0140704559
  47.9676476 -0.0148898987
  48.0177193 -0.0143436044
  48.0677872 -0.0143436026
  48.1178589 -0.014070455
  48.1679306 -0.0137973074
  48.2180023 -0.0151630463
  48.2680702 -0.0150264716
  48.3181419 -0.0142070288
  48.3682137 -0.0139338803
  48.4182816 -0.0140704522
  48.4683533 -0.0146167492
  48.518425 -0.0139338803
  48.5684967 -0.0131144384
  48.6185646 -0.0124315713
  48.6686363 -0.0122949965
  48.718708 -0.0122949947
  48.7687759 -0.0121584199
  48.8188477 -0.0114755491
  48.8689194 -0.0116121229
  48.9189911 -0.0124315675
  48.969059 -0.0137973074
  49.0191307 -0.0136607317
  49.0692024 -0.0137973074
  49.1192703 -0.0144801782
  49.169342 -0.014616752
  49.2194138 -0.0148898978
  49.2694855 -0.0148898987
  49.3195534 -0.0146167483
  49.3696251 -0.0158459153
  49.4196968 -0.0146167483
  49.4697647 -0.0143436007
  49.5198364 -0.0139338793
  49.5699081 -0.0133875851
  49.6199799 -0.0133875851
  49.6700478 -0.0120218443
  49.7201195 -0.0127047161
  49.7701912 -0.0112024024
  49.8202591 -0.0113389743
  49.8703308 -0.0120218443
  49.9204025 -0.0110658277
  49.9704742 -0.010929253
  50.0205421 -0.0116121229
  50.0706139 -0.0110658277
  50.1206856 -0.0110658277
  50.1707535 -0.0112024024
  50.2208252 -0.0113389753
  50.2708969 -0.0110658277
  50.3209648 -0.0107926782
  50.3710365 -0.0112024024
  50.4211082 -0.0118852723
  50.47118 -0.0120218471
  50.5212479 -0.0122949928
  50.5713196 -0.0127047151
  50.6213913 -0.012841288
  50.6714592 -0.0127047151
  50.7215309 -0.0124315666
  50.7716026 -0.0122949947
  50.8216743 -0.012158419
  50.8717422 -0.0116121219
  50.921814 -0.0124315666
  50.9718857 -0.01147555
  51.0219536 -0.0109292539
  51.0720253 -0.0103829578
  51.122097 -0.0105195316
  51.1721687 -0.010792681
  51.2222366 -0.0106561054
  51.2723083 -0.0109292539
  51.3223801 -0.010792681
  51.372448 -0.0112023996
  51.4225197 -0.0114755481
  51.4725914 -0.0120218443
  51.5226631 -0.0118852705
  51.572731 -0.0121584181
  51.6228027 -0.012158419
  51.6728745 -0.012158419
  51.7229424 -0.0121584181
  51.7730141 -0.0118852705
  51.8230858 -0.0124315647
  51.8731575 -0.0118852705
  51.9232254 -0.0118852705
  51.9732971 -0.0122949937
  52.0233688 -0.0125681404
  52.0734367 -0.0124315666
  52.1235085 -0.0121584181
  52.1735802 -0.01229499
  52.2236519 -0.0116121201
  52.2737198 -0.0114755463
  52.3237915 -0.0113389725
  52.3738632 -0.0105195278
  52.4239311 -0.0112023996
  52.4740028 -0.0110658268
  52.5240746 -0.0110658268
  52.5741425 -0.0113389734
  52.6242142 -0.0116121219
  52.6742859 -0.0118852714
  52.7243576 -0.0131144356
  52.7744255 -0.0137973065
  52.8244972 -0.0137973046
  52.8745689 -0.0144801755
  52.9246368 -0.014753324
  52.9747086 -0.0139338793
  53.0247803 -0.0140704531
  53.074852 -0.0140704531
  53.1249199 -0.0129778599
  53.1749916 -0.0136607327
  53.2250633 -0.0136607327
  53.2751312 -0.0135241598
  53.3252029 -0.0132510113
  53.3752747 -0.0135241579
  53.4253464 -0.0143436026
  53.4754143 -0.0142070288
  53.525486 -0.0135241579
  53.5755577 -0.0144801745
  53.6256256 -0.014207026
  53.6756973 -0.014753323
  53.725769 -0.0140704531
  53.7758408 -0.0137973046
  53.8259087 -0.0129778599
  53.8759804 -0.0127047151
  53.9260521 -0.0131144384
  53.97612 -0.0139338803
  54.0261917 -0.0144801755
  54.0762634 -0.0150264697
  54.1263351 -0.0157093406
  54.176403 -0.0151630472
  54.2264748 -0.0147533277
  54.2765465 -0.0158459172
  54.3266144 -0.015299622
  54.3766861 -0.0155727686
  54.4267578 -0.0155727686
  54.4768295 -0.0143435998
  54.5268974 -0.0139338793
  54.5769691 -0.0133875823
  54.6270409 -0.0136607308
  54.6771088 -0.0137973046
  54.7271805 -0.0137973065
  54.7772522 -0.0139338793
  54.8273201 -0.0152996201
  54.8773918 -0.015299621
  54.9274635 -0.0161190629
  54.9775352 -0.0172116552
  55.0276031 -0.0172116552
  55.0776749 -0.017211657
  55.1277466 -0.0169385094
  55.1778145 -0.0165287871
  55.2278862 -0.0162556376
  55.2779579 -0.0161190648
  55.3280296 -0.0166653618
  55.3780975 -0.0168019366
  55.4281693 -0.0168019328
  55.478241 -0.01666536
  55.5283089 -0.0172116589
  55.5783806 -0.0170750841
  55.6284523 -0.0163922142
  55.678524 -0.0170750823
  55.7285919 -0.0172116552
  55.7786636 -0.018713966
  55.8287354 -0.0178945232
  55.8788033 -0.0191236921
  55.928875 -0.0191236921
  55.9789467 -0.0192602687
  56.0290184 -0.0189871211
  56.0790863 -0.0191236958
  56.129158 -0.0196699891
  56.1792297 -0.0204894338
  56.2292976 -0.0198065657
  56.2793694 -0.0199431386
  56.3294411 -0.0208991561
  56.3795128 -0.0202162862
  56.4295807 -0.0204894338
  56.4796524 -0.0208991542
  56.5297241 -0.021035729
  56.579792 -0.0217185989
  56.6298637 -0.0214454494
  56.6799355 -0.021445455
  56.7300034 -0.0215820298
  56.7800751 -0.0211723056
  56.8301468 -0.0210357327
  56.8802185 -0.0204894338
  56.9302864 -0.0203528609
  56.9803581 -0.020216288
  57.0304298 -0.0206260104
  57.0804977 -0.0204894375
  57.1305695 -0.0204894338
  57.1806412 -0.0204894338
  57.2307129 -0.0206260066
  57.2807808 -0.0217186008
  57.3308525 -0.0214454513
  57.3809242 -0.0211723056
  57.4309921 -0.0213088766
  57.4810638 -0.0213088766
  57.5311356 -0.0208991561
  57.5812073 -0.0214454513
  57.6312752 -0.0217185989
  57.6813469 -0.0221283212
  57.7314186 -0.0239037871
  57.7814865 -0.02404036
  57.8315582 -0.0241769347
  57.8816299 -0.0248598047
  57.9317017 -0.0249963794
  57.9817696 -0.0248598065
  58.0318413 -0.025132956
  58.081913 -0.0254061017
  58.1319809 -0.0254061054
  58.1820526 -0.0248598065
  58.2321243 -0.025815824
  58.282196 -0.0263621192
  58.3322639 -0.0267718416
  58.3823357 -0.0277278572
  58.4324074 -0.0278644282
  58.4824753 -0.0281375796
  58.532547 -0.0285473075
  58.5826187 -0.0277278628
  58.6326904 -0.02690842
  58.6827583 -0.0274547152
  58.73283 -0.0271815676
  58.7829018 -0.0267718434
  58.8329697 -0.02690842
  58.8830414 -0.0267718453
  58.9331131 -0.0263621192
  58.983181 -0.026498694
  59.0332527 -0.0260889754
  59.0833244 -0.0259524006
  59.1333961 -0.025815824
  59.1834641 -0.0262255445
  59.2335358 -0.0252695251
  59.2836075 -0.0252695251
  59.3336754 -0.0251329523
  59.3837471 -0.0252695289
  59.4338188 -0.0248598065
  59.4838905 -0.0256792512
  59.5339584 -0.0260889698
  59.5840302 -0.0258158222
  59.6341019 -0.025815824
  59.6841698 -0.0254061017
  59.7342415 -0.0251329541
  59.7843132 -0.0249963794
  59.8343849 -0.0244500805
  59.8844528 -0.023630634
  59.9345245 -0.0233574882
  59.9845963 -0.0233574882
  60.0346642 -0.0243135039
  60.0847359 -0.0248598028
  60.1348076 -0.0258158222
  60.1848793 -0.0248598047
  60.2349472 -0.0256792512
  60.2850189 -0.0255426783
  60.3350906 -0.026225552
  60.3851585 -0.0266352706
  60.4352303 -0.0263621192
  60.485302 -0.0270449892
  60.5353737 -0.0270449892
  60.5854416 -0.0262255426
  60.6355133 -0.0260889679
  60.685585 -0.0267718416
  60.7356529 -0.0264986958
  60.7857246 -0.0262255464
  60.8357964 -0.0264986977
  60.8858643 -0.027044991
  60.935936 -0.0260889735
  60.9860077 -0.0264986977
  61.0360794 -0.0266352724
  61.0861473 -0.0262255538
  61.136219 -0.026362123
  61.1862907 -0.0266352706
  61.2363586 -0.0254061017
  61.2864304 -0.0255426783
  61.3365021 -0.0255426746
  61.3865738 -0.0256792493
  61.4366417 -0.0259523988
  61.4867134 -0.026498694
  61.5367851 -0.02690842
  61.586853 -0.0274547152
  61.6369247 -0.0278644394
  61.6869965 -0.0284107346
  61.7370682 -0.028274158
  61.7871361 -0.0292301774
  61.8372078 -0.0295033287
  61.8872795 -0.0290936064
  61.9373474 -0.0285473093
  61.9874191 -0.0290936045
  62.0374908 -0.0288204569
  62.0875626 -0.0290936064
  62.1376305 -0.0290936064
  62.1877022 -0.0295033325
  62.2377739 -0.02977648
  62.2878418 -0.0301861968
  62.3379135 -0.0297764745
  62.3879852 -0.0300496165
  62.4380569 -0.0296398941
  62.4881248 -0.0300496165
  62.5381966 -0.0312787816
  62.5882683 -0.0300496221
  62.6383362 -0.030732492
  62.6884079 -0.0301861987
  62.7384796 -0.0299130511
  62.7885513 -0.0300496258
  62.8386192 -0.0299130492
  62.8886909 -0.029366754
  62.9387627 -0.0293667521
  62.9888306 -0.0285473112
  63.0389023 -0.0278644394
  63.088974 -0.0280010123
  63.1390419 -0.0285473112
  63.1891136 -0.028001016
  63.2391853 -0.0274547152
  63.289257 -0.0271815676
  63.339325 -0.0271815639
  63.3893967 -0.0273181368
  63.4394684 -0.0280010067
  63.4895363 -0.0274547134
  63.539608 -0.0273181405
  63.5896797 -0.0269084144
  63.6397514 -0.0266352687
  63.6898193 -0.0262255464
  63.7398911 -0.0263621192
  63.7899628 -0.02690842
  63.8400307 -0.02759129
  63.8901024 -0.0271815639
  63.9401741 -0.02690842
  63.9902458 -0.0264986958
  64.0403137 -0.0271815676
  64.0903854 -0.0263621192
  64.1404572 -0.0259523988
  64.1905289 -0.0252695289
  64.2406006 -0.0251329541
  64.2906647 -0.025406098
  64.3407364 -0.0251329485
  64.3908081 -0.0245866515
  64.4408798 -0.0245866533
  64.4909515 -0.0247232281
  64.5410233 -0.0239037853
  64.591095 -0.0239037834
  64.6411591 -0.0234940648
  64.6912308 -0.0236306395
  64.7413025 -0.0222648997
  64.7913742 -0.022674622
  64.8414459 -0.0230843406
  64.8915176 -0.0230843406
  64.9415894 -0.0234940667
  64.9916534 -0.0245866608
  65.0417252 -0.0252695307
  65.0917969 -0.0252695289
  65.1418686 -0.0256792512
  65.1919403 -0.0256792568
  65.242012 -0.0251329578
  65.2920837 -0.0244500842
  65.3421478 -0.0244500842
  65.3922195 -0.0243135095
  65.4422913 -0.0243135095
  65.492363 -0.02404036
  65.5424347 -0.0233574901
  65.5925064 -0.0237672105
  65.6425781 -0.0237672124
  65.6926422 -0.0236306395
  65.7427139 -0.0228111949
  65.7927856 -0.0224014688
  65.8428574 -0.0230843406
  65.8929291 -0.0229477715
  65.9430008 -0.0229477715
  65.9930725 -0.0236306433
  66.0431366 -0.0240403637
  66.0932083 -0.0236306414
  66.14328 -0.024176944
  66.1933517 -0.0241769366
  66.2434235 -0.0241769366
  66.2934952 -0.0241769347
  66.3435593 -0.0239037853
  66.393631 -0.0237672124
  66.4437027 -0.0243135113
  66.4937744 -0.0245866608
  66.5438461 -0.0236306395
  66.5939178 -0.0233574919
  66.6439896 -0.0237672105
  66.6940536 -0.0237672105
  66.7441254 -0.0241769329
  66.7941971 -0.0248598028
  66.8442688 -0.0239037834
  66.8943405 -0.0230843388
  66.9444122 -0.0225380454
  66.9944839 -0.0239037871
  67.044548 -0.0239037871
  67.0946198 -0.0244500805
  67.1446915 -0.0245866552
  67.1947632 -0.0255426746
  67.2448349 -0.0256792493
  67.2949066 -0.025815824
  67.3449783 -0.0262255445
  67.3950424 -0.0252695251
  67.4451141 -0.0252695251
  67.4951859 -0.0245866533
  67.5452576 -0.0240403563
  67.5953293 -0.023630634
  67.645401 -0.0234940629
  67.6954727 -0.0224014688
  67.7455368 -0.0225380473
  67.7956085 -0.0226746183
  67.8456802 -0.0226746202
  67.895752 -0.0239037871
  67.9458237 -0.0245866552
  67.9958954 -0.0245866552
  68.0459671 -0.0248598047
  68.0960312 -0.0243135095
  68.1461029 -0.0241769329
  68.1961746 -0.0240403581
  68.2462463 -0.0239037834
  68.2963181 -0.0241769347
  68.3463898 -0.0243135113
  68.3964615 -0.0240403619
  68.4465256 -0.0248598065
  68.4965973 -0.0245866608
  68.546669 -0.0240403619
  68.5967407 -0.0237672124
  68.6468124 -0.023903789
  68.6968842 -0.0230843425
  68.7469559 -0.022674622
  68.79702 -0.021582026
  68.8470917 -0.0208991561
  68.8971634 -0.0210357308
  68.9472351 -0.0217186008
  68.9973068 -0.0224014707
  69.0473785 -0.0226746146
  69.0974503 -0.0230843388
  69.1475143 -0.023630634
  69.1975861 -0.0237672105
  69.2476578 -0.0239037834
  69.2977295 -0.0232209135
  69.3478012 -0.0234940629
  69.3978729 -0.0234940648
  69.4479446 -0.0219917465
  69.4980087 -0.0221283212
  69.5480804 -0.0225380454
  69.5981522 -0.0229477659
  69.6482239 -0.0224014707
  69.6982956 -0.0225380473
  69.7483673 -0.0222648978
  69.798439 -0.0225380473
  69.8485031 -0.0224014726
  69.8985748 -0.0225380473
  69.9486465 -0.0228111949
  69.9987183 -0.0229477677
  70.04879 -0.0232209153
  70.0988617 -0.022264896
  70.1489334 -0.0217185989
  70.1989975 -0.0215820242
  70.2490692 -0.0210357253
  70.2991409 -0.0213088766
  70.3492126 -0.0202162843
  70.3992844 -0.0202162843
  70.4493561 -0.0210357308
  70.4994202 -0.0204894319
  70.5494919 -0.0207625832
  70.5995636 -0.021308884
  70.6496353 -0.0215820298
  70.699707 -0.0210357308
  70.7497787 -0.0225380436
  70.7998505 -0.0208991542
  70.8499146 -0.0210357308
  70.8999863 -0.0195334181
  70.950058 -0.0202162899
  71.0001297 -0.0198065657
  71.0502014 -0.0196699928
  71.1002731 -0.020216288
  71.1503448 -0.0202162862
  71.2004089 -0.0202162862
  71.2504807 -0.0213088747
  71.3005524 -0.022264896
  71.3506241 -0.0224014688
  71.4006958 -0.0229477659
  71.4507675 -0.0224014688
  71.5008392 -0.0226746202
  71.5509033 -0.0228111967
  71.600975 -0.0229477659
  71.6510468 -0.0226746146
  71.7011185 -0.0225380436
  71.7511902 -0.0222648941
  71.8012619 -0.0221283212
  71.8513336 -0.0229477659
  71.9013977 -0.0232209135
  71.9514694 -0.0234940667
  72.0015411 -0.0229477677
  72.0516129 -0.0228111949
  72.1016846 -0.0219917446
  72.1517563 -0.0217185952
  72.201828 -0.0210357253
  72.2518921 -0.0203528553
  72.3019638 -0.0208991542
  72.3520355 -0.0211723018
  72.4021072 -0.0206260066
  72.452179 -0.0203528628
  72.5022507 -0.020899158
  72.5523224 -0.0208991561
  72.6023865 -0.0214454532
  72.6524582 -0.0219917502
  72.7025299 -0.0217186008
  72.7526016 -0.0208991561
  72.8026733 -0.0206260066
  72.8527451 -0.0218551755
  72.9028168 -0.0222648978
  72.9528809 -0.0219917465
  73.0029526 -0.022264896
  73.0530243 -0.0221283212
  73.103096 -0.0228111893
  73.1531677 -0.0233574845
  73.2032394 -0.0228111912
  73.2533112 -0.0224014688
  73.3033752 -0.0228111912
  73.353447 -0.0226746183
  73.4035187 -0.0229477677
  73.4535904 -0.0224014744
  73.5036621 -0.0224014744
  73.5537338 -0.0229477677
  73.6038055 -0.0234940648
  73.6538696 -0.0239037853
  73.7039413 -0.0229477659
  73.7540131 -0.0233574901
  73.8040848 -0.0247232299
  73.8541565 -0.0244500842
  73.9042282 -0.02404036
  73.9542999 -0.0243135095
  74.004364 -0.0241769329
  74.0544357 -0.0232209153
  74.1045074 -0.0225380491
  74.1545792 -0.0228111986
  74.2046509 -0.0230843443
  74.2547226 -0.0226746202
  74.3047943 -0.0232209172
  74.3548584 -0.0228111949
  74.4049301 -0.0229477677
  74.4550018 -0.0228111949
  74.5050735 -0.0222648978
  74.5551453 -0.0215820279
  74.605217 -0.0215820279
  74.6552887 -0.0210357327
  74.7053528 -0.0211723093
  74.7554245 -0.0206260104
  74.8054962 -0.0213088822
  74.8555679 -0.0207625832
  74.9056396 -0.0219917502
  74.9557114 -0.0224014744
  75.0057755 -0.0224014744
  75.0558472 -0.022674622
  75.1059189 -0.0230843425
  75.1559906 -0.0232209172
  75.2060623 -0.0224014707
  75.256134 -0.0218551755
  75.3062057 -0.0221283231
  75.3562698 -0.0215820279
  75.4063416 -0.021445455
  75.4564133 -0.0218551774
  75.506485 -0.0221283231
  75.5565567 -0.0228111949
  75.6066284 -0.0228111967
  75.6567001 -0.0230843443
  75.7067642 -0.0228111967
  75.7568359 -0.0224014707
  75.8069077 -0.022264896
  75.8569794 -0.0214454532
  75.9070511 -0.0217186008
  75.9571228 -0.0221283231
  76.0071945 -0.0224014726
  76.0572586 -0.0224014707
  76.1073303 -0.0226746202
  76.157402 -0.022674622
  76.2074738 -0.0239037871
  76.2575455 -0.0243135113
  76.3076172 -0.0234940648
  76.3576889 -0.0237672161
  76.407753 -0.0234940667
  76.4578247 -0.0234940667
  76.5078964 -0.0230843425
  76.5579681 -0.0232209153
  76.6080399 -0.0236306358
  76.6581116 -0.0232209153
  76.7081833 -0.0217186026
  76.7582474 -0.0224014726
  76.8083191 -0.0228111967
  76.8583908 -0.0233574938
  76.9084625 -0.0239037871
  76.9585342 -0.0243135076
  77.008606 -0.0240403619
  77.0586777 -0.0245866552
  77.1087418 -0.02404036
  77.1588135 -0.0241769329
  77.2088852 -0.0248598047
  77.2589569 -0.0245866533
  77.3090286 -0.0240403581
  77.3591003 -0.0229477659
  77.4091721 -0.0234940648
  77.4592361 -0.0226746202
  77.5093079 -0.0226746202
  77.5593796 -0.0228111912
  77.6094513 -0.0226746202
  77.659523 -0.0224014707
  77.7095947 -0.0228111912
  77.7596664 -0.0230843388
  77.8097305 -0.0228111912
  77.8598022 -0.0229477659
  77.909874 -0.0228111893
  77.9599457 -0.022947764
  78.0100174 -0.022947764
  78.0600891 -0.0228111912
  78.1101608 -0.0228111912
  78.1602249 -0.0222648941
  78.2102966 -0.0225380436
  78.2603683 -0.022264896
  78.3104401 -0.0224014707
  78.3605118 -0.0228111949
  78.4105835 -0.0225380454
  78.4606552 -0.0221283231
  78.5107193 -0.0224014726
  78.560791 -0.0233574901
  78.6108627 -0.0236306395
  78.6609344 -0.0233574901
  78.7110062 -0.0230843425
  78.7610779 -0.0230843425
  78.8111496 -0.0230843425
  78.8612137 -0.0233574919
  78.9112854 -0.0229477677
  78.9613571 -0.0232209172
  79.0114288 -0.0233574901
  79.0615005 -0.0237672087
  79.1115723 -0.0241769273
  79.1616364 -0.0233574845
  79.2117081 -0.0234940629
  79.2617798 -0.0228111893
  79.3118515 -0.0228111912
  79.3619232 -0.0225380473
  79.4119949 -0.0213088784
  79.4620667 -0.0213088784
  79.5121307 -0.0217186008
  79.5622025 -0.0215820279
  79.6122742 -0.0219917521
  79.6623459 -0.0222648997
  79.7124176 -0.022674622
  79.7624893 -0.0234940648
  79.812561 -0.0236306395
  79.8626251 -0.0237672161
  79.9126968 -0.0234940667
  79.9627686 -0.0236306395
  80.0128403 -0.0237672105
  80.062912 -0.0239037815
  80.1129837 -0.0233574845
  80.1630554 -0.0237672068
  80.2131195 -0.0236306358
  80.2631912 -0.0236306395
  80.3132629 -0.0245866627
  80.3633347 -0.0236306433
  80.4134064 -0.023767218
  80.4634781 -0.0252695326
  80.5135498 -0.0255426783
  80.5636139 -0.0249963813
  80.6136856 -0.0248598084
  80.6637573 -0.025132956
  80.713829 -0.025132956
  80.7639008 -0.0244500861
  80.8139725 -0.0248598084
  80.8640442 -0.0248598065
  80.9141083 -0.0239037853
  80.96418 -0.0243135095
  81.0142517 -0.02404036
  81.0643234 -0.0237672161
  81.1143951 -0.0236306433
  81.1644669 -0.0236306414
  81.2145386 -0.0241769366
  81.2646027 -0.0234940685
  81.3146744 -0.02404036
  81.3647461 -0.0237672124
  81.4148178 -0.0243135039
  81.4648895 -0.0251329485
  81.5149612 -0.02404036
  81.565033 -0.0241769347
  81.615097 -0.0234940648
  81.6651688 -0.0233574901
  81.7152405 -0.0230843406
  81.7653122 -0.0225380436
  81.8153839 -0.022264896
  81.8654556 -0.0221283231
  81.9155273 -0.0233574901
  81.9655914 -0.0229477677
  82.0156631 -0.0237672124
  82.0657349 -0.0245866571
  82.1158066 -0.0241769366
  82.1658783 -0.0244500879
  82.21595 -0.0244500861
  82.2660217 -0.0244500861
  82.3160858 -0.0234940648
  82.3661575 -0.0229477715
  82.4162292 -0.0233574919
  82.466301 -0.0232209191
  82.5163727 -0.0228111967
  82.5664444 -0.0228111967
  82.6165161 -0.0233574938
  82.6665802 -0.0233574919
  82.7166519 -0.0239037871
  82.7667236 -0.0232209153
  82.8167953 -0.0230843425
  82.8668671 -0.0225380454
  82.9169388 -0.0217186026
  82.9670105 -0.021445455
  83.0170746 -0.0211723093
  83.0671463 -0.0219917521
  83.117218 -0.0219917502
  83.1672897 -0.0219917502
  83.2173615 -0.0217186026
  83.2674332 -0.0214454532
  83.3175049 -0.0224014726
  83.367569 -0.0224014726
  83.4176407 -0.0224014726
  83.4677124 -0.0229477715
  83.5177841 -0.0232209153
  83.5678558 -0.0234940667
  83.6179276 -0.0236306414
  83.6679916 -0.0241769385
  83.7180634 -0.0240403675
  83.7681351 -0.0247232318
  83.8182068 -0.0244500842
  83.8682785 -0.0244500861
  83.9183502 -0.0233574919
  83.9684219 -0.0234940648
  84.018486 -0.0234940648
  84.0685577 -0.0233574901
  84.1186295 -0.0233574901
  84.1687012 -0.0236306395
  84.2187729 -0.0237672124
  84.2688446 -0.0237672124
  84.3189163 -0.0233574901
  84.3689804 -0.0241769329
  84.4190521 -0.0239037834
  84.4691238 -0.0236306358
  84.5191956 -0.0233574882
  84.5692673 -0.0233574901
  84.619339 -0.0241769366
  84.6694107 -0.0244500861
  84.7194748 -0.0229477677
  84.7695465 -0.0232209172
  84.8196182 -0.0228111949
  84.8696899 -0.022674622
  84.9197617 -0.0229477677
  84.9698334 -0.021445455
  85.0199051 -0.0221283268
  85.0699692 -0.0228111912
  85.1200409 -0.0232209172
  85.1701126 -0.0233574901
  85.2201843 -0.0228111912
  85.270256 -0.0239037871
  85.3203278 -0.0239037853
  85.3703995 -0.0244500805
  85.4204636 -0.0239037853
  85.4705353 -0.0240403619
  85.520607 -0.0237672124
  85.5706787 -0.0239037871
  85.6207504 -0.02404036
  85.6708221 -0.0236306358
  85.7208939 -0.0236306395
  85.7709579 -0.0243135095
  85.8210297 -0.0245866627
  85.8711014 -0.0252695307
  85.9211731 -0.0244500861
  85.9712448 -0.0247232318
  86.0213165 -0.0248598084
  86.0713882 -0.0247232337
  86.1214523 -0.0247232318
  86.171524 -0.0244500842
  86.2215958 -0.0239037834
  86.2716675 -0.0239037871
  86.3217392 -0.0234940648
  86.3718109 -0.0234940648
  86.4218826 -0.0234940648
  86.4719467 -0.0237672105
  86.5220184 -0.0228111949
  86.5720901 -0.0229477677
  86.6221619 -0.0225380473
  86.6722336 -0.0228111949
  86.7223053 -0.0224014707
  86.772377 -0.0232209172
  86.8224411 -0.0237672124
  86.8725128 -0.0239037871
  86.9225845 -0.0249963794
  86.9726562 -0.0252695289
  87.022728 -0.0249963794
  87.0727997 -0.0252695289
  87.1228714 -0.0244500805
  87.1729355 -0.0241769329
  87.2230072 -0.0239037853
  87.2730789 -0.0236306358
  87.3231506 -0.0237672105
  87.3732224 -0.0230843388
  87.4232941 -0.0233574882
  87.4733658 -0.023630634
  87.5234299 -0.0237672087
  87.5735016 -0.0245866533
  87.6235733 -0.0252695251
  87.673645 -0.0247232299
  87.7237167 -0.0254061017
  87.7737885 -0.0248598047
  87.8238525 -0.0249963794
  87.8739243 -0.0248598028
  87.923996 -0.0245866552
  87.9740677 -0.0245866552
  88.0241394 -0.0240403619
  88.0742111 -0.0243135132
  88.1242828 -0.0241769385
  88.1743469 -0.0239037853
  88.2244186 -0.0237672087
  88.2744904 -0.0240403581
  88.3245621 -0.0239037834
  88.3746338 -0.0239037834
  88.4247055 -0.0245866552
  88.4747772 -0.0240403581
  88.5248413 -0.0243135076
  88.574913 -0.0244500842
  88.6249847 -0.0248598047
  88.6750565 -0.0243135095
  88.7251282 -0.0241769347
  88.7751999 -0.023903789
  88.8252716 -0.0236306395
  88.8753357 -0.0234940629
  88.9254074 -0.0234940629
  88.9754791 -0.0234940629
  89.0255508 -0.0232209153
  89.0756226 -0.0233574882
  89.1256943 -0.0234940629
  89.175766 -0.0233574882
  89.2258301 -0.0241769329
  89.2759018 -0.0244500842
  89.3259735 -0.0241769347
  89.3760452 -0.0230843425
  89.4261169 -0.0233574919
  89.4761887 -0.0236306395
  89.5262604 -0.0240403619
  89.5763245 -0.0233574919
  89.6263962 -0.0240403637
  89.6764679 -0.0240403619
  89.7265396 -0.0247232318
  89.7766113 -0.0244500861
  89.826683 -0.0254061054
  89.8767548 -0.0249963813
  89.9268188 -0.0237672105
  89.9768906 -0.0243135095
  90.0269623 -0.0244500786
  90.077034 -0.0243135039
  90.1271057 -0.0234940629
  90.1771774 -0.0241769347
  90.2272491 -0.0237672161
  90.2773132 -0.0237672105
  90.3273849 -0.0240403581
  90.3774567 -0.0243135095
  90.4275284 -0.0237672105
  90.4776001 -0.0234940648
  90.5276718 -0.0239037871
  90.5777435 -0.0243135076
  90.6278076 -0.0243135076
  90.6778793 -0.0243135095
  90.727951 -0.0248598084
  90.7780228 -0.0247232337
  90.8280945 -0.0244500861
  90.8781662 -0.0245866552
  90.9282379 -0.0239037871
  90.978302 -0.0239037834
  91.0283737 -0.0236306358
  91.0784454 -0.0232209153
  91.1285172 -0.0232209153
  91.1785889 -0.0239037834
  91.2286606 -0.0234940592
  91.2787323 -0.0240403581
  91.3287964 -0.0241769329
  91.3788681 -0.0237672105
  91.4289398 -0.0244500805
  91.4790115 -0.0241769366
  91.5290833 -0.0244500861
  91.579155 -0.0247232299
  91.6292267 -0.0237672124
  91.6792908 -0.0241769347
  91.7293625 -0.0241769347
  91.7794342 -0.0245866552
  91.8295059 -0.0254060999
  91.8795776 -0.0249963813
  91.9296494 -0.0252695289
  91.9797134 -0.0259524025
  92.0297852 -0.0266352724
  92.0798569 -0.0266352724
  92.1299286 -0.0264986958
  92.1800003 -0.02690842
  92.230072 -0.0267718472
  92.2801437 -0.0259524025
  92.3302078 -0.0264986958
  92.3802795 -0.0266352687
  92.4303513 -0.0275912918
  92.480423 -0.0274547152
  92.5304947 -0.0259523988
  92.5805664 -0.0262255464
  92.6306381 -0.0259524044
  92.6807022 -0.0258158296
  92.7307739 -0.0262255538
  92.7808456 -0.0258158296
  92.8309174 -0.0249963813
  92.8809891 -0.0248598084
  92.9310608 -0.0249963813
  92.9811325 -0.0245866608
  93.0311966 -0.025132956
  93.0812683 -0.0243135095
  93.13134 -0.0245866552
  93.1814117 -0.0251329523
  93.2314835 -0.0254061017
  93.2815552 -0.0258158259
  93.3316269 -0.0260889754
  93.381691 -0.0259524044
  93.4317627 -0.0259524044
  93.4818344 -0.025679253
  93.5319061 -0.0258158278
  93.5819778 -0.0259524006
  93.6320496 -0.025132956
  93.6821213 -0.0243135113
  93.7321854 -0.0245866571
  93.7822571 -0.0256792512
  93.8323288 -0.0258158259
  93.8824005 -0.0255426764
  93.9324722 -0.0259523988
  93.9825439 -0.0262255445
  94.0326157 -0.0259524006
  94.0826797 -0.0263621211
  94.1327515 -0.026498694
  94.1828232 -0.0267718434
  94.2328949 -0.0266352668
  94.2829666 -0.026498694
  94.3330383 -0.0259523988
  94.38311 -0.0263621211
  94.4331741 -0.0258158259
  94.4832458 -0.0254061017
  94.5333176 -0.0258158259
  94.5833893 -0.0258158278
  94.633461 -0.0247232318
  94.6835327 -0.0239037871
  94.7336044 -0.0243135113
  94.7836685 -0.0240403637
  94.8337402 -0.0236306414
  94.883812 -0.0247232299
  94.9338837 -0.0245866571
  94.9839554 -0.0252695307
  95.0340271 -0.0255426746
  95.0840988 -0.025406098
  95.1341629 -0.0256792493
  95.1842346 -0.0262255445
  95.2343063 -0.0256792493
  95.2843781 -0.0247232299
  95.3344498 -0.0244500805
  95.3845215 -0.0252695251
  95.4345932 -0.0248598047
  95.4846573 -0.0251329523
  95.534729 -0.0252695289
  95.5848007 -0.0258158259
  95.6348724 -0.0256792512
  95.6849442 -0.0249963813
  95.7350159 -0.0247232318
  95.7850876 -0.0248598065
  95.8351517 -0.0237672124
  95.8852234 -0.0232209153
  95.9352951 -0.0230843388
  95.9853668 -0.0234940648
  96.0354385 -0.0239037871
  96.0855103 -0.0232209172
  96.1355743 -0.0239037871
  96.1856461 -0.0239037871
  96.2357178 -0.0245866608
  96.2857895 -0.0247232337
  96.3358612 -0.0248598065
  96.3859329 -0.0249963813
  96.4360046 -0.025815824
  96.4860687 -0.0259523988
  96.5361404 -0.0259524006
  96.5862122 -0.0259524025
  96.6362839 -0.0266352706
  96.6863556 -0.0266352687
  96.7364273 -0.0269084144
  96.786499 -0.0256792512
  96.8365631 -0.0254061054
  96.8866348 -0.0255426746
  96.9367065 -0.0259524006
  96.9867783 -0.0260889754
  97.03685 -0.0255426764
  97.0869217 -0.0252695289
  97.1369934 -0.0256792512
  97.1870575 -0.0251329541
  97.2371292 -0.0249963794
  97.2872009 -0.0244500879
  97.3372726 -0.0243135113
  97.3873444 -0.0240403619
  97.4374161 -0.0234940685
  97.4874878 -0.0237672161
  97.5375519 -0.0236306395
  97.5876236 -0.0241769366
  97.6376953 -0.0251329541
  97.687767 -0.025815824
  97.7378387 -0.025815824
  97.7879105 -0.0255426764
  97.8379822 -0.0249963794
  97.8880463 -0.0252695307
  97.938118 -0.0256792512
  97.9881897 -0.0249963813
  98.0382614 -0.0248598065
  98.0883331 -0.023903789
  98.1384048 -0.0241769366
  98.1884766 -0.0244500842
  98.2385406 -0.0244500805
  98.2886124 -0.0249963813
  98.3386841 -0.0244500842
  98.3887558 -0.0247232318
  98.4388275 -0.025132956
  98.4888992 -0.0243135076
  98.5389709 -0.0245866608
  98.589035 -0.0244500842
  98.6391068 -0.0241769366
  98.6891785 -0.0240403619
  98.7392502 -0.0252695251
  98.7893219 -0.0245866552
  98.8393936 -0.0248598047
  98.8894653 -0.0241769329
  98.9395294 -0.0247232281
  98.9896011 -0.0252695251
  99.0396729 -0.0256792493
  99.0897446 -0.0244500767
  99.1398163 -0.0239037815
  99.189888 -0.0233574808
  99.2399597 -0.0243135076
  99.2900238 -0.0237672124
  99.3400955 -0.0229477677
  99.3901672 -0.0221283231
  99.440239 -0.0218551755
  99.4903107 -0.0228111949
  99.5403824 -0.0219917502
  99.5904541 -0.021991754
  99.6405182 -0.0221283305
  99.6905899 -0.022674622
  99.7406616 -0.0225380473
  99.7907333 -0.0229477715
  99.8408051 -0.0237672161
  99.8908768 -0.0230843425
  99.9409485 -0.0230843425
  99.9910126 -0.0237672124
  100.041084 -0.0240403637
  100.091156 -0.0236306414
  100.141228 -0.0237672124
  100.191299 -0.022264896
  100.241371 -0.0224014707
  100.291443 -0.0217186008
  100.341507 -0.021582026
  100.391579 -0.0213088784
  100.44165 -0.0214454532
  100.491722 -0.021582026
  100.541794 -0.0224014707
  100.591866 -0.0229477659
  100.64193 -0.0217186008
  100.692001 -0.022947764
  100.742073 -0.023630634
  100.792145 -0.0234940648
  100.842216 -0.0232209153
  100.892288 -0.0219917502
  100.94236 -0.0214454513
  100.992424 -0.0204894338
  101.042496 -0.0203528609
  101.092567 -0.0192602649
  101.142639 -0.018577395
  101.192711 -0.0192602668
  101.242783 -0.0191236921
  101.292854 -0.0200797133
  101.342918 -0.0196699947
  101.39299 -0.0203528628
  101.443062 -0.020899158
  101.493134 -0.0219917502
  101.543205 -0.0224014707
  101.593277 -0.0218551755
  101.643349 -0.0211723056
  101.693413 -0.0200797133
  101.743484 -0.0203528572
  101.793556 -0.0199431367
  101.843628 -0.019806562
  101.8937 -0.0196699891
  101.943771 -0.0195334181
  101.993843 -0.0196699928
  102.043907 -0.0198065657
  102.093979 -0.0207625851
  102.144051 -0.020079717
  102.194122 -0.0198065657
  102.244194 -0.0195334181
  102.294266 -0.0204894375
  102.344337 -0.0211723074
  102.394402 -0.0207625832
  102.444473 -0.0213088822
  102.494545 -0.0217186026
  102.544617 -0.0222648978
  102.594688 -0.0230843406
  102.64476 -0.0236306414
  102.694832 -0.0237672124
  102.744896 -0.0232209153
  102.794968 -0.0236306395
  102.845039 -0.0233574901
  102.895111 -0.0233574919
  102.945183 -0.0232209172
  102.995255 -0.0228111912
  103.045326 -0.0221283212
  103.09539 -0.0218551755
  103.145462 -0.022264896
  103.195534 -0.0219917465
  103.245605 -0.022264896
  103.295677 -0.0232209135
  103.345749 -0.0239037853
  103.395821 -0.0239037853
  103.445885 -0.0229477622
  103.495956 -0.0219917446
  103.546028 -0.0217185952
  103.5961 -0.0211723
  103.646172 -0.0213088766
  103.696243 -0.0211723018
  103.746315 -0.0202162862
  103.796379 -0.0210357308
  103.846451 -0.0207625832
  103.896523 -0.0207625814
  103.946594 -0.0211723
  103.996666 -0.0213088728
  104.046738 -0.0208991505
  104.096809 -0.0200797096
  104.146873 -0.0187139735
  104.196945 -0.018440824
  104.247017 -0.017211657
  104.297089 -0.0174848065
  104.34716 -0.0161190648
  104.397232 -0.0162556395
  104.447304 -0.0168019347
  104.497368 -0.0162556395
  104.54744 -0.0154361958
  104.597511 -0.0152996201
  104.647583 -0.0152996173
  104.697655 -0.0148898968
  104.747726 -0.0144801755
  104.797791 -0.0128412871
  104.847862 -0.0122949881
  104.897934 -0.0120218415
  104.948006 -0.0117486948
  104.998077 -0.010382955
  105.048149 -0.00956351124
  105.098221 -0.00970008597
  105.148285 -0.00888064224
