  0.0500638075 -0.00544664916
  0.100127615 -0.00626201648
  0.150191426 -0.00658816285
  0.20025523 -0.0064250892
  0.250319034 -0.00560972327
  0.300382853 -0.00479435641
  0.350446641 -0.00414206274
  0.40051046 -0.00414206274
  0.450574279 -0.00397898909
  0.500638068 -0.00300054927
  0.550701857 -0.00348976906
  0.600765705 -0.00267440197
  0.650829494 -0.00185903511
  0.700893283 -0.00234825537
  0.750957131 -0.00202210853
  0.80102092 -0.00169596169
  0.851084709 -0.0026744022
  0.901148558 -0.00218518218
  0.951212347 -0.00234825513
  1.00127614 -0.00218518195
  1.05133998 -0.00120674202
  1.10140371 -0.00153288862
  1.15146756 -0.00071752182
  1.20153141 -0.000880594947
  1.25159514 -0.000880595064
  1.30165899 -0.00169596204
  1.35172284 -0.00136981497
  1.40178657 -0.00136981532
  1.45185041 -0.000228301578
  1.50191426 -0.000717521762
  1.55197799 -0.000554448226
  1.60204184  0.000260918488
  1.65210569  0.00107628515
  1.70216942  0.000750138424
  1.75223327  0.000750138424
  1.80229712  0.00107628515
  1.85236084  0.00156550528
  1.90242469  0.00140243163
  1.95248854  0.00140243163
  2.00255227  0.00107628491
  2.05261612  0.000913211494
  2.10267997  0.00123935833
  2.15274382  0.000750138133
  2.20280743  0.00189165154
  2.25287127  0.00172857812
  2.30293512  0.00221779826
  2.35299897  0.00287009217
  2.40306282  0.00319623901
  2.45312667  0.00417467905
  2.50319028  0.00515311956
  2.55325413  0.00499004638
  2.60331798  0.00531619275
  2.65338182  0.00466389954
  2.70344567  0.00450082589
  2.75350952  0.00466389954
  2.80357313  0.00482697273
  2.85363698  0.00499004638
  2.90370083  0.00499004638
  2.95376468  0.00645770645
  3.00382853  0.00629463326
  3.05389237  0.00792536698
  3.10395598  0.00792536698
  3.15401983  0.00890380703
  3.20408368  0.00922995433
  3.25414753  0.010208399
  3.30421138  0.0108606955
  3.35427499  0.0121652884
  3.40433884  0.0124914376
  3.45440269  0.0126545113
  3.50446653  0.0137960287
  3.55453038  0.0141221741
  3.60459423  0.015100617
  3.65465784  0.0172205735
  3.70472169  0.0183620844
  3.75478554  0.0190143753
  3.80484939  0.0208081771
  3.85491323  0.0216235444
  3.90497708  0.0239065662
  3.95504069  0.02488501
  4.00510454  0.0257003736
  4.05516863  0.0270049572
  4.10523224  0.0283095464
  4.15529585  0.0292879883
  4.20535994  0.0296141338
  4.25542355  0.0304294992
  4.30548763  0.0302664246
  4.35555124  0.0305925682
  4.40561485  0.032060232
  4.45567894  0.0330386721
  4.50574255  0.0343432613
  4.55580664  0.0349955596
  4.60587025  0.0359739996
  4.65593433  0.0367893688
  4.70599794  0.0377678163
  4.75606155  0.0379308909
  4.80612564  0.0400508381
  4.85618925  0.0410292782
  4.90625334  0.0423338711
  4.95631695  0.0441276804
  5.00638056  0.0444538258
  5.05644464  0.046247635
  5.10650826  0.0478783697
  5.15657234  0.0488568135
  5.20663595  0.0506506227
  5.25669956  0.0517921411
  5.30676365  0.0517921411
  5.35682726  0.0530967265
  5.40689135  0.0545643829
  5.45695496  0.056195125
  5.50701904  0.0583150759
  5.55708265  0.0599458069
  5.60714626  0.0612503886
  5.65721035  0.0630441979
  5.70727396  0.0659795254
  5.75733805  0.0672841147
  5.80740166  0.0684256405
  5.85746527  0.0705455989
  5.90752935  0.0713609681
  5.95759296  0.072991699
  6.00765705  0.0734809265
  6.05772066  0.0741332173
  6.10778475  0.07560087
  6.15784836  0.0767424032
  6.20791197  0.0783731118
  6.25797606  0.0806561336
  6.30803967  0.0822868496
  6.35810375  0.0847329423
  6.40816736  0.0873421282
  6.45823097  0.0879944265
  6.50829506  0.0901143551
  6.55835867  0.092234306
  6.60842276  0.0938650295
  6.65848637  0.0959849507
  6.70854998  0.0976157039
  6.75861406  0.0990833789
  6.80867767  0.100551039
  6.85874176  0.103323288
  6.90880537  0.104301736
  6.95886946  0.105769359
  7.00893307  0.10707394
  7.05899668  0.108378522
  7.10906076  0.110335417
  7.15912437  0.111966148
  7.20918846  0.113596909
  7.25925207  0.116369151
  7.30931568  0.117999859
  7.35937977  0.118652143
  7.40944338  0.120772108
  7.45950747  0.122729033
  7.50957108  0.125338182
  7.55963516  0.126316637
  7.60969877  0.128273532
  7.65976238  0.131534994
  7.70982647  0.134470344
  7.75989008  0.137079537
  7.80995417  0.139525652
  7.86001778  0.141319484
  7.91008139  0.14360249
  7.96014547  0.146700874
  8.01020908  0.148331627
  8.06027317  0.151430011
  8.11033726  0.152897671
  8.16040039  0.154854536
  8.21046448  0.15795292
  8.26052856  0.160888255
  8.3105917  0.164965063
  8.36065578  0.16822651
  8.41071987  0.17165105
  8.460783  0.175890937
  8.51084709  0.180293873
  8.56091118  0.184859931
  8.61097527  0.189099878
  8.6610384  0.194155201
  8.71110249  0.20018889
  8.76116657  0.204428807
  8.81122971  0.210299447
  8.86129379  0.215191633
  8.91135788  0.220573083
  8.96142197  0.226606801
  9.0114851  0.23215124
  9.06154919  0.237695724
  9.11161327  0.244055599
  9.16167641  0.251067728
  9.21174049  0.258569121
  9.26180458  0.26655975
  9.31186867  0.274224281
  9.3619318  0.283682585
  9.41199589  0.292325407
  9.46205997  0.302435905
  9.51212311  0.312220275
  9.56218719  0.322983056
  9.61225128  0.334561199
  9.66231441  0.346628815
  9.7123785  0.359348536
  9.76244259  0.37174201
  9.81250668  0.386255682
  9.86256981  0.399301648
  9.9126339  0.41479364
  9.96269798  0.429796189
  10.0127611  0.445614219
  10.0628252  0.46306327
  10.1128893  0.479859769
  10.1629534  0.496982455
  10.2130165  0.514431357
  10.2630806  0.533673823
  10.3131447  0.552427351
  10.3632078  0.570854723
  10.4132719  0.590423465
  10.463336  0.61162293
  10.5133991  0.63331157
  10.5634632  0.655163467
  10.6135273  0.67734164
  10.6635914  0.698215127
  10.7136545  0.720719099
  10.7637186  0.742407978
  10.8137827  0.76377064
  10.8638458  0.78562206
  10.9139099  0.807473958
  10.963974  0.827369153
  11.0140381  0.847753465
  11.0641012  0.867485344
  11.1141653  0.888032675
  11.1642294  0.908416629
  11.2142925  0.927495956
  11.2643566  0.947228611
  11.3144207  0.966307938
  11.3644838  0.985224247
  11.4145479  1.00299919
  11.464612  1.02142668
  11.5146761  1.03822327
  11.5647392  1.05485666
  11.6148033  1.07100093
  11.6648674  1.08763433
  11.7149305  1.10361576
  11.7649946  1.11731386
  11.8150587  1.13150096
  11.8651228  1.14568853
  11.9151859  1.15954971
  11.96525  1.17096484
  12.0153141  1.18303216
  12.0653772  1.1942842
  12.1154413  1.20521009
  12.1655054  1.21548378
  12.2155695  1.22608376
  12.2656326  1.23374808
  12.3156967  1.24239123
  12.3657608  1.25201225
  12.4158239  1.25837207
  12.465888  1.26603639
  12.5159521  1.27223313
  12.5660152  1.27728832
  12.6160793  1.28397465
  12.6661434  1.28902984
  12.7162075  1.29359603
  12.7662706  1.29914045
  12.8163347  1.30321753
  12.8663988  1.3082726
  12.9164619  1.31300175
  12.966526  1.31675243
  13.0165901  1.32164466
  13.0666542  1.32539546
  13.1167173  1.33061385
  13.1667814  1.33371222
  13.2168455  1.33811486
  13.2669086  1.34235454
  13.3169727  1.34740984
  13.3670368  1.35376966
  13.4171  1.35849905
  13.467164  1.36469579
  13.5172281  1.37252319
  13.5672922  1.37774158
  13.6173553  1.38573205
  13.6674194  1.39225519
  13.7174835  1.39991975
  13.7675467  1.40725803
  13.8176107  1.41443324
  13.8676748  1.4225868
  13.9177389  1.43106675
  13.967802  1.43987226
  14.0178661  1.44981968
  14.0679302  1.46041977
  14.1179934  1.47313976
  14.1680574  1.48422861
  14.2181215  1.49662232
  14.2681856  1.51129901
  14.3182487  1.52483428
  14.3683128  1.54032624
  14.4183769  1.55516601
  14.4684401  1.56967914
  14.5185041  1.58663869
  14.5685682  1.60343504
  14.6186314  1.61909032
  14.6686954  1.63670218
  14.7187595  1.65415084
  14.7688236  1.67290473
  14.8188868  1.69116914
  14.8689508  1.71073771
  14.9190149  1.73014343
  14.9690781  1.74971199
  15.0191422  1.76911771
  15.0692062  1.78819764
  15.1192703  1.80776632
  15.1693335  1.82717168
  15.2193975  1.84641492
  15.2694616  1.86614621
  15.3195248  1.88506305
  15.3695889  1.90479481
  15.4196529  1.92338479
  15.4697161  1.94279087
  15.5197802  1.96187043
  15.5698442  1.97997165
  15.6199083  1.99676812
  15.6699715  2.01242328
  15.7200356  2.02758908
  15.7700996  2.04340744
  15.8201628  2.05759478
  15.8702269  2.06982541
  15.9202909  2.08238244
  15.970355  2.09330845
  16.0204182  2.10211444
  16.0704823  2.11092019
  16.1205463  2.11858392
  16.1706104  2.12461734
  16.2206745  2.12967277
  16.2707367  2.1339128
  16.3208008  2.13652205
  16.3708649  2.13635898
  16.420929  2.13668537
  16.470993  2.13521767
  16.5210571  2.13228226
  16.5711212  2.12738991
  16.6211834  2.12103009
  16.6712475  2.11303997
  16.7213116  2.10521293
  16.7713757  2.09396052
  16.8214397  2.08254528
  16.8715038  2.06966257
  16.921566  2.055475
  16.9716301  2.03916717
  17.0216942  2.02204394
  17.0717583  2.00508475
  17.1218224  1.9864943
  17.1718864  1.96741498
  17.2219505  1.94621527
  17.2720127  1.92599463
  17.3220768  1.90381658
  17.3721409  1.88163865
  17.422205  1.85946059
  17.4722691  1.8348366
  17.5223331  1.81151688
  17.5723972  1.78868651
  17.6224594  1.7627579
  17.6725235  1.73748231
  17.7225876  1.71269476
  17.7726517  1.68709171
  17.8227158  1.66181552
  17.8727798  1.63751757
  17.9228439  1.61191511
  17.9729061  1.58631265
  18.0229702  1.56201518
  18.0730343  1.53869522
  18.1230984  1.51488638
  18.1731625  1.49156678
  18.2232265  1.46906304
  18.2732906  1.44721091
  18.3233528  1.42503262
  18.3734169  1.4026916
  18.423481  1.38116634
  18.4735451  1.3611083
  18.5236092  1.33925653
  18.5736732  1.31887221
  18.6237373  1.29865134
  18.6737995  1.27891934
  18.7238636  1.26065516
  18.7739277  1.24255395
  18.8239918  1.22445285
  18.8740559  1.20716691
  18.9241199  1.19118559
  18.9741821  1.17553091
  19.0242462  1.1610173
  19.0743103  1.14634097
  19.1243744  1.13117528
  19.1744385  1.11878157
  19.2245026  1.10589862
  19.2745667  1.09203732
  19.3246288  1.07931733
  19.3746929  1.06757641
  19.424757  1.05567217
  19.4748211  1.04393089
  19.5248852  1.03251553
  19.5749493  1.02207899
  19.6250134  1.01147914
  19.6750755  1.00234687
  19.7251396  0.993214965
  19.7752037  0.983430445
  19.8252678  0.975277066
  19.8753319  0.966960073
  19.925396  0.957501948
  19.9754601  0.94934833
  20.0255222  0.942009926
  20.0755863  0.932714641
  20.1256504  0.925865531
  20.1757145  0.916896582
  20.2257786  0.910047531
  20.2758427  0.902709305
  20.3259068  0.89537102
  20.3759689  0.88656503
  20.426033  0.879063547
  20.4760971  0.869279146
  20.5261612  0.861451566
  20.5762253  0.850688756
  20.6262894  0.842208803
  20.6763535  0.831282854
  20.7264156  0.823781431
  20.7764797  0.812692344
  20.8265438  0.803560197
  20.8766079  0.793938994
  20.926672  0.783991694
  20.9767361  0.774533272
  21.0267982  0.764422774
  21.0768623  0.753334045
  21.1269264  0.742244959
  21.1769905  0.730992734
  21.2270546  0.719088197
  21.2771187  0.707510054
  21.3271828  0.693648934
  21.3772449  0.681744695
  21.427309  0.669350982
  21.4773731  0.657283485
  21.5274372  0.644400597
  21.5775013  0.630539417
  21.6275654  0.617819667
  21.6776295  0.605752289
  21.7276917  0.591238737
  21.7777557  0.578845143
  21.8278198  0.56531024
  21.8778839  0.552916527
  21.927948  0.538892269
  21.9780121  0.52600944
  22.0280762  0.512637317
  22.0781384  0.499591768
  22.1282024  0.487035006
  22.1782665  0.474478275
  22.2283306  0.461269349
  22.2783947  0.448875755
  22.3284588  0.437134475
  22.3785229  0.424904048
  22.4285851  0.414141238
  22.4786491  0.401584685
  22.5287132  0.391963184
  22.5787773  0.382178873
  22.6288414  0.370111376
  22.6789055  0.362120748
  22.7289677  0.352336287
  22.7790318  0.342062712
  22.8290958  0.333582848
  22.8791599  0.323472291
  22.929224  0.315481693
  22.9792881  0.306349635
  23.0293522  0.29803288
  23.0794144  0.290205449
  23.1294785  0.281399548
  23.1795425  0.274224281
  23.2296066  0.265418261
  23.2796707  0.259384543
  23.3297348  0.251393944
  23.3797989  0.246175528
  23.4298611  0.238511115
  23.4799252  0.231988162
  23.5299892  0.226117551
  23.5800533  0.220246896
  23.6301174  0.214213207
  23.6801815  0.208016455
  23.7302456  0.203124255
  23.7803078  0.19774285
  23.8303719  0.193502858
  23.8804359  0.187795267
  23.9305  0.184207693
  23.9805641  0.180456966
  24.0306282  0.175238624
  24.0806923  0.171650976
  24.1307545  0.16822648
  24.1808186  0.164965048
  24.2308826  0.162029758
  24.2809467  0.158442184
  24.3310108  0.155180708
  24.3810749  0.152897671
  24.431139  0.148168504
  24.4812012  0.145559326
  24.5312653  0.142950147
  24.5813293  0.140993282
  24.6313934  0.137079522
  24.6814575  0.134959549
  24.7315216  0.1323504
  24.7815838  0.12892583
  24.8316479  0.126316652
  24.881712  0.123870552
  24.931776  0.1215875
  24.9818401  0.118489094
  25.0319042  0.116858371
  25.0819683  0.115390718
  25.1320305  0.113433845
  25.1820946  0.111640021
  25.2321587  0.110498495
  25.2822227  0.109193899
  25.3322868  0.106421664
  25.3823509  0.106258586
  25.432415  0.102671005
  25.4824772  0.101040259
  25.5325413  0.0994095206
  25.5826054  0.0966372713
  25.6326694  0.093865037
  25.6827335  0.092234306
  25.7327976  0.0906035677
  25.7828617  0.0892989859
  25.8329239  0.0883205459
  25.882988  0.0868528932
  25.9330521  0.0857113972
  25.9831161  0.0835914537
  26.0331802  0.0831022263
  26.0832443  0.0821237937
  26.1333084  0.0813084245
  26.1833706  0.0803299919
  26.2334347  0.0793515593
  26.2834988  0.07755775
  26.3335629  0.0762531534
  26.3836269  0.0747855157
  26.433691  0.0739701316
  26.4837551  0.0728286281
  26.5338173  0.0710348263
  26.5838814  0.0692410022
  26.6339455  0.0676102713
  26.6840096  0.0651641637
  26.7340736  0.0648380145
  26.7841377  0.0632072911
  26.8341999  0.0612503961
  26.884264  0.0601088852
  26.9343281  0.0596196689
  26.9843922  0.0579889342
  27.0344563  0.0578258559
  27.0845203  0.0571735613
  27.1345844  0.0553797595
  27.1846466  0.0544013195
  27.2347107  0.0540751815
  27.2847748  0.052770596
  27.3348389  0.0514660068
  27.384903  0.0504875518
  27.434967  0.0490198992
  27.4850311  0.0478783809
  27.5350933  0.0465737879
  27.5851574  0.0447799824
  27.6352215  0.0424969494
  27.6852856  0.0413554348
  27.7353497  0.0408662148
  27.7854137  0.0402139202
  27.8354778  0.0392354839
  27.88554  0.038583193
  27.9356041  0.0389093384
  27.9856682  0.037604738
  28.0357323  0.0367893726
  28.0857964  0.0371155217
  28.1358604  0.0363001488
  28.1859245  0.0354847834
  28.2359867  0.0345063433
  28.2860508  0.0338540487
  28.3361149  0.033854045
  28.386179  0.0317340866
  28.4362431  0.0307556484
  28.4863071  0.0304295011
  28.5363712  0.0302664209
  28.5864334  0.02863569
  28.6364975  0.0283095445
  28.6865616  0.0283095501
  28.7366257  0.027983401
  28.7866898  0.0271680336
  28.8367538  0.0276572555
  28.886816  0.0270049572
  28.9368801  0.026515739
  28.9869442  0.0261895955
  29.0370083  0.02488501
  29.0870724  0.0234173499
  29.1371365  0.0230912063
  29.1872005  0.0224389117
  29.2372627  0.0227650516
  29.2873268  0.0212973952
  29.3373909  0.0190143716
  29.387455  0.019666668
  29.4375191  0.0190143753
  29.4875832  0.0178728625
  29.5376472  0.0173836425
  29.5877094  0.019340517
  29.6377735  0.0195035934
  29.6878376  0.0186882261
  29.7379017  0.0201558825
  29.7879658  0.019177448
  29.8380299  0.0198297407
  29.8880939  0.0203189589
  29.9381561  0.0208081789
  29.9882202  0.0201558862
  30.0382843  0.0211343225
  30.0883484  0.0203189589
  30.1384125  0.0190143734
  30.1884766  0.0173836425
  30.2385406  0.0173836425
  30.2886028  0.0164052024
  30.3386669  0.0155898388
  30.388731  0.0151006188
  30.4387951  0.0154267633
  30.4888592  0.0151006151
  30.5389233  0.0144483205
  30.5889854  0.0134698795
  30.6390495  0.0131437294
  30.6891136  0.012817583
  30.7391777  0.0126545113
  30.7892418  0.0118391411
  30.8393059  0.0116760675
  30.88937  0.0111868484
  30.9394321  0.00955610629
  30.9894962  0.0102084018
  31.0395603  0.0095561035
  31.0896244  0.00890380703
  31.1396885  0.00939302891
  31.1897526  0.00988225173
  31.2398167  0.0102084065
  31.2898788  0.0100453272
  31.3399429  0.00890380703
  31.390007  0.00841458701
  31.4400711  0.00971917808
  31.4901352  0.00825151429
  31.5401993  0.00874073431
  31.5902634  0.00792536698
  31.6403255  0.00808844063
  31.6903896  0.00825151429
  31.7404537  0.0077622938
  31.7905178  0.00792536698
  31.8405819  0.00743614696
  31.890646  0.00711000012
  31.9407101  0.00711000012
  31.9907722  0.00515311956
  32.0408363  0.00531619275
  32.0909004  0.00499004638
  32.1409645  0.00564233959
  32.1910286  0.00515311956
  32.2410927  0.0054792664
  32.2911568  0.00515311956
  32.3412209  0.00580541324
  32.3912849  0.00450082589
  32.441349  0.0043377527
  32.4914093  0.00482697273
  32.5414734  0.00401160587
  32.5915375  0.0043377527
  32.6416016  0.00499004638
  32.6916656  0.00335931242
  32.7417297  0.00319623901
  32.7917938  0.00205472484
  32.8418579  0.00156550482
  32.891922  0.00205472531
  32.9419861  0.00140243163
  32.9920502  0.000587064889
  33.0421143  9.78451717E-05
  33.0921783  9.78448297E-05
  33.1422424 -0.000228301666
  33.1923027  0.000423991529
  33.2423668  0.00058706454
  33.2924309  0.00123935798
  33.342495  0.00189165189
  33.3925591  0.00221779826
  33.4426231  0.00123935798
  33.4926872  0.00156550482
  33.5427513  0.00156550482
  33.5928154  0.0014024314
  33.6428795  0.000423991238
  33.6929436  0.000260918139
  33.7430077  0.0004239915
  33.7930717 -6.52285016E-05
  33.843132 -0.000554448518
  33.8931961 -0.00120674225
  33.9432602 -0.00185903593
  33.9933243 -0.00251132972
  34.0433884 -0.00348976976
  34.0934525 -0.00251132972
  34.1435165 -0.00218518288
  34.1935806 -0.000880595762
  34.2436447 -0.00120674248
  34.2937088 -0.0013698159
  34.3437729 -0.00136981579
  34.393837 -0.00202210946
  34.4439011 -0.00218518288
  34.4939651 -0.00300054951
  34.5440254 -0.00316362269
  34.5940895 -0.0034897693
  34.6441536 -0.00365284272
  34.6942177 -0.0034897693
  34.7442818 -0.00381591613
  34.7943459 -0.00300054951
  34.8444099 -0.00202210923
  34.894474 -0.00169596251
  34.9445381 -0.00169596239
  34.9946022 -0.00185903581
  35.0446663 -0.00300054951
  35.0947304 -0.00348976906
  35.1447945 -0.0034897693
  35.1948586 -0.0038159159
  35.2449188 -0.00348976906
  35.2949829 -0.00463128276
  35.345047 -0.00365284202
  35.3951111 -0.00430513546
  35.4451752 -0.00479435548
  35.4952393 -0.00446820864
  35.5453033 -0.00397898909
  35.5953674 -0.00446821004
  35.6454315 -0.00316362293
  35.6954956 -0.00267440267
  35.7455597 -0.00300054927
  35.7956238 -0.00300054858
  35.8456879 -0.00332669471
  35.8957481 -0.0026744022
  35.9458122 -0.00267440127
  35.9958763 -0.00332669425
  36.0459404 -0.00479435548
  36.0960045 -0.00609894283
  36.1460686 -0.00772967748
  36.1961327 -0.00724045653
  36.2461967 -0.00805582386
  36.2962608 -0.00903426483
  36.3463249 -0.00870811753
  36.396389 -0.0093604112
  36.4464531 -0.00854504481
  36.4965172 -0.00870811753
  36.5465813 -0.0078927502
  36.5966415 -0.0078927502
  36.6467056 -0.00854504481
  36.6967697 -0.00789275113
  36.7468338 -0.00756660337
  36.7968979 -0.00740353018
  36.846962 -0.00724045746
  36.8970261 -0.00691431016
  36.9470901 -0.0078927502
  36.9971542 -0.00772967748
  37.0472183 -0.00740353065
  37.0972824 -0.0078927502
  37.1473465 -0.00772967748
  37.1974106 -0.00870811753
  37.2474747 -0.00887119025
  37.2975349 -0.00821889751
  37.347599 -0.00772967702
  37.3976631 -0.00724045653
  37.4477272 -0.00675123651
  37.4977913 -0.00724045653
  37.5478554 -0.00707738334
  37.5979195 -0.00707738334
  37.6479836 -0.00707738334
  37.6980476 -0.00724045653
  37.7481117 -0.00675123651
  37.7981758 -0.00642508967
  37.8482399 -0.00642509013
  37.898304 -0.00658816379
  37.9483643 -0.00609894376
  37.9984283 -0.00593587011
  38.0484924 -0.00658816379
  38.0985565 -0.00756660383
  38.1486206 -0.00821889844
  38.1986847 -0.00838197116
  38.2487488 -0.00805582386
  38.2988129 -0.00838197116
  38.348877 -0.0093604112
  38.398941 -0.00870811753
  38.4490051 -0.00838197023
  38.4990692 -0.00887119025
  38.5491333 -0.00854504388
  38.5991974 -0.00870811753
  38.6492577 -0.00854504481
  38.6993217 -0.00968655664
  38.7493858 -0.00903426483
  38.7994499 -0.00952348392
  38.849514 -0.0101757757
  38.8995781 -0.00952348392
  38.9496422 -0.00887119118
  38.9997063 -0.00919733755
  39.0497704 -0.0098496303
  39.0998344 -0.0108280703
  39.1498985 -0.0114803631
  39.1999626 -0.0116434349
  39.2500267 -0.0118065085
  39.3000908 -0.0126218731
  39.3501511 -0.0129480185
  39.4002151 -0.0119695803
  39.4502792 -0.0111542149
  39.5003433 -0.0111542167
  39.5504074 -0.0103388503
  39.6004715 -0.0098496303
  39.6505356 -0.00952348392
  39.7005997 -0.0075666029
  39.7506638 -0.00756660337
  39.8007278 -0.00821889751
  39.8507919 -0.00903426483
  39.900856 -0.00984963123
  39.9509201 -0.0109911421
  40.0009804 -0.0118065067
  40.0510445 -0.0127849448
  40.1011086 -0.0122957267
  40.1511726 -0.0124588013
  40.2012367 -0.0124588003
  40.2513008 -0.0126218731
  40.3013649 -0.0114803622
  40.351429 -0.0103388485
  40.4014931 -0.0101757757
  40.4515572 -0.0100127039
  40.5016212 -0.00968655758
  40.5516853 -0.00870811753
  40.6017494 -0.00887119118
  40.6518135 -0.00838197116
  40.7018738 -0.00838197023
  40.7519379 -0.00805582386
  40.802002 -0.00805582386
  40.852066 -0.00805582386
  40.9021301 -0.00772967702
  40.9521942 -0.00805582386
  41.0022583 -0.00756660337
  41.0523224 -0.00740353018
  41.1023865 -0.00756660337
  41.1524506 -0.00740353018
  41.2025146 -0.00740353018
  41.2525787 -0.00789275113
  41.3026428 -0.00870811753
  41.3527069 -0.00838197023
  41.4027672 -0.00854504481
  41.4528313 -0.00903426483
  41.5028954 -0.0108280694
  41.5529594 -0.0109911421
  41.6030235 -0.0111542167
  41.6530876 -0.0113172894
  41.7031517 -0.0118065067
  41.7532158 -0.0122957267
  41.8032799 -0.0118065085
  41.853344 -0.0113172894
  41.9034081 -0.0113172894
  41.9534721 -0.0108280685
  42.0035362 -0.0108280694
  42.0535965 -0.00903426483
  42.1036606 -0.0093604112
  42.1537247 -0.00887119118
  42.2037888 -0.00838197023
  42.2538528 -0.00756660337
  42.3039169 -0.0078927502
  42.353981 -0.00805582386
  42.4040451 -0.00821889751
  42.4541092 -0.00821889751
  42.5041733 -0.00887119118
  42.5542374 -0.00838197023
  42.6043015 -0.0093604112
  42.6543655 -0.0090342639
  42.7044296 -0.0100127039
  42.7544899 -0.0100127039
  42.804554 -0.0100127039
  42.8546181 -0.0101757757
  42.9046822 -0.010012703
  42.9547462 -0.0101757757
  43.0048103 -0.00952348392
  43.0548744 -0.0090342639
  43.1049385 -0.00903426483
  43.1550026 -0.00870811753
  43.2050667 -0.00772967702
  43.2551308 -0.00740353018
  43.3051949 -0.00724045653
  43.3552589 -0.00707738334
  43.4053192 -0.00740352971
  43.4553833 -0.00854504388
  43.5054474 -0.00854504295
  43.5555115 -0.0090342639
  43.6055756 -0.00854504388
  43.6556396 -0.00805582386
  43.7057037 -0.00870811753
  43.7557678 -0.00870811753
  43.8058319 -0.00838197116
  43.855896 -0.00838197116
  43.9059601 -0.00854504481
  43.9560242 -0.00854504388
  44.0060883 -0.00887119025
  44.0561523 -0.00887119025
  44.1062126 -0.0103388503
  44.1562767 -0.0098496303
  44.2063408 -0.0101757757
  44.2564049 -0.0108280703
  44.306469 -0.0103388503
  44.3565331 -0.010501923
  44.4065971 -0.0101757757
  44.4566612 -0.010501924
  44.5067253 -0.010501923
  44.5567894 -0.010501924
  44.6068535 -0.0108280694
  44.6569176 -0.0108280703
  44.7069817 -0.0109911431
  44.7570457 -0.0103388513
  44.807106 -0.0093604112
  44.8571701 -0.00887119118
  44.9072342 -0.00789275113
  44.9572983 -0.00756660383
  45.0073624 -0.00724045746
  45.0574265 -0.00740353065
  45.1074905 -0.00821889751
  45.1575546 -0.00919733755
  45.2076187 -0.00903426483
  45.2576828 -0.00952348486
  45.3077469 -0.0103388513
  45.357811 -0.0108280694
  45.4078751 -0.0106649967
  45.4579353 -0.0113172904
  45.5079994 -0.0116434367
  45.5580635 -0.010501924
  45.6081276 -0.010501924
  45.6581917 -0.0113172894
  45.7082558 -0.0106649958
  45.7583199 -0.0109911421
  45.8083839 -0.0108280694
  45.858448 -0.0119695831
  45.9085121 -0.0116434358
  45.9585762 -0.0106649976
  46.0086403 -0.0106649976
  46.0587044 -0.0090342639
  46.1087685 -0.0101757776
  46.1588287 -0.00952348486
  46.2088928 -0.00968655758
  46.2589569 -0.00919733755
  46.309021 -0.00968655664
  46.3590851 -0.00919733755
  46.4091492 -0.00952348486
  46.4592133 -0.0103388503
  46.5092773 -0.010012703
  46.5593414 -0.0103388503
  46.6094055 -0.0106649958
  46.6594696 -0.0111542139
  46.7095337 -0.0111542149
  46.7595978 -0.0118065067
  46.8096619 -0.012132653
  46.8597221 -0.0116434349
  46.9097862 -0.0116434358
  46.9598503 -0.0109911421
  47.0099144 -0.0114803612
  47.0599785 -0.0098496303
  47.1100426 -0.00903426483
  47.1601067 -0.00919733662
  47.2101707 -0.00838197023
  47.2602348 -0.0093604112
  47.3102989 -0.00887119025
  47.360363 -0.00870811753
  47.4104271 -0.00936041214
  47.4604912 -0.00821889844
  47.5105515 -0.00854504481
  47.5606155 -0.00919733755
  47.6106796 -0.0109911431
  47.6607437 -0.0108280694
  47.7108078 -0.0111542167
  47.7608719 -0.0113172904
  47.810936 -0.0108280703
  47.8610001 -0.0109911421
  47.9110641 -0.0114803622
  47.9611282 -0.0122957285
  48.0111923 -0.0121326549
  48.0612564 -0.0114803631
  48.1113205 -0.0113172894
  48.1613846 -0.0113172904
  48.2114449 -0.0116434367
  48.2615089 -0.0121326568
  48.311573 -0.0131110949
  48.3616371 -0.0129480222
  48.4117012 -0.0129480213
  48.4617653 -0.0137633849
  48.5118294 -0.0139264604
  48.5618935 -0.013111094
  48.6119576 -0.0136003122
  48.6620216 -0.0129480194
  48.7120857 -0.0122957248
  48.7621498 -0.0108280675
  48.8122139 -0.0100127021
  48.862278 -0.0106649958
  48.9123383 -0.010501923
  48.9624023 -0.00952348392
  49.0124664 -0.0098496303
  49.0625305 -0.010012703
  49.1125946 -0.0101757757
  49.1626587 -0.0103388503
  49.2127228 -0.00968655758
  49.2627869 -0.0101757776
  49.312851 -0.00903426483
  49.362915 -0.00919733755
  49.4129791 -0.00903426483
  49.4630432 -0.010012703
  49.5131073 -0.00903426483
  49.5631676 -0.0093604112
  49.6132317 -0.00919733755
  49.6632957 -0.00854504481
  49.7133598 -0.00903426483
  49.7634239 -0.00919733755
  49.813488 -0.0098496303
  49.8635521 -0.0103388485
  49.9136162 -0.010501923
  49.9636803 -0.0114803622
  50.0137444 -0.0111542167
  50.0638084 -0.010501923
  50.1138725 -0.0114803612
  50.1639366 -0.0118065067
  50.2140007 -0.0116434339
  50.264061 -0.0109911412
  50.3141251 -0.00968655758
  50.3641891 -0.00821889751
  50.4142532 -0.00789275113
  50.4643173 -0.00821889751
  50.5143814 -0.00870811753
  50.5644455 -0.00789275113
  50.6145096 -0.00805582386
  50.6645737 -0.00887119118
  50.7146378 -0.00903426483
  50.7647018 -0.00903426483
  50.8147659 -0.00821889751
  50.86483 -0.00887119118
  50.9148941 -0.00919733755
  50.9649544 -0.010012703
  51.0150185 -0.0101757776
  51.0650826 -0.00968655664
  51.1151466 -0.00821889844
  51.1652107 -0.00919733755
  51.2152748 -0.00854504481
  51.2653389 -0.00838197116
  51.315403 -0.00838197116
  51.3654671 -0.00821889844
  51.4155312 -0.00838197116
  51.4655952 -0.00838197116
  51.5156593 -0.00870811846
  51.5657234 -0.00887119211
  51.6157837 -0.00903426483
  51.6658478 -0.00903426483
  51.7159119 -0.00887119211
  51.765976 -0.00821889844
  51.81604 -0.00724045793
  51.8661041 -0.00724045746
  51.9161682 -0.00756660383
  51.9662323 -0.00707738381
  52.0162964 -0.00658816379
  52.0663605 -0.00756660337
  52.1164246 -0.00691431016
  52.1664886 -0.0064250892
  52.2165527 -0.00626201648
  52.2666168 -0.00626201602
  52.3166771 -0.00609894283
  52.3667412 -0.00658816285
  52.4168053 -0.00691430923
  52.4668694 -0.00821889658
  52.5169334 -0.00821889751
  52.5669975 -0.00952348486
  52.6170616 -0.00936041214
  52.6671257 -0.0101757776
  52.7171898 -0.00968655851
  52.7672539 -0.00984963123
  52.817318 -0.0106649967
  52.867382 -0.0101757757
  52.9174461 -0.0103388503
  52.9675102 -0.00952348392
  53.0175705 -0.00870811753
  53.0676346 -0.00903426297
  53.1176987 -0.00854504295
  53.1677628 -0.00805582292
  53.2178268 -0.0078927502
  53.2678909 -0.0075666029
  53.317955 -0.00724045606
  53.3680191 -0.0075666029
  53.4180832 -0.0075666029
  53.4681473 -0.00887119118
  53.5182114 -0.00952348392
  53.5682755 -0.0100127021
  53.6183395 -0.00968655664
  53.6683998 -0.0093604112
  53.7184639 -0.010501924
  53.768528 -0.00903426483
  53.8185921 -0.00838197116
  53.8686562 -0.00821889751
  53.9187202 -0.00854504481
  53.9687843 -0.00756660337
  54.0188484 -0.00740353018
  54.0689125 -0.00724045653
  54.1189766 -0.00658816285
  54.1690407 -0.00658816285
  54.2191048 -0.00772967702
  54.2691689 -0.00870811753
  54.3192329 -0.0090342639
  54.3692932 -0.00887119118
  54.4193573 -0.00952348392
  54.4694214 -0.0098496303
  54.5194855 -0.0106649958
  54.5695496 -0.0111542139
  54.6196136 -0.0103388485
  54.6696777 -0.00968655664
  54.7197418 -0.00854504295
  54.7698059 -0.00838197116
  54.81987 -0.00838197023
  54.8699341 -0.00691430923
  54.9199982 -0.00740352971
  54.9700623 -0.00772967748
  55.0201263 -0.00772967748
  55.0701866 -0.00789275113
  55.1202507 -0.00740353065
  55.1703148 -0.00789275113
  55.2203789 -0.00968655758
  55.270443 -0.00919733755
  55.320507 -0.010012703
  55.3705711 -0.010501923
  55.4206352 -0.0106649958
  55.4706993 -0.0103388485
  55.5207634 -0.0100127039
  55.5708275 -0.0093604112
  55.6208916 -0.00805582386
  55.6709557 -0.00724045606
  55.7210159 -0.00658816285
  55.77108 -0.00609894237
  55.8211441 -0.00609894237
  55.8712082 -0.00626201602
  55.9212723 -0.00609894237
  55.9713364 -0.00740353018
  56.0214005 -0.00821889751
  56.0714645 -0.0100127039
  56.1215286 -0.0108280694
  56.1715927 -0.0114803622
  56.2216568 -0.0118065085
  56.2717209 -0.0111542167
  56.321785 -0.0119695831
  56.3718491 -0.0122957285
  56.4219093 -0.0113172904
  56.4719734 -0.0116434349
  56.5220375 -0.0111542149
  56.5721016 -0.0108280694
  56.6221657 -0.0108280685
  56.6722298 -0.0111542139
  56.7222939 -0.0116434339
  56.7723579 -0.0114803603
  56.822422 -0.0118065057
  56.8724861 -0.0116434339
  56.9225502 -0.0109911421
  56.9726143 -0.0109911421
  57.0226784 -0.0100127039
  57.0727425 -0.0106649967
  57.1228027 -0.00968655664
  57.1728668 -0.0106649948
  57.2229309 -0.0116434358
  57.272995 -0.013111094
  57.3230591 -0.013111094
  57.3731232 -0.0139264595
  57.4231873 -0.0152310459
  57.4732513 -0.0162094869
  57.5233154 -0.0168617796
  57.5733795 -0.0153941177
  57.6234436 -0.0162094831
  57.6735077 -0.0162094831
  57.7235718 -0.0157202631
  57.773632 -0.0157202631
  57.8236961 -0.0157202631
  57.8737602 -0.0160464104
  57.9238243 -0.0165356323
  57.9738884 -0.0168617796
  58.0239525 -0.0163725596
  58.0740166 -0.0171879251
  58.1240807 -0.0171879232
  58.1741447 -0.0176771414
  58.2242088 -0.0171879232
  58.2742729 -0.0165356286
  58.324337 -0.0170248486
  58.3744011 -0.0175140686
  58.4244652 -0.0175140668
  58.4745255 -0.0171879195
  58.5245895 -0.0181663577
  58.5746536 -0.0173509941
  58.6247177 -0.0181663614
  58.6747818 -0.0183294341
  58.7248459 -0.0184925105
  58.77491 -0.0196340233
  58.8249741 -0.0194709525
  58.8750381 -0.0196340214
  58.9251022 -0.0193078741
  58.9751663 -0.0207755323
  59.0252304 -0.0209386088
  59.0752945 -0.0202863142
  59.1253586 -0.0209386069
  59.1754189 -0.0212647524
  59.2254829 -0.0215908978
  59.275547 -0.0222431906
  59.3256111 -0.0222431906
  59.3756752 -0.0227324124
  59.4257393 -0.021917047
  59.4758034 -0.0227324162
  59.5258675 -0.0225693416
  59.5759315 -0.0222431943
  59.6259956 -0.0222431943
  59.6760597 -0.0220801197
  59.7261238 -0.022406267
  59.7761879 -0.022895487
  59.8262482 -0.0240369998
  59.8763123 -0.024526218
  59.9263763 -0.0243631434
  59.9764404 -0.0240369979
  60.0265045 -0.0243631415
  60.0765686 -0.0243631434
  60.1266327 -0.0246892944
  60.1766968 -0.0240370017
  60.2267609 -0.0237108525
  60.276825 -0.0227324106
  60.326889 -0.0235477798
  60.3769531 -0.0228954852
  60.4270172 -0.0224062726
  60.4770813 -0.0220801216
  60.5271416 -0.0222431961
  60.5772057 -0.0220801234
  60.6272697 -0.0222431961
  60.6773338 -0.022243198
  60.7273979 -0.0219170507
  60.777462 -0.0225693416
  60.8275261 -0.0217539743
  60.8775902 -0.0215908978
  60.9276543 -0.022080116
  60.9777184 -0.0209386069
  61.0277824 -0.0217539743
  61.0778465 -0.0220801197
  61.1279106 -0.0220801178
  61.1779709 -0.0232216343
  61.228035 -0.0235477835
  61.2780991 -0.0240369998
  61.3281631 -0.0248523653
  61.3782272 -0.0272984728
  61.4282913 -0.0272984728
  61.4783554 -0.0277876947
  61.5284195 -0.0277876947
  61.5784836 -0.0272984672
  61.6285477 -0.0259938817
  61.6786118 -0.0255046599
  61.7286758 -0.0258308053
  61.7787399 -0.0248523634
  61.828804 -0.0250154398
  61.8788643 -0.0246892888
  61.9289284 -0.0243631434
  61.9789925 -0.0250154343
  62.0290565 -0.0266461726
  62.0791206 -0.0261569507
  62.1291847 -0.0266461726
  62.1792488 -0.0276246145
  62.2293129 -0.0276246145
  62.279377 -0.0274615418
  62.3294411 -0.02746154
  62.3795052 -0.0274615418
  62.4295692 -0.0266461745
  62.4796333 -0.0261569526
  62.5296974 -0.0261569526
  62.5797577 -0.0263200235
  62.6298218 -0.0256677326
  62.6798859 -0.0251785088
  62.72995 -0.0248523634
  62.780014 -0.0248523634
  62.8300781 -0.0253415871
  62.8801422 -0.0256677307
  62.9302063 -0.0268092435
  62.9802704 -0.0272984635
  63.0303345 -0.0272984616
  63.0803986 -0.0276246089
  63.1304626 -0.0286030509
  63.1805267 -0.0287661273
  63.230587 -0.0281138308
  63.2806511 -0.0277876854
  63.3307152 -0.02746154
  63.3807793 -0.0286030527
  63.4308434 -0.0277876873
  63.4809074 -0.0289291982
  63.5309715 -0.0276246145
  63.5810356 -0.0282769091
  63.6310997 -0.0290922746
  63.6811638 -0.0289291982
  63.7312279 -0.0297445636
  63.781292 -0.0292553436
  63.831356 -0.028603049
  63.8814201 -0.0282769036
  63.9314804 -0.0279507563
  63.9815445 -0.0281138327
  64.0316086 -0.02746154
  64.0816727 -0.0268092453
  64.1317368 -0.0258308072
  64.1818008 -0.024852369
  64.2318649 -0.024852369
  64.281929 -0.0245262217
  64.3319931 -0.0233847108
  64.3820572 -0.0233847108
  64.4321213 -0.022243198
  64.4821854 -0.0238739271
  64.5322495 -0.0238739233
  64.5823135 -0.023384707
  64.6323776 -0.0228954889
  64.6824417 -0.0230585597
  64.7325058 -0.022895487
  64.7825699 -0.0227324087
  64.832634 -0.0232216306
  64.8826981 -0.0224062651
  64.9327621 -0.0220801178
  64.9828186 -0.0224062651
  65.0328827 -0.021427827
  65.0829468 -0.0212647542
  65.1330109 -0.0217539743
  65.183075 -0.0211016797
  65.233139 -0.0212647524
  65.2832031 -0.0202863123
  65.3332672 -0.0197970942
  65.3833313 -0.0201232396
  65.4333954 -0.0209386069
  65.4834595 -0.0202863105
  65.5335236 -0.0201232359
  65.5835876 -0.0206124578
  65.6336517 -0.0202863105
  65.6837158 -0.0196340214
  65.7337799 -0.0199601669
  65.783844 -0.0196340196
  65.8339081 -0.0188186541
  65.8839722 -0.0188186541
  65.9340363 -0.0188186523
  65.9841003 -0.0181663614
  66.0341644 -0.0171879232
  66.0842285 -0.0175140705
  66.1342926 -0.0178402178
  66.1843567 -0.018818656
  66.2344208 -0.019470945
  66.2844849 -0.0197970942
  66.3345413 -0.0196340196
  66.3846054 -0.0186555795
  66.4346695 -0.0184925068
  66.4847336 -0.0181663614
  66.5347977 -0.0176771414
  66.5848618 -0.0175140705
  66.6349258 -0.0175140705
  66.6849899 -0.0170248467
  66.735054 -0.0180032868
  66.7851181 -0.0188186523
  66.8351822 -0.0194709431
  66.8852463 -0.0194709469
  66.9353104 -0.0199601687
  66.9853745 -0.0194709469
  67.0354385 -0.0201232433
  67.0855026 -0.0201232433
  67.1355667 -0.0206124615
  67.1856308 -0.0204493869
  67.2356949 -0.0207755305
  67.285759 -0.0202863105
  67.3358231 -0.0206124578
  67.3858871 -0.0197970942
  67.4359512 -0.0193078741
  67.4860153 -0.0191447977
  67.5360794 -0.0188186541
  67.5861435 -0.0189817287
  67.6362076 -0.0181663632
  67.686264 -0.0186555814
  67.7363281 -0.0186555814
  67.7863922 -0.0191448033
  67.8364563 -0.0184925124
  67.8865204 -0.0180032924
  67.9365845 -0.019144807
  67.9866486 -0.0175140705
  68.0367126 -0.018329436
  68.0867767 -0.0191448033
  68.1368408 -0.0189817306
  68.1869049 -0.018329436
  68.236969 -0.0186555777
  68.2870331 -0.0180032905
  68.3370972 -0.0186555814
  68.3871613 -0.0188186541
  68.4372253 -0.0188186541
  68.4872894 -0.0180032868
  68.5373535 -0.0184925087
  68.5874176 -0.0180032887
  68.6374817 -0.0176771432
  68.6875458 -0.0173509959
  68.7376099 -0.0168617759
  68.787674 -0.0171879232
  68.837738 -0.0163725577
  68.8878021 -0.0160464104
  68.9378662 -0.016209485
  68.9879303 -0.016698705
  69.0379868 -0.0178402159
  69.0880508 -0.0181663614
  69.1381149 -0.0176771395
  69.188179 -0.0175140686
  69.2382431 -0.0178402159
  69.2883072 -0.0184925087
  69.3383713 -0.0181663651
  69.3884354 -0.0183294378
  69.4384995 -0.0193078741
  69.4885635 -0.0188186541
  69.5386276 -0.0178402159
  69.5886917 -0.0173509959
  69.6387558 -0.0176771451
  69.6888199 -0.0175140686
  69.738884 -0.0178402141
  69.7889481 -0.0181663595
  69.8390121 -0.0178402141
  69.8890762 -0.0176771414
  69.9391403 -0.0181663632
  69.9892044 -0.0176771451
  70.0392685 -0.0176771414
  70.0893326 -0.0178402178
  70.1393967 -0.0173509978
  70.1894608 -0.0178402197
  70.2395248 -0.0178402197
  70.2895889 -0.0180032924
  70.339653 -0.0171879251
  70.3897171 -0.0165356323
  70.4397736 -0.0160464104
  70.4898376 -0.0168617759
  70.5399017 -0.0165356286
  70.5899658 -0.0160464086
  70.6400299 -0.0149048986
  70.690094 -0.0144156804
  70.7401581 -0.0145787541
  70.7902222 -0.0150679713
  70.8402863 -0.0153941186
  70.8903503 -0.0145787522
  70.9404144 -0.0150679704
  70.9904785 -0.0149048986
  71.0405426 -0.0144156786
  71.0906067 -0.0158833377
  71.1406708 -0.0155571904
  71.1907349 -0.0155571913
  71.240799 -0.0160464123
  71.290863 -0.0158833377
  71.3409271 -0.0166987013
  71.3909912 -0.0160464086
  71.4410553 -0.0163725559
  71.4911194 -0.0175140705
  71.5411835 -0.0176771451
  71.5912476 -0.0176771469
  71.6413116 -0.0176771469
  71.6913757 -0.0178402178
  71.7414398 -0.0173509978
  71.7914963 -0.0166987013
  71.8415604 -0.016861774
  71.8916245 -0.0170248486
  71.9416885 -0.0163725577
  71.9917526 -0.0171879251
  72.0418167 -0.0173509959
  72.0918808 -0.0170248486
  72.1419449 -0.0165356286
  72.192009 -0.0173509922
  72.2420731 -0.0165356286
  72.2921371 -0.0166987013
  72.3422012 -0.0160464123
  72.3922653 -0.0163725577
  72.4423294 -0.0166987069
  72.4923935 -0.015720265
  72.5424576 -0.016209485
  72.5925217 -0.0166987032
  72.6425858 -0.0175140686
  72.6926498 -0.0178402159
  72.7427139 -0.0181663632
  72.792778 -0.018329436
  72.8428421 -0.0189817306
  72.8929062 -0.0191448033
  72.9429703 -0.0197970998
  72.9930344 -0.0202863198
  73.0430984 -0.0201232433
  73.0931625 -0.0191447996
  73.143219 -0.0188186541
  73.1932831 -0.0180032887
  73.2433472 -0.0176771451
  73.2934113 -0.0180032905
  73.3434753 -0.0170248505
  73.3935394 -0.0175140705
  73.4436035 -0.0170248486
  73.4936676 -0.0173509959
  73.5437317 -0.0163725559
  73.5937958 -0.0170248486
  73.6438599 -0.0165356286
  73.693924 -0.016861774
  73.743988 -0.0170248486
  73.7940521 -0.0175140705
  73.8441162 -0.0178402197
  73.8941803 -0.0173509978
  73.9442444 -0.0176771469
  73.9943085 -0.018329436
  74.0443726 -0.0168617759
  74.0944366 -0.0170248486
  74.1445007 -0.0170248486
  74.1945648 -0.0168617778
  74.2446289 -0.0165356323
  74.294693 -0.0180032924
  74.3447571 -0.019307876
  74.3948212 -0.0180032905
  74.4448853 -0.018329436
  74.4949493 -0.0184925087
  74.5450058 -0.0178402122
  74.5950699 -0.0183294322
  74.645134 -0.0175140668
  74.6951981 -0.0178402122
  74.7452621 -0.0166987013
  74.7953262 -0.0166987013
  74.8453903 -0.0166987032
  74.8954544 -0.0168617759
  74.9455185 -0.0170248486
  74.9955826 -0.0175140705
  75.0456467 -0.0175140686
  75.0957108 -0.0170248467
  75.1457748 -0.0176771395
  75.1958389 -0.0191447996
  75.245903 -0.0189817287
  75.2959671 -0.0180032887
  75.3460312 -0.0181663614
  75.3960953 -0.0181663614
  75.4461594 -0.0186555814
  75.4962234 -0.0189817287
  75.5462875 -0.018329436
  75.5963516 -0.0184925087
  75.6464157 -0.019307876
  75.6964798 -0.0189817287
  75.7465439 -0.0188186541
  75.796608 -0.0180032905
  75.8466721 -0.0178402197
  75.8967285 -0.0178402197
  75.9467926 -0.0173509978
  75.9968567 -0.0175140724
  76.0469208 -0.0176771451
  76.0969849 -0.0175140686
  76.147049 -0.0180032868
  76.197113 -0.0175140668
  76.2471771 -0.0183294341
  76.2972412 -0.0188186541
  76.3473053 -0.019470945
  76.3973694 -0.0180032868
  76.4474335 -0.0193078667
  76.4974976 -0.0196340159
  76.5475616 -0.0196340177
  76.5976257 -0.019960165
  76.6476898 -0.0196340214
  76.6977539 -0.0191448014
  76.747818 -0.018818656
  76.7978821 -0.0197970979
  76.8479462 -0.0189817324
  76.8980103 -0.0178402178
  76.9480743 -0.0180032905
  76.9981384 -0.0181663632
  77.0482025 -0.0194709469
  77.0982666 -0.0189817324
  77.1483307 -0.019144807
  77.1983948 -0.019144807
  77.2484512 -0.0204493925
  77.2985153 -0.0194709543
  77.3485794 -0.0199601743
  77.3986435 -0.0202863198
  77.4487076 -0.0196340252
  77.4987717 -0.0191448014
  77.5488358 -0.0191447996
  77.5988998 -0.0189817287
  77.6489639 -0.0184925105
  77.699028 -0.0184925124
  77.7490921 -0.0189817287
  77.7991562 -0.019470945
  77.8492203 -0.0191447996
  77.8992844 -0.018818656
  77.9493484 -0.0181663651
  77.9994125 -0.0189817306
  78.0494766 -0.019307876
  78.0995407 -0.0189817306
  78.1496048 -0.0189817306
  78.1996689 -0.0188186578
  78.249733 -0.019144807
  78.2997971 -0.0199601743
  78.3498611 -0.0193078797
  78.3999252 -0.0201232433
  78.4499893 -0.019797096
  78.5000534 -0.0206124634
  78.5501175 -0.0199601725
  78.6001816 -0.0202863179
  78.650238 -0.0204493869
  78.7003021 -0.0201232415
  78.7503662 -0.0201232433
  78.8004303 -0.0194709469
  78.8504944 -0.018981725
  78.9005585 -0.0191447977
  78.9506226 -0.0191447996
  79.0006866 -0.018981725
  79.0507507 -0.0201232433
  79.1008148 -0.0196340214
  79.1508789 -0.019797096
  79.200943 -0.0202863179
  79.2510071 -0.0209386088
  79.3010712 -0.0209386069
  79.3511353 -0.0207755286
  79.4011993 -0.0202863105
  79.4512634 -0.0188186523
  79.5013275 -0.0193078741
  79.5513916 -0.0194709469
  79.6014557 -0.018818656
  79.6515198 -0.0188186541
  79.7015839 -0.0188186541
  79.7516479 -0.0193078723
  79.801712 -0.019960165
  79.8517761 -0.0186555795
  79.9018402 -0.0181663614
  79.9519043 -0.0180032887
  80.0019608 -0.0181663632
  80.0520248 -0.0184925105
  80.1020889 -0.0178402141
  80.152153 -0.0171879232
  80.2022171 -0.0175140686
  80.2522812 -0.0176771432
  80.3023453 -0.0188186541
  80.3524094 -0.0186555795
  80.4024734 -0.0183294341
  80.4525375 -0.0180032849
  80.5026016 -0.0186555795
  80.5526657 -0.0183294341
  80.6027298 -0.0181663614
  80.6527939 -0.0178402178
  80.702858 -0.0181663651
  80.7529221 -0.0184925105
  80.8029861 -0.0175140705
  80.8530502 -0.0173509959
  80.9031143 -0.0171879232
  80.9531784 -0.0171879195
  81.0032425 -0.0170248467
  81.0533066 -0.0171879195
  81.1033707 -0.0188186523
  81.1534348 -0.0186555795
  81.2034988 -0.0184925068
  81.2535629 -0.018818656
  81.303627 -0.018818656
  81.3536835 -0.0194709506
  81.4037476 -0.0193078779
  81.4538116 -0.0188186597
  81.5038757 -0.0189817324
  81.5539398 -0.0183294378
  81.6040039 -0.0186555814
  81.654068 -0.0184925105
  81.7041321 -0.0183294341
  81.7541962 -0.0191447996
  81.8042603 -0.0193078741
  81.8543243 -0.0209386088
  81.9043884 -0.022732418
  81.9544525 -0.0222431961
  82.0045166 -0.0224062689
  82.0545807 -0.0220801234
  82.1046448 -0.0212647561
  82.1547089 -0.0209386088
  82.2047729 -0.019797096
  82.254837 -0.0197970942
  82.3049011 -0.0186555795
  82.3549652 -0.0175140686
  82.4050293 -0.018329436
  82.4550934 -0.0188186541
  82.5051575 -0.0196340214
  82.5552216 -0.0202863142
  82.6052856 -0.0209386088
  82.6553497 -0.0227324106
  82.7054138 -0.0227324106
  82.7554703 -0.0225693379
  82.8055344 -0.0228954852
  82.8555984 -0.0235477779
  82.9056625 -0.0225693379
  82.9557266 -0.0224062689
  83.0057907 -0.0222431943
  83.0558548 -0.0215908997
  83.1059189 -0.0201232415
  83.155983 -0.0212647524
  83.2060471 -0.0211016778
  83.2561111 -0.0211016778
  83.3061752 -0.0212647542
  83.3562393 -0.0219170507
  83.4063034 -0.0212647561
  83.4563675 -0.0212647561
  83.5064316 -0.0215909053
  83.5564957 -0.0220801216
  83.6065598 -0.0212647561
  83.6566238 -0.0202863179
  83.7066879 -0.0199601687
  83.756752 -0.019307876
  83.8068161 -0.0196340196
  83.8568802 -0.0196340214
  83.9069443 -0.0197970942
  83.9570084 -0.0202863123
  84.0070724 -0.0206124615
  84.0571365 -0.0207755342
  84.107193 -0.0212647524
  84.1572571 -0.0220801178
  84.2073212 -0.022406267
  84.2573853 -0.0222431943
  84.3074493 -0.0222431943
  84.3575134 -0.0217539761
  84.4075775 -0.0215909015
  84.4576416 -0.0207755342
  84.5077057 -0.0206124652
  84.5577698 -0.021264758
  84.6078339 -0.0212647561
  84.6578979 -0.0199601669
  84.707962 -0.0206124634
  84.7580261 -0.0207755342
  84.8080902 -0.0211016852
  84.8581543 -0.0202863179
  84.9082184 -0.0206124634
  84.9582825 -0.0209386088
  85.0083466 -0.0201232433
  85.0584106 -0.0197970979
  85.1084747 -0.0199601725
  85.1585388 -0.0189817306
  85.2086029 -0.0194709506
  85.258667 -0.0196340214
  85.3087311 -0.0209386069
  85.3587952 -0.0211016778
  85.4088593 -0.0207755342
  85.4589157 -0.0211016834
  85.5089798 -0.0212647542
  85.5590439 -0.022406267
  85.609108 -0.0217539761
  85.6591721 -0.0211016834
  85.7092361 -0.0206124652
  85.7593002 -0.0209386088
  85.8093643 -0.0201232433
  85.8594284 -0.0209386088
  85.9094925 -0.0197970979
  85.9595566 -0.0196340233
  86.0096207 -0.0188186578
  86.0596848 -0.0196340252
  86.1097488 -0.0214278325
  86.1598129 -0.0207755398
  86.209877 -0.0204493925
  86.2599411 -0.0206124652
  86.3100052 -0.0202863216
  86.3600693 -0.0188186578
  86.4101334 -0.018818656
  86.4601974 -0.0181663632
  86.5102615 -0.0191448033
  86.5603256 -0.0186555814
  86.6103897 -0.018329436
  86.6604538 -0.0189817287
  86.7105179 -0.0180032905
  86.760582 -0.019307876
  86.8106384 -0.0199601687
  86.8607025 -0.0204493888
  86.9107666 -0.0207755361
  86.9608307 -0.0222431943
  87.0108948 -0.0225693416
  87.0609589 -0.0219170507
  87.1110229 -0.0211016834
  87.161087 -0.0206124578
  87.2111511 -0.0197970942
  87.2612152 -0.0196340233
  87.3112793 -0.0196340233
  87.3613434 -0.0196340214
  87.4114075 -0.0194709506
  87.4614716 -0.0197970979
  87.5115356 -0.0204493888
  87.5615997 -0.0209386069
  87.6116638 -0.0201232415
  87.6617279 -0.0197970942
  87.711792 -0.018981725
  87.7618561 -0.0197970942
  87.8119202 -0.0199601669
  87.8619843 -0.0194709506
  87.9120483 -0.0191448033
  87.9621124 -0.0189817287
  88.0121765 -0.019307876
  88.0622406 -0.0206124652
  88.1123047 -0.0207755361
  88.1623688 -0.0214278307
  88.2124252 -0.021427827
  88.2624893 -0.0214278232
  88.3125534 -0.022406267
  88.3626175 -0.0217539743
  88.4126816 -0.0209386088
  88.4627457 -0.0212647542
  88.5128098 -0.0204493869
  88.5628738 -0.019960165
  88.6129379 -0.0196340177
  88.663002 -0.0191448014
  88.7130661 -0.0193078741
  88.7631302 -0.0197970942
  88.8131943 -0.0196340214
  88.8632584 -0.019470945
  88.9133224 -0.020123234
  88.9633865 -0.0199601632
  89.0134506 -0.0202863123
  89.0635147 -0.019960165
  89.1135788 -0.0196340233
  89.1636429 -0.0202863142
  89.213707 -0.0207755342
  89.2637711 -0.0204493888
  89.3138351 -0.0196340233
  89.3638992 -0.0184925087
  89.4139633 -0.016861774
  89.4640274 -0.0171879232
  89.5140915 -0.0173509978
  89.5641479 -0.016698705
  89.614212 -0.0168617759
  89.6642761 -0.0178402178
  89.7143402 -0.0186555795
  89.7644043 -0.0188186541
  89.8144684 -0.0196340196
  89.8645325 -0.0197970942
  89.9145966 -0.0202863123
  89.9646606 -0.0206124634
  90.0147247 -0.0209386069
  90.0647888 -0.020449385
  90.1148529 -0.0188186523
  90.164917 -0.0186555814
  90.2149811 -0.0188186541
  90.2650452 -0.0194709469
  90.3151093 -0.0186555851
  90.3651733 -0.0189817324
  90.4152374 -0.019144807
  90.4653015 -0.019144807
  90.5153656 -0.0199601725
  90.5654297 -0.0201232433
  90.6154938 -0.0193078779
  90.6655579 -0.0194709525
  90.7156219 -0.0194709506
  90.765686 -0.0191448033
  90.8157501 -0.0189817306
  90.8658142 -0.0180032887
  90.9158707 -0.0180032868
  90.9659348 -0.0183294341
  91.0159988 -0.0181663595
  91.0660629 -0.0191447996
  91.116127 -0.0189817287
  91.1661911 -0.0178402159
  91.2162552 -0.016698705
  91.2663193 -0.0183294378
  91.3163834 -0.0178402178
  91.3664474 -0.0181663632
  91.4165115 -0.0178402159
  91.4665756 -0.0181663632
  91.5166397 -0.0181663632
  91.5667038 -0.0189817287
  91.6167679 -0.0189817287
  91.666832 -0.0197970942
  91.7168961 -0.0207755323
  91.7669601 -0.0212647505
  91.8170242 -0.022080116
  91.8670883 -0.0232216306
  91.9171524 -0.0230585597
  91.9672165 -0.0232216287
  92.0172806 -0.0232216306
  92.0673447 -0.0227324106
  92.1174088 -0.0233847052
  92.1674728 -0.0227324162
  92.2175369 -0.022406267
  92.267601 -0.021427827
  92.3176575 -0.0211016778
  92.3677216 -0.0211016797
  92.4177856 -0.0207755305
  92.4678497 -0.0206124578
  92.5179138 -0.0220801216
  92.5679779 -0.0212647561
  92.618042 -0.0209386107
  92.6681061 -0.0206124652
  92.7181702 -0.0202863179
  92.7682343 -0.0215909053
  92.8182983 -0.0217539761
  92.8683624 -0.0211016834
  92.9184265 -0.021427827
  92.9684906 -0.0206124615
  93.0185547 -0.0196340214
  93.0686188 -0.0193078723
  93.1186829 -0.019307876
  93.1687469 -0.019797096
  93.218811 -0.0204493888
  93.2688751 -0.0214278307
  93.3189392 -0.021264758
  93.3690033 -0.0220801253
  93.4190674 -0.022732418
  93.4691315 -0.0230585635
  93.5191956 -0.0233847108
  93.5692596 -0.0225693397
  93.6193237 -0.0225693379
  93.6693802 -0.021590896
  93.7194443 -0.0224062614
  93.7695084 -0.0222431906
  93.8195724 -0.022895487
  93.8696365 -0.022895487
  93.9197006 -0.0225693416
  93.9697647 -0.0228954908
  94.0198288 -0.0237108581
  94.0698929 -0.0238739327
  94.119957 -0.0243631508
  94.1700211 -0.0243631508
  94.2200851 -0.0237108544
  94.2701492 -0.0235477835
  94.3202133 -0.0233847089
  94.3702774 -0.0230585616
  94.4203415 -0.0242000744
  94.4704056 -0.0242000762
  94.5204697 -0.024363149
  94.5705338 -0.0246892944
  94.6205978 -0.0233847052
  94.6706619 -0.0235477779
  94.720726 -0.0242000744
  94.7707901 -0.0233847052
  94.8208542 -0.0237108525
  94.8709183 -0.0230585597
  94.9209824 -0.0222431906
  94.9710464 -0.0225693397
  95.0211029 -0.0220801197
  95.071167 -0.0217539743
  95.1212311 -0.0219170451
  95.1712952 -0.021917047
  95.2213593 -0.0215908997
  95.2714233 -0.021427827
  95.3214874 -0.0225693397
  95.3715515 -0.0217539743
  95.4216156 -0.0214278288
  95.4716797 -0.0209386088
  95.5217438 -0.0211016852
  95.5718079 -0.0211016834
  95.6218719 -0.0214278325
  95.671936 -0.021264758
  95.7220001 -0.0227324124
  95.7720642 -0.0232216325
  95.8221283 -0.022895487
  95.8721924 -0.0237108544
  95.9222565 -0.023058556
  95.9723206 -0.0232216287
  96.0223846 -0.022080116
  96.0724487 -0.0214278214
  96.1225128 -0.0214278232
  96.1725769 -0.0225693397
  96.222641 -0.022895487
  96.2727051 -0.0237108525
  96.3227692 -0.0240369998
  96.3728333 -0.0240370017
  96.4228897 -0.0233847089
  96.4729538 -0.0245262217
  96.5230179 -0.024363149
  96.573082 -0.0242000725
  96.6231461 -0.0243631415
  96.6732101 -0.0232216287
  96.7232742 -0.0237108488
  96.7733383 -0.0237108488
  96.8234024 -0.0227324087
  96.8734665 -0.0228954833
  96.9235306 -0.0233847052
  96.9735947 -0.0235477779
  97.0236588 -0.023547776
  97.0737228 -0.0232216306
  97.1237869 -0.0233847015
  97.173851 -0.0240369961
  97.2239151 -0.023547776
  97.2739792 -0.0235477742
  97.3240433 -0.0242000706
  97.3741074 -0.0237108506
  97.4241714 -0.0220801197
  97.4742355 -0.0220801178
  97.5242996 -0.0225693379
  97.5743637 -0.0228954833
  97.6244278 -0.0225693397
  97.6744919 -0.0227324124
  97.724556 -0.0207755323
  97.7746124 -0.0209386051
  97.8246765 -0.0217539724
  97.8747406 -0.0209386107
  97.9248047 -0.0202863179
  97.9748688 -0.0202863198
  98.0249329 -0.0202863179
  98.0749969 -0.0202863179
  98.125061 -0.0194709506
  98.1751251 -0.0204493888
  98.2251892 -0.0202863142
  98.2752533 -0.0212647524
  98.3253174 -0.0214278288
  98.3753815 -0.0224062689
  98.4254456 -0.0220801197
  98.4755096 -0.0222431906
  98.5255737 -0.0215908997
  98.5756378 -0.022243198
  98.6257019 -0.0219170507
  98.675766 -0.0211016852
  98.7258301 -0.0217539761
  98.7758942 -0.021264758
  98.8259583 -0.0202863123
  98.8760223 -0.019307876
  98.9260864 -0.0189817287
  98.9761505 -0.020449385
  99.0262146 -0.0211016759
  99.0762787 -0.0197970904
  99.1263351 -0.0202863086
  99.1763992 -0.021917047
  99.2264633 -0.0211016834
  99.2765274 -0.0217539761
  99.3265915 -0.0215908997
  99.3766556 -0.0211016834
  99.4267197 -0.021427827
  99.4767838 -0.0211016834
  99.5268478 -0.0201232415
  99.5769119 -0.0189817287
  99.626976 -0.0189817287
  99.6770401 -0.0181663651
  99.7271042 -0.0189817324
  99.7771683 -0.0196340233
  99.8272324 -0.0194709525
  99.8772964 -0.0194709506
  99.9273605 -0.0204493869
  99.9774246 -0.0202863105
  100.027489 -0.0197970942
  100.077553 -0.018981725
  100.127617 -0.0196340214
  100.177681 -0.019470945
  100.227745 -0.0191448014
  100.277809 -0.0193078741
  100.327873 -0.0186555777
  100.377937 -0.0193078741
  100.428001 -0.0193078741
  100.478065 -0.0186555814
  100.528122 -0.018818656
  100.578186 -0.018166367
  100.62825 -0.0188186597
  100.678314 -0.0181663688
  100.728378 -0.0173510015
  100.778442 -0.0173510015
  100.828506 -0.0175140724
  100.878571 -0.0171879269
  100.928635 -0.0171879232
  100.978699 -0.0181663632
  101.028763 -0.0181663632
  101.078827 -0.0184925124
  101.128891 -0.0183294397
  101.178955 -0.0188186578
  101.229019 -0.0189817324
  101.279083 -0.0189817324
  101.329147 -0.0184925087
  101.379211 -0.0180032887
  101.429276 -0.018329436
  101.47934 -0.0193078723
  101.529404 -0.0180032905
  101.579468 -0.0176771414
  101.629532 -0.0173509978
  101.679596 -0.0176771432
  101.72966 -0.0184925087
  101.779724 -0.018329436
  101.829788 -0.0184925105
  101.879845 -0.0189817306
  101.929909 -0.0197970942
  101.979973 -0.0212647524
  102.030037 -0.0201232452
  102.080101 -0.0193078779
  102.130165 -0.0196340233
  102.180229 -0.0186555851
  102.230293 -0.0186555814
  102.280357 -0.018329436
  102.330421 -0.0180032905
  102.380486 -0.0186555814
  102.43055 -0.0189817324
  102.480614 -0.0186555851
  102.530678 -0.0186555851
  102.580742 -0.018818656
  102.630806 -0.0201232415
  102.68087 -0.0207755342
  102.730934 -0.0211016778
  102.780998 -0.0199601669
  102.831062 -0.0202863123
  102.881126 -0.0197970942
  102.93119 -0.0184925068
  102.981255 -0.0199601669
  103.031319 -0.0194709506
  103.081383 -0.0193078797
  103.131447 -0.0193078797
  103.181511 -0.0186555851
  103.231567 -0.0197970979
  103.281631 -0.0202863179
  103.331696 -0.0206124634
  103.38176 -0.0207755342
  103.431824 -0.0191448014
  103.481888 -0.019797096
  103.531952 -0.0196340214
  103.582016 -0.0201232415
  103.63208 -0.0194709469
  103.682144 -0.0183294397
  103.732208 -0.0184925124
  103.782272 -0.0186555851
  103.832336 -0.0199601725
  103.882401 -0.0204493925
  103.932465 -0.0204493906
  103.982529 -0.0209386144
  104.032593 -0.0204493925
  104.082657 -0.0217539798
  104.132721 -0.0215909053
  104.182785 -0.0214278325
  104.232849 -0.0209386125
  104.282913 -0.0206124671
  104.332977 -0.0209386107
  104.383041 -0.019797096
  104.433105 -0.0202863179
  104.48317 -0.0194709506
  104.533234 -0.0199601687
  104.58329 -0.0202863179
  104.633354 -0.0206124634
  104.683418 -0.0199601687
  104.733482 -0.0196340233
  104.783546 -0.0193078741
  104.833611 -0.0194709469
  104.883675 -0.0197970979
  104.933739 -0.0206124652
  104.983803 -0.0206124652
  105.033867 -0.0212647561
  105.083931 -0.0199601725
  105.133995 -0.0201232452
