  0.0500706136 -0.0108121801
  0.100141227 -0.0117056835
  0.150211841 -0.0117056854
  0.200282454 -0.0115269842
  0.250353068 -0.0102760782
  0.300423682 -0.00938257389
  0.350494295 -0.00938257389
  0.400564909 -0.00795296207
  0.450635523 -0.0067020501
  0.500706136 -0.00759555865
  0.55077672 -0.00705945445
  0.600847363 -0.00580854248
  0.650918007 -0.00616594637
  0.700988591 -0.00652335072
  0.751059175 -0.00759555819
  0.801129818 -0.00759555772
  0.851200461 -0.00688075274
  0.901271045 -0.00688075181
  0.951341629 -0.0056298431
  1.00141227 -0.00473633548
  1.05148292 -0.00420023128
  1.10155344 -0.00241321861
  1.15162408 -0.00134101056
  1.20169473 -0.000447504775
  1.25176537 -9.00994419E-05
  1.30183601 -0.000447501836
  1.35190654 -0.000268800242
  1.40197718 -0.000447502185
  1.45204782  0.000446003978
  1.50211835  0.000624705688
  1.55218899  0.00151821482
  1.60225964  0.00205432018
  1.65233028  0.00205431855
  1.70240092  0.00151821598
  1.75247145  0.00205431995
  1.80254209  0.0022330198
  1.85261273  0.00259042135
  1.90268326  0.00276912423
  1.9527539  0.00384132168
  2.00282454  0.00312652113
  2.05289507  0.0029478136
  2.10296583  0.00223301607
  2.15303636  0.00187560823
  2.20310688  0.00169690885
  2.25317764  0.00241170847
  2.30324817  0.00384131726
  2.35331893  0.00223301328
  2.40338945  0.00259041646
  2.45345998  0.00437741773
  2.50353074  0.00491351821
  2.55360126  0.00634312816
  2.60367203  0.00705793453
  2.65374255  0.00670053251
  2.70381308  0.00795144029
  2.75388384  0.00759403734
  2.80395436  0.00777273811
  2.85402489  0.00848754309
  2.90409565  0.00866624434
  2.95416617  0.00938106235
  3.0042367  0.00938106235
  3.05430746  0.0102745723
  3.10437799  0.010810677
  3.15444875  0.0120615922
  3.20451927  0.012776399
  3.2545898  0.0134912049
  3.30466056  0.0152782248
  3.35473108  0.014742122
  3.40480185  0.0147421239
  3.45487237  0.0156356301
  3.50494289  0.0170652438
  3.55501366  0.0190309584
  3.60508418  0.0192096587
  3.65515471  0.0186735541
  3.70522547  0.0201031622
  3.75529599  0.0208179615
  3.80536652  0.0220688563
  3.85543728  0.02314106
  3.9055078  0.0245706756
  3.95557857  0.025285475
  4.00564909  0.0252854824
  4.05571985  0.027072493
  4.10579014  0.027787298
  4.1558609  0.0285021048
  4.20593166  0.0293956082
  4.25600195  0.0295743067
  4.30607271  0.0299317092
  4.35614347  0.0315400213
  4.40621376  0.0317187235
  4.45628452  0.0331483409
  4.50635529  0.0342205465
  4.55642605  0.0356501564
  4.60649633  0.036722362
  4.6565671  0.0372584723
  4.70663786  0.0392241776
  4.75670815  0.040832486
  4.80677891  0.0422620997
  4.85684967  0.0426194966
  4.90691996  0.0435130037
  4.95699072  0.0445852093
  5.00706148  0.0460148156
  5.05713177  0.0469083264
  5.10720253  0.0490527451
  5.15727329  0.0495888591
  5.20734406  0.0495888628
  5.25741434  0.050839778
  5.3074851  0.0510184802
  5.35755587  0.0528054945
  5.40762615  0.0540563986
  5.45769691  0.0553073213
  5.50776768  0.0558434241
  5.55783796  0.0572730303
  5.60790873  0.0579878427
  5.65797949  0.0583452471
  5.70804977  0.0581665374
  5.75812054  0.0597748533
  5.8081913  0.0606683604
  5.85826159  0.061561875
  5.90833235  0.0622766837
  5.95840311  0.063884981
  6.0084734  0.0647784844
  6.05854416  0.0667441934
  6.10861492  0.0694247186
  6.15868568  0.0708543286
  6.20875597  0.0728200302
  6.25882673  0.0742496327
  6.3088975  0.0749644414
  6.35896778  0.0756792575
  6.40903854  0.0772875547
  6.45910931  0.0780023411
  6.50917959  0.0797893479
  6.55925035  0.0817550421
  6.60932112  0.0842568651
  6.6593914  0.0844355747
  6.70946217  0.086758703
  6.75953293  0.0912262127
  6.80960369  0.0930132195
  6.85967398  0.0942641348
  6.90974474  0.0965872407
  6.9598155  0.0987316519
  7.00988579  0.100697383
  7.05995655  0.102663107
  7.11002731  0.104807548
  7.1600976  0.106594585
  7.21016836  0.107845478
  7.26023912  0.109096386
  7.31030941  0.111419506
  7.36038017  0.113027811
  7.41045094  0.115350924
  7.46052122  0.116244428
  7.51059198  0.117674038
  7.56066275  0.119639747
  7.61073303  0.121784166
  7.66080379  0.123928584
  7.71087456  0.127323896
  7.76094532  0.131076634
  7.81101561  0.135901585
  7.86108637  0.139654294
  7.91115713  0.143228322
  7.96122742  0.147159755
  8.01129818  0.1501977
  8.06136894  0.153771728
  8.1114397  0.157345742
  8.16151047  0.160026282
  8.21158028  0.164493799
  8.26165104  0.166816935
  8.3117218  0.172356665
  8.36179256  0.175573289
  8.41186333  0.179862112
  8.46193409  0.185044467
  8.5120039  0.189869389
  8.56207466  0.195587844
  8.61214542  0.200591475
  8.66221619  0.205595106
  8.71228695  0.21220699
  8.76235771  0.217389315
  8.81242752  0.223643854
  8.86249828  0.230613276
  8.91256905  0.236153066
  8.96263981  0.244552076
  9.01271057  0.251521409
  9.06278133  0.260456443
  9.1128521  0.267246991
  9.16292191  0.275645912
  9.21299267  0.286010593
  9.26306343  0.294588238
  9.31313419  0.305667669
  9.36320496  0.316211104
  9.41327572  0.326039642
  9.46334553  0.336761743
  9.51341629  0.349092156
  9.56348705  0.36070776
  9.61355782  0.373038232
  9.66362858  0.384832531
  9.71369934  0.399843276
  9.7637701  0.413424462
  9.81383991  0.426648378
  9.86391068  0.441480577
  9.91398144  0.455776751
  9.9640522  0.472217321
  10.014123  0.488836706
  10.0641937  0.504562378
  10.1142635  0.522074997
  10.1643343  0.540302336
  10.2144051  0.559065938
  10.2644758  0.578902125
  10.3145466  0.598201931
  10.3646173  0.617859125
  10.4146881  0.638945699
  10.4647579  0.660032094
  10.5148287  0.682191014
  10.5648994  0.703456402
  10.6149702  0.725794256
  10.665041  0.749740064
  10.7151117  0.772792935
  10.7651815  0.796381652
  10.8152523  0.82193619
  10.8653231  0.846954226
  10.9153938  0.870900035
  10.9654646  0.896453917
  11.0155354  0.920042396
  11.0656052  0.945596337
  11.1156759  0.967397749
  11.1657467  0.990271688
  11.2158175  1.01350307
  11.2658882  1.03512645
  11.315959  1.0560348
  11.3660297  1.07783651
  11.4160995  1.09981656
  11.4661703  1.1219753
  11.5162411  1.14163208
  11.5663118  1.16164637
  11.6163826  1.18255424
  11.6664534  1.20256865
  11.7165232  1.22168958
  11.7665939  1.2404536
  11.8166647  1.25868094
  11.8667355  1.27655172
  11.9168062  1.29388559
  11.966877  1.31032658
  12.0169468  1.32533753
  12.0670176  1.3398124
  12.1170883  1.35607398
  12.1671591  1.37019122
  12.2172298  1.3846662
  12.2673006  1.3969965
  12.3173714  1.41022038
  12.3674412  1.42290831
  12.4175119  1.43631029
  12.4675827  1.4473896
  12.5176535  1.45900583
  12.5677242  1.46990645
  12.617795  1.47991323
  12.6678648  1.49117148
  12.7179356  1.5011791
  12.7680063  1.51100719
  12.8180771  1.5206573
  12.8681479  1.52869928
  12.9182186  1.53870618
  12.9682894  1.54567528
  13.0183592  1.55371666
  13.0684299  1.561759
  13.1185007  1.56908584
  13.1685715  1.57802069
  13.2186422  1.58534729
  13.268713  1.59499741
  13.3187828  1.60286057
  13.3688536  1.61233175
  13.4189243  1.62037325
  13.4689951  1.63002312
  13.5190659  1.63967311
  13.5691366  1.64842939
  13.6192074  1.65968752
  13.6692772  1.66808629
  13.719348  1.67880821
  13.7694187  1.68988764
  13.8194895  1.70150304
  13.8695602  1.71133184
  13.919631  1.72348332
  13.9697008  1.73634994
  14.0197716  1.74778676
  14.0698423  1.76172507
  14.1199131  1.77369821
  14.1699839  1.78835177
  14.2200546  1.80103981
  14.2701244  1.8164078
  14.3201952  1.8310616
  14.370266  1.84535789
  14.4203367  1.86054742
  14.4704075  1.87752366
  14.5204782  1.89378536
  14.570549  1.91094148
  14.6206188  1.92809653
  14.6706896  1.9447155
  14.7207603  1.96240747
  14.7708311  1.98045588
  14.8209019  1.99743247
  14.8709726  2.01494503
  14.9210424  2.03317237
  14.9711132  2.05068564
  15.021184  2.06909204
  15.0712547  2.08785534
  15.1213255  2.10679793
  15.1713963  2.12520432
  15.2214661  2.14486146
  15.2715368  2.16344666
  15.3216076  2.18078017
  15.3716784  2.1988287
  15.4217491  2.21634173
  15.4718199  2.2329607
  15.5218906  2.24922228
  15.5719604  2.2644124
  15.6220312  2.27852964
  15.672102  2.2913959
  15.7221727  2.30390477
  15.7722435  2.31677151
  15.8223143  2.32677889
  15.8723841  2.33678579
  15.9224548  2.34482789
  15.9725256  2.35447764
  16.0225964  2.3603754
  16.0726662  2.36698651
  16.1227379  2.37199068
  16.1728077  2.37574363
  16.2228794  2.3775301
  16.2729492  2.37842393
  16.3230209  2.37717295
  16.3730907  2.37574315
  16.4231606  2.37216926
  16.4732323  2.36680841
  16.5233021  2.3605535
  16.5733738  2.35412002
  16.6234436  2.34554219
  16.6735134  2.33589268
  16.7235851  2.32624269
  16.7736549  2.31426907
  16.8237267  2.30247545
  16.8737965  2.28817892
  16.9238682  2.27298975
  16.973938  2.25654936
  17.0240078  2.23850036
  17.0740795  2.21795011
  17.1241493  2.19775677
  17.174221  2.17524052
  17.2242908  2.15218854
  17.2743626  2.12913585
  17.3244324  2.10375977
  17.3745022  2.08052897
  17.4245739  2.05622506
  17.4746437  2.0301342
  17.5247154  2.00386572
  17.5747852  1.97884738
  17.624855  1.95239997
  17.6749268  1.92559445
  17.7249966  1.89753854
  17.7750683  1.86983943
  17.8251381  1.84249878
  17.8752098  1.81497753
  17.9252796  1.78853059
  17.9753494  1.76136756
  18.0254211  1.73420537
  18.075491  1.70614958
  18.1255627  1.68005908
  18.1756325  1.65325475
  18.2257042  1.6260916
  18.275774  1.59964395
  18.3258438  1.57319558
  18.3759155  1.5474627
  18.4259853  1.52244461
  18.4760571  1.49671125
  18.5261269  1.47205079
  18.5761986  1.44899809
  18.6262684  1.42612493
  18.6763382  1.40200007
  18.7264099  1.38091326
  18.7764797  1.36000538
  18.8265514  1.33891892
  18.8766212  1.31890368
  18.9266911  1.29924703
  18.9767628  1.27976799
  19.0268326  1.25975358
  19.0769043  1.24224043
  19.1269741  1.22472775
  19.1770458  1.20632124
  19.2271156  1.18916619
  19.2771854  1.1718322
  19.3272572  1.15449858
  19.377327  1.13930917
  19.4273987  1.12394106
  19.4774685  1.10964501
  19.5275402  1.0944556
  19.57761  1.07944489
  19.6276798  1.06782901
  19.6777515  1.05371165
  19.7278214  1.04013014
  19.7778931  1.02672732
  19.8279629  1.01439679
  19.8780327  1.00027895
  19.9281044  0.987412333
  19.9781742  0.975081861
  20.0282459  0.962572873
  20.0783157  0.951850891
  20.1283875  0.939877927
  20.1784573  0.928262472
  20.2285271  0.917004347
  20.2785988  0.906282485
  20.3286686  0.895024419
  20.3787403  0.883051693
  20.4288101  0.871257484
  20.4788818  0.859999359
  20.5289516  0.846596897
  20.5790215  0.834623992
  20.6290932  0.821757436
  20.679163  0.809427023
  20.7292347  0.797989845
  20.7793045  0.785480857
  20.8293762  0.773686588
  20.879446  0.760462582
  20.9295158  0.749204218
  20.9795876  0.735444069
  21.0296574  0.72400701
  21.0797291  0.71024698
  21.1297989  0.697559237
  21.1798687  0.685407817
  21.2299404  0.672362506
  21.2800102  0.660032153
  21.3300819  0.647523224
  21.3801517  0.634656847
  21.4302235  0.622684002
  21.4802933  0.609996259
  21.5303631  0.597308397
  21.5804348  0.584620595
  21.6305046  0.572826207
  21.6805763  0.558529794
  21.7306461  0.547092855
  21.7807178  0.532796919
  21.8307877  0.519751966
  21.8808575  0.507779062
  21.9309292  0.495984793
  21.980999  0.482939601
  22.0310707  0.471145093
  22.0811405  0.45917204
  22.1312103  0.448092341
  22.181282  0.437012911
  22.2313519  0.426469624
  22.2814236  0.415926307
  22.3314934  0.405025601
  22.3815651  0.39394623
  22.4316349  0.385011137
  22.4817047  0.373216957
  22.5317764  0.362316161
  22.5818462  0.353917181
  22.631918  0.343195111
  22.6819878  0.332294226
  22.7320595  0.323180497
  22.7821293  0.313530505
  22.8321991  0.304238021
  22.8822708  0.296196461
  22.9323406  0.285653114
  22.9824123  0.278326452
  23.0324821  0.270463645
  23.082552  0.262600869
  23.1326237  0.256525069
  23.1826935  0.248840898
  23.2327652  0.242943749
  23.282835  0.2365105
  23.3329067  0.231506765
  23.3829765  0.225788325
  23.4330463  0.219533756
  23.4831181  0.212207019
  23.5331879  0.207203418
  23.5832596  0.201127619
  23.6333294  0.195587873
  23.6834011  0.18915464
  23.7334709  0.18343617
  23.7835407  0.177539021
  23.8336124  0.173786342
  23.8836823  0.169140071
  23.933754  0.165029928
  23.9838238  0.160205007
  24.0338936  0.157167047
  24.0839653  0.154843956
  24.1340351  0.150555119
  24.1841068  0.147695869
  24.2341766  0.145194039
  24.2842484  0.141798705
  24.3343182  0.138760775
  24.384388  0.135901541
  24.4344597  0.133757129
  24.4845295  0.131076604
  24.5346012  0.128217399
  24.584671  0.125715584
  24.6347427  0.12339247
  24.6848125  0.119282313
  24.7348824  0.116601802
  24.7849541  0.116244398
  24.8350239  0.113027781
  24.8850956  0.111419477
  24.9351654  0.108381562
  24.9852371  0.106773227
  25.0353069  0.105522327
  25.0853767  0.10391403
  25.1354485  0.101948321
  25.1855183  0.100161292
  25.23559  0.0989103764
  25.2856598  0.0965872481
  25.3357296  0.0955150351
  25.3858013  0.0944428369
  25.4358711  0.0926558226
  25.4859428  0.0906901062
  25.5360126  0.0896179006
  25.5860844  0.087116085
  25.6361542  0.085686475
  25.686224  0.0838994831
  25.7362957  0.0824698731
  25.7863655  0.0810402632
  25.8364372  0.0780023634
  25.886507  0.0771088451
  25.9365788  0.0762153491
  25.9866486  0.0755005404
  26.0367184  0.0735348463
  26.0867901  0.0719265342
  26.1368599  0.070854336
  26.1869316  0.0690673217
  26.2370014  0.0692460313
  26.2870712  0.067459017
  26.3371429  0.0662081018
  26.3872128  0.0645997897
  26.4372845  0.0638849735
  26.4873543  0.0613831468
  26.537426  0.0599535368
  26.5874958  0.0579878166
  26.6375656  0.0569156185
  26.6876373  0.05673692
  26.7377071  0.0558434203
  26.7877789  0.0542351007
  26.8378487  0.0535202958
  26.8879204  0.0528054796
  26.9379902  0.0520906672
  26.98806  0.0504823662
  27.0381317  0.0499462634
  27.0882015  0.0481592417
  27.1382732  0.0469083264
  27.188343  0.0453000069
  27.2384148  0.0449426025
  27.2884846  0.0436916947
  27.3385544  0.0426194854
  27.3886261  0.0419046767
  27.4386959  0.0417259783
  27.4887676  0.0401176699
  27.5388374  0.0388667732
  27.5889072  0.0376158617
  27.638979  0.037615858
  27.6890488  0.0379732624
  27.7391205  0.0363649465
  27.7891903  0.0351140462
  27.839262  0.0358288512
  27.8893318  0.0343992412
  27.9394016  0.0340418331
  27.9894733  0.0329696275
  28.0395432  0.0318974257
  28.0896149  0.0313613191
  28.1396847  0.0304678157
  28.1897564  0.0290382113
  28.2398262  0.0288595054
  28.289896  0.0279659983
  28.3399677  0.0263576899
  28.3900375  0.0247493871
  28.4401093  0.0242132805
  28.4901791  0.0227836706
  28.5402489  0.0234984737
  28.5903206  0.0226049703
  28.6403904  0.0222475678
  28.6904621  0.0220688675
  28.7405319  0.0226049703
  28.7906036  0.0220688637
  28.8406734  0.0217114594
  28.8907433  0.0213540588
  28.940815  0.0218901597
  28.9908848  0.0213540569
  29.0409565  0.0206392594
  29.0910263  0.0197457597
  29.141098  0.0192096569
  29.1911678  0.0195670594
  29.2412376  0.0186735559
  29.2913094  0.0174226463
  29.3413792  0.0174226463
  29.3914509  0.0174226463
  29.4415207  0.0170652401
  29.4915905  0.0167078376
  29.5416622  0.0163504332
  29.591732  0.0163504351
  29.6418037  0.0150995236
  29.6918736  0.0150995255
  29.7419453  0.0149208242
  29.7920151  0.0149208233
  29.8420849  0.0143847158
  29.8921566  0.0147421248
  29.9422264  0.0145634227
  29.9922981  0.0138486177
  30.0423679  0.0129551068
  30.0924397  0.0134912143
  30.1425095  0.0136699183
  30.1925793  0.0134912161
  30.242651  0.0122403009
  30.2927208  0.0111680869
  30.3427925  0.0120616024
  30.3928623  0.0100958794
  30.4429321  0.0106319925
  30.4930038  0.00991717912
  30.5430737  0.0104532829
  30.5931454  0.0102745816
  30.6432152  0.0106319813
  30.6932869  0.00955975801
  30.7433567  0.0102745714
  30.7934265  0.00920234993
  30.8434982  0.00955976266
  30.893568  0.00866624434
  30.9436398  0.00795143936
  30.9937096  0.00795143936
  31.0437813  0.00670053158
  31.0938511  0.00687923282
  31.1439209  0.00616442831
  31.1939926  0.00509222271
  31.2440624  0.00509222178
  31.2941341  0.00509222224
  31.3442039  0.00527092163
  31.3942757  0.00491351914
  31.4443455  0.0054496224
  31.4944153  0.00562832458
  31.544487  0.00455612829
  31.5945568  0.00544962194
  31.6446285  0.00491352426
  31.6946983  0.00419873279
  31.7447681  0.00384133053
  31.7948399  0.00223302143
  31.8449097  0.00205431948
  31.8949814  0.0024117229
  31.9450512  0.00205431902
  31.9951229  0.00080340897
  32.0451927  0.000446004735
  32.0952644  0.000446006597
  32.1453323 -9.01003586E-05
  32.1954041 -9.00995437E-05
  32.2454758 -0.000626203604
  32.2955475 -9.0099762E-05
  32.3456154  0.000624706154
  32.3956871 -0.000626203662
  32.4457588 -0.000447502243
  32.4958267 -0.000626203604
  32.5458984 -0.00205581682
  32.5959702 -0.0016984127
  32.6460419 -0.00330672646
  32.6961098 -0.00294932141
  32.7461815 -0.00312802172
  32.7962532 -0.00330672646
  32.8463211 -0.0038428288
  32.8963928 -0.00366412848
  32.9464645 -0.00241321861
  32.9965363 -0.00259192265
  33.0466042 -0.00241322117
  33.0966759 -0.00241322094
  33.1467476 -0.00259192172
  33.1968155 -0.00312802382
  33.2468872 -0.00294932257
  33.2969589 -0.00366412709
  33.3470268 -0.00420022989
  33.3970985 -0.00491503766
  33.4471703 -0.00402153051
  33.497242 -0.00473633641
  33.5473099 -0.00473633641
  33.5973816 -0.00562984357
  33.6474533 -0.00580854481
  33.6975212 -0.00545114186
  33.7475929 -0.00616594683
  33.7976646 -0.00634464808
  33.8477364 -0.00580854481
  33.8978043 -0.00688075181
  33.947876 -0.00723815616
  33.9979477 -0.00670205196
  34.0480156 -0.00634464854
  34.0980873 -0.0061659473
  34.148159 -0.00545114046
  34.1982307 -0.00580854435
  34.2482986 -0.00509373797
  34.2983704 -0.00491503626
  34.3484421 -0.00616594916
  34.39851 -0.00580854667
  34.4485817 -0.00616594963
  34.4986534 -0.00652335119
  34.5487251 -0.00723815663
  34.598793 -0.00902517047
  34.6488647 -0.00866776705
  34.6989365 -0.00991867483
  34.7490044 -0.00938257296
  34.7990761 -0.00938257296
  34.8491478 -0.00902517326
  34.8992195 -0.00973997358
  34.9492874 -0.00902517047
  34.9993591 -0.00795296114
  35.0494308 -0.00848906487
  35.0994987 -0.00795296021
  35.1495705 -0.00759555772
  35.1996422 -0.00705945445
  35.2497101 -0.00652334979
  35.2997818 -0.00688075135
  35.3498535 -0.00723815523
  35.3999252 -0.00688075274
  35.4499931 -0.0077742599
  35.5000648 -0.00866776705
  35.5501366 -0.00920387171
  35.6002045 -0.0084890658
  35.6502762 -0.00884646922
  35.7003479 -0.00938257296
  35.7504196 -0.00938257296
  35.8004875 -0.00973997451
  35.8505592 -0.0102760782
  35.900631 -0.00973997544
  35.9506989 -0.0106334798
  36.0007706 -0.0111695826
  36.0508423 -0.0115269851
  36.100914 -0.011526986
  36.1509819 -0.010812181
  36.2010536 -0.0109908814
  36.2511253 -0.0113482848
  36.3011932 -0.0117056873
  36.351265 -0.0117056863
  36.4013367 -0.0122417901
  36.4514084 -0.0127778938
  36.5014763 -0.0117056873
  36.551548 -0.0113482838
  36.6016197 -0.011526986
  36.6516876 -0.0117056863
  36.7017593 -0.011526986
  36.7518311 -0.0124204904
  36.8019028 -0.0129565941
  36.8519707 -0.0127778938
  36.9020424 -0.0122417901
  36.9521141 -0.0120630888
  37.002182 -0.0117056863
  37.0522537 -0.0111695835
  37.1023254 -0.010812181
  37.1523972 -0.0100973761
  37.2024651 -0.00973997358
  37.2525368 -0.00973997451
  37.3026085 -0.010097377
  37.3526764 -0.0106334798
  37.4027481 -0.0109908823
  37.4528198 -0.0115269842
  37.5028877 -0.0117056854
  37.5529594 -0.0111695817
  37.6030312 -0.0120630851
  37.6531029 -0.013313991
  37.7031708 -0.0124204885
  37.7532425 -0.0125991879
  37.8033142 -0.0125991898
  37.8533821 -0.0133139938
  37.9034538 -0.0125991907
  37.9535255 -0.0113482857
  38.0035973 -0.0125991907
  38.0536652 -0.0122417901
  38.1037369 -0.012241791
  38.1538086 -0.0117056873
  38.2038765 -0.0122417863
  38.2539482 -0.012063087
  38.3040199 -0.0120630879
  38.3540916 -0.0118843867
  38.4041595 -0.0118843857
  38.4542313 -0.0111695817
  38.504303 -0.0111695817
  38.5543709 -0.0109908814
  38.6044426 -0.0111695817
  38.6545143 -0.0127778891
  38.704586 -0.0115269842
  38.7546539 -0.0124204895
  38.8047256 -0.0122417882
  38.8547974 -0.0120630879
  38.9048653 -0.0131352935
  38.954937 -0.0138500985
  39.0050087 -0.0127778929
  39.0550804 -0.0138500985
  39.1051483 -0.0131352944
  39.15522 -0.0133139957
  39.2052917 -0.0136713982
  39.2553596 -0.014207501
  39.3054314 -0.0138500994
  39.3555031 -0.0138500994
  39.4055748 -0.014207501
  39.4556427 -0.0143862013
  39.5057144 -0.0143862013
  39.5557861 -0.0143862013
  39.605854 -0.0143861985
  39.6559258 -0.0143862003
  39.7059975 -0.0142074954
  39.7560654 -0.0143861976
  39.8061371 -0.0145648979
  39.8562088 -0.0145648969
  39.9062805 -0.0145648979
  39.9563484 -0.0138500938
  40.0064201 -0.0143861976
  40.0564919 -0.0138500966
  40.1065598 -0.0142074972
  40.1566315 -0.0142074972
  40.2067032 -0.0143861985
  40.2567749 -0.0154584059
  40.3068428 -0.0152797047
  40.3569145 -0.0143861985
  40.4069862 -0.0134926951
  40.4570541 -0.0145648988
  40.5071259 -0.0138500938
  40.5571976 -0.0133139901
  40.6072693 -0.0124204895
  40.6573372 -0.0124204904
  40.7074089 -0.0111695835
  40.7574806 -0.0125991926
  40.8075485 -0.0122417919
  40.8576202 -0.0124204922
  40.907692 -0.0113482848
  40.9577637 -0.0120630898
  41.0078316 -0.0133139957
  41.0579033 -0.0138500994
  41.107975 -0.0133139957
  41.1580429 -0.0138500985
  41.2081146 -0.0129565932
  41.2581863 -0.0136713972
  41.3082581 -0.0145649025
  41.358326 -0.0136713972
  41.4083977 -0.0133139938
  41.4584694 -0.0134926951
  41.5085373 -0.0140287997
  41.558609 -0.0140287988
  41.6086807 -0.0124204913
  41.6587524 -0.0127778919
  41.7088203 -0.0122417901
  41.7588921 -0.0122417901
  41.8089638 -0.0129565923
  41.8590317 -0.0138500966
  41.9091034 -0.0133139947
  41.9591751 -0.013492696
  42.009243 -0.0138500994
  42.0593147 -0.0143862022
  42.1093864 -0.0134926969
  42.1594582 -0.0133139966
  42.2095261 -0.0131352963
  42.2595978 -0.0125991916
  42.3096695 -0.0136713963
  42.3597374 -0.0147436019
  42.4098091 -0.0151010016
  42.4598808 -0.0158158056
  42.5099525 -0.0159945097
  42.5600204 -0.0149223041
  42.6100922 -0.0143862003
  42.6601639 -0.014207501
  42.7102318 -0.0138500975
  42.7603035 -0.0133139938
  42.8103752 -0.0131352944
  42.8604469 -0.0134926951
  42.9105148 -0.0134926951
  42.9605865 -0.0142075
  43.0106583 -0.0147436038
  43.0607262 -0.0147436019
  43.1107979 -0.0143862003
  43.1608696 -0.0152797028
  43.2109413 -0.0154584059
  43.2610092 -0.0140287997
  43.3110809 -0.0136713963
  43.3611526 -0.0125991907
  43.4112206 -0.0131352926
  43.4612923 -0.0140287988
  43.511364 -0.0145649025
  43.5614357 -0.0145649025
  43.6115036 -0.0158158075
  43.6615753 -0.0158158075
  43.711647 -0.0163519103
  43.7617149 -0.016888015
  43.8117867 -0.0159945115
  43.8618584 -0.0154584097
  43.9119263 -0.0152797075
  43.961998 -0.0151010063
  44.0120697 -0.0154584087
  44.0621414 -0.0154584087
  44.1122093 -0.0149223059
  44.162281 -0.0149223059
  44.2123528 -0.0156371091
  44.2624207 -0.0152797066
  44.3124924 -0.0151010053
  44.3625641 -0.0142075
  44.4126358 -0.0138500985
  44.4627037 -0.0129565932
  44.5127754 -0.0131352944
  44.5628471 -0.0129565941
  44.612915 -0.0138500994
  44.6629868 -0.0134926969
  44.7130585 -0.0140288007
  44.7631302 -0.0149223059
  44.8131981 -0.0156371072
  44.8632698 -0.0154584078
  44.9133415 -0.0156371072
  44.9634094 -0.0159945078
  45.0134811 -0.0158158056
  45.0635529 -0.0149223013
  45.1136246 -0.0131352935
  45.1636925 -0.0120630851
  45.2137642 -0.0120630879
  45.2638359 -0.0124204885
  45.3139038 -0.0111695826
  45.3639755 -0.0109908823
  45.4140472 -0.0117056854
  45.464119 -0.0120630879
  45.5141869 -0.0120630879
  45.5642586 -0.0138500975
  45.6143303 -0.0140287979
  45.6643982 -0.0145649007
  45.7144699 -0.0149223013
  45.7645416 -0.0159945078
  45.8146133 -0.0156371053
  45.8646812 -0.0152797019
  45.914753 -0.0163519103
  45.9648247 -0.0163519103
  46.0148926 -0.0152797047
  46.0649643 -0.0145649016
  46.115036 -0.0138500975
  46.1651039 -0.0142074991
  46.2151756 -0.0151010044
  46.2652473 -0.014028796
  46.3153191 -0.0147436
  46.365387 -0.0149223013
  46.4154587 -0.0145649007
  46.4655304 -0.0152797019
  46.5155983 -0.0147435991
  46.56567 -0.0143861976
  46.6157417 -0.0151010007
  46.6658134 -0.0156371053
  46.7158813 -0.0156371053
  46.7659531 -0.0159945078
  46.8160248 -0.0159945078
  46.8660927 -0.0156371053
  46.9161644 -0.0149223031
  46.9662361 -0.0154584069
  47.0163078 -0.0151010044
  47.0663757 -0.015994506
  47.1164474 -0.0165306088
  47.1665192 -0.0170667134
  47.2165871 -0.0167093109
  47.2666588 -0.0167093109
  47.3167305 -0.0165306106
  47.3668022 -0.0149223004
  47.4168701 -0.0140287951
  47.4669418 -0.0142074991
  47.5170135 -0.0124204904
  47.5670815 -0.0118843876
  47.6171532 -0.0118843885
  47.6672249 -0.0117056863
  47.7172966 -0.0125991926
  47.7673645 -0.0127778938
  47.8174362 -0.0133139975
  47.8675079 -0.0134926969
  47.9175758 -0.0154584087
  47.9676476 -0.0152797075
  48.0177193 -0.014207501
  48.0677872 -0.0149223041
  48.1178589 -0.0156371072
  48.1679306 -0.0140287997
  48.2180023 -0.0140287988
  48.2680702 -0.0145649025
  48.3181419 -0.0145649035
  48.3682137 -0.0140287997
  48.4182816 -0.0147436028
  48.4683533 -0.0147436028
  48.518425 -0.014922305
  48.5684967 -0.0151010053
  48.6185646 -0.0143862013
  48.6686363 -0.0143862003
  48.718708 -0.0143862003
  48.7687759 -0.0138500985
  48.8188477 -0.0138500985
  48.8689194 -0.0134926951
  48.9189911 -0.0131352944
  48.969059 -0.0138500975
  49.0191307 -0.0147436028
  49.0692024 -0.0151010044
  49.1192703 -0.0151010044
  49.169342 -0.0149223041
  49.2194138 -0.0151010053
  49.2694855 -0.0152797056
  49.3195534 -0.0152797056
  49.3696251 -0.0151010044
  49.4196968 -0.0142074991
  49.4697647 -0.0142074972
  49.5198364 -0.0140287979
  49.5699081 -0.0143861985
  49.6199799 -0.0136713963
  49.6700478 -0.0138500975
  49.7201195 -0.013492696
  49.7701912 -0.0129565923
  49.8202591 -0.0129565932
  49.8703308 -0.0133139947
  49.9204025 -0.0122417863
  49.9704742 -0.0120630842
  50.0205421 -0.0120630851
  50.0706139 -0.0120630879
  50.1206856 -0.0115269842
  50.1707535 -0.0125991898
  50.2208252 -0.0129565923
  50.2708969 -0.0131352935
  50.3209648 -0.0140287979
  50.3710365 -0.0156371072
  50.4211082 -0.0159945078
  50.47118 -0.0163519103
  50.5212479 -0.0168880131
  50.5713196 -0.0172454156
  50.6213913 -0.0174241159
  50.6714592 -0.0165306106
  50.7215309 -0.0161732081
  50.7716026 -0.0147435982
  50.8216743 -0.0147436
  50.8717422 -0.0147436019
  50.921814 -0.0145649016
  50.9718857 -0.0125991916
  51.0219536 -0.0124204904
  51.0720253 -0.0125991907
  51.122097 -0.0122417891
  51.1721687 -0.0115269842
  51.2222366 -0.0117056854
  51.2723083 -0.0115269814
  51.3223801 -0.012777891
  51.372448 -0.0124204885
  51.4225197 -0.0131352926
  51.4725914 -0.0129565895
  51.5226631 -0.0129565895
  51.572731 -0.012599187
  51.6228027 -0.0118843839
  51.6728745 -0.0118843857
  51.7229424 -0.0133139919
  51.7730141 -0.0134926932
  51.8230858 -0.0131352926
  51.8731575 -0.0131352926
  51.9232254 -0.0129565904
  51.9732971 -0.0129565923
  52.0233688 -0.012777891
  52.0734367 -0.0124204895
  52.1235085 -0.0113482829
  52.1735802 -0.0111695826
  52.2236519 -0.0115269823
  52.2737198 -0.0120630879
  52.3237915 -0.0127778919
  52.3738632 -0.0113482838
  52.4239311 -0.0109908814
  52.4740028 -0.0109908823
  52.5240746 -0.010812182
  52.5741425 -0.0102760782
  52.6242142 -0.0111695845
  52.6742859 -0.010097377
  52.7243576 -0.00866776705
  52.7744255 -0.00938257296
  52.8244972 -0.0095612742
  52.8745689 -0.00973997544
  52.9246368 -0.00920387171
  52.9747086 -0.010097377
  53.0247803 -0.0104547804
  53.074852 -0.010812181
  53.1249199 -0.0104547776
  53.1749916 -0.010097377
  53.2250633 -0.0108121801
  53.2751312 -0.00973997544
  53.3252029 -0.0095612742
  53.3752747 -0.00866776705
  53.4253464 -0.00884646829
  53.4754143 -0.00831036363
  53.525486 -0.00723815616
  53.5755577 -0.00848906673
  53.6256256 -0.00973997544
  53.6756973 -0.0106334807
  53.725769 -0.0111695817
  53.7758408 -0.0111695817
  53.8259087 -0.0104547776
  53.8759804 -0.00956127513
  53.9260521 -0.00956127513
  53.97612 -0.0102760773
  54.0261917 -0.00938257203
  54.0762634 -0.00848906394
  54.1263351 -0.00866776612
  54.176403 -0.0100973742
  54.2264748 -0.00973997358
  54.2765465 -0.00920387171
  54.3266144 -0.0111695826
  54.3766861 -0.0109908814
  54.4267578 -0.010097377
  54.4768295 -0.0104547795
  54.5268974 -0.010097377
  54.5769691 -0.00973997544
  54.6270409 -0.0102760782
  54.6771088 -0.0102760782
  54.7271805 -0.0102760782
  54.7772522 -0.00991867576
  54.8273201 -0.010097377
  54.8773918 -0.00938257203
  54.9274635 -0.010812181
  54.9775352 -0.0104547786
  55.0276031 -0.0113482829
  55.0776749 -0.0117056835
  55.1277466 -0.0115269814
  55.1778145 -0.0111695817
  55.2278862 -0.0111695817
  55.2779579 -0.0109908814
  55.3280296 -0.010097377
  55.3780975 -0.0104547786
  55.4281693 -0.0106334798
  55.478241 -0.0118843867
  55.5283089 -0.0125991898
  55.5783806 -0.0127778919
  55.6284523 -0.0134926978
  55.678524 -0.0133139966
  55.7285919 -0.0133139957
  55.7786636 -0.0147436038
  55.8287354 -0.0151010053
  55.8788033 -0.014922305
  55.928875 -0.0140287997
  55.9789467 -0.0147436038
  56.0290184 -0.0138500975
  56.0790863 -0.0145649035
  56.129158 -0.0143862013
  56.1792297 -0.0147436038
  56.2292976 -0.0151010063
  56.2793694 -0.0143862022
  56.3294411 -0.0145649035
  56.3795128 -0.0156371091
  56.4295807 -0.0152797075
  56.4796524 -0.0151010072
  56.5297241 -0.0145649025
  56.579792 -0.0156371072
  56.6298637 -0.0149223041
  56.6799355 -0.0156371072
  56.7300034 -0.0167093128
  56.7800751 -0.0159945078
  56.8301468 -0.0168880131
  56.8802185 -0.0163519103
  56.9302864 -0.0170667153
  56.9803581 -0.0174241159
  57.0304298 -0.0179602187
  57.0804977 -0.0186750256
  57.1305695 -0.0177815184
  57.1806412 -0.0176028181
  57.2307129 -0.0177815221
  57.2807808 -0.0181389228
  57.3308525 -0.0179602206
  57.3809242 -0.0190324299
  57.4309921 -0.0202833395
  57.4810638 -0.0199259371
  57.5311356 -0.0193898287
  57.5812073 -0.0186750237
  57.6312752 -0.019747233
  57.6813469 -0.0206407402
  57.7314186 -0.0202833377
  57.7814865 -0.0208194405
  57.8315582 -0.022785157
  57.8816299 -0.0234999638
  57.9317017 -0.0234999638
  57.9817696 -0.0238573682
  58.0318413 -0.0238573682
  58.081913 -0.0243934728
  58.1319809 -0.023678666
  58.1820526 -0.022785157
  58.2321243 -0.0233212598
  58.282196 -0.0240360666
  58.3322639 -0.022963861
  58.3823357 -0.0234999657
  58.4324074 -0.0234999638
  58.4824753 -0.0240360685
  58.532547 -0.0240360666
  58.5826187 -0.0240360666
  58.6326904 -0.0236786641
  58.6827583 -0.0256443806
  58.73283 -0.0258230809
  58.7829018 -0.0263591837
  58.8329697 -0.0276100971
  58.8830414 -0.0283249039
  58.9331131 -0.0285036024
  58.983181 -0.0276100934
  59.0332527 -0.0286823064
  59.0833244 -0.0288610086
  59.1333961 -0.0299332123
  59.1834641 -0.0293971095
  59.2335358 -0.0295758136
  59.2836075 -0.0292184111
  59.3336754 -0.029754512
  59.3837471 -0.0299332142
  59.4338188 -0.0304693189
  59.4838905 -0.0302906167
  59.5339584 -0.0313628241
  59.5840302 -0.0315415263
  59.6341019 -0.03154153
  59.6841698 -0.0318989344
  59.7342415 -0.032256335
  59.7843132 -0.0329711437
  59.8343849 -0.0333285406
  59.8844528 -0.0324350372
  59.9345245 -0.0327924378
  59.9845963 -0.032256335
  60.0346642 -0.0306480229
  60.0847359 -0.0297545157
  60.1348076 -0.0286823083
  60.1848793 -0.0285036061
  60.2349472 -0.0292184111
  60.2850189 -0.0301119182
  60.3350906 -0.03154153
  60.3851585 -0.0317202322
  60.4352303 -0.0326137356
  60.485302 -0.0327924415
  60.5353737 -0.0333285406
  60.5854416 -0.0333285406
  60.6355133 -0.0333285406
  60.685585 -0.0326137394
  60.7356529 -0.0333285406
  60.7857246 -0.0324350335
  60.8357964 -0.0320776291
  60.8858643 -0.0317202285
  60.935936 -0.0318989307
  60.9860077 -0.0318989307
  61.0360794 -0.032256335
  61.0861473 -0.0318989307
  61.136219 -0.0311841257
  61.1862907 -0.0304693244
  61.2363586 -0.0306480229
  61.2864304 -0.0315415263
  61.3365021 -0.0310054254
  61.3865738 -0.0308267213
  61.4366417 -0.0318989307
  61.4867134 -0.0318989269
  61.5367851 -0.0322563313
  61.586853 -0.0322563313
  61.6369247 -0.0320776291
  61.6869965 -0.0322563313
  61.7370682 -0.0326137319
  61.7871361 -0.0327924341
  61.8372078 -0.0326137319
  61.8872795 -0.0320776291
  61.9373474 -0.0329711325
  61.9874191 -0.0322563313
  62.0374908 -0.0324350372
  62.0875626 -0.032256335
  62.1376305 -0.03297114
  62.1877022 -0.0320776291
  62.2377739 -0.0317202248
  62.2878418 -0.0324350335
  62.3379135 -0.0329711363
  62.3879852 -0.0333285369
  62.4380569 -0.0342220441
  62.4881248 -0.0360090658
  62.5381966 -0.0372599773
  62.5882683 -0.0363664664
  62.6383362 -0.0356516615
  62.6884079 -0.0358303636
  62.7384796 -0.0370812677
  62.7885513 -0.0367238671
  62.8386192 -0.0365451686
  62.8886909 -0.0358303636
  62.9387627 -0.0351155587
  62.9888306 -0.0354729593
  63.0389023 -0.0360090584
  63.088974 -0.0360090546
  63.1390419 -0.0352942534
  63.1891136 -0.0347581506
  63.2391853 -0.0342220478
  63.289257 -0.0336859412
  63.339325 -0.033149831
  63.3893967 -0.033864636
  63.4394684 -0.033149831
  63.4895363 -0.0335072353
  63.539608 -0.0333285369
  63.5896797 -0.0345794484
  63.6397514 -0.0347581506
  63.6898193 -0.0344007537
  63.7398911 -0.0352942571
  63.7899628 -0.0352942571
  63.8400307 -0.033685945
  63.8901024 -0.0342220441
  63.9401741 -0.0331498384
  63.9902458 -0.03297114
  64.0403137 -0.0331498384
  64.0903854 -0.0329711363
  64.1404572 -0.0326137282
  64.1905289 -0.0320776291
  64.2406006 -0.031720221
  64.2906647 -0.0322563313
  64.3407364 -0.031720221
  64.3908081 -0.030469317
  64.4408798 -0.030469317
  64.4909515 -0.0304693151
  64.5410233 -0.0306480173
  64.591095 -0.030648021
  64.6411591 -0.0299332142
  64.6912308 -0.029575808
  64.7413025 -0.0283249002
  64.7913742 -0.0277887974
  64.8414459 -0.0283249002
  64.8915176 -0.0279674996
  64.9415894 -0.0277888011
  64.9916534 -0.0270739906
  65.0417252 -0.0268952921
  65.0917969 -0.0267165918
  65.1418686 -0.0276100934
  65.1919403 -0.028682299
  65.242012 -0.0279674958
  65.2920837 -0.0272526946
  65.3421478 -0.0268952921
  65.3922195 -0.0265378878
  65.4422913 -0.0270739961
  65.492363 -0.0260017905
  65.5424347 -0.0249295738
  65.5925064 -0.0238573644
  65.6425781 -0.0236786623
  65.6926422 -0.0233212616
  65.7427139 -0.0234999619
  65.7927856 -0.022963861
  65.8428574 -0.0222490504
  65.8929291 -0.0224277508
  65.9430008 -0.0231425595
  65.9930725 -0.0229638554
  66.0431366 -0.0229638591
  66.0932083 -0.0231425613
  66.14328 -0.0229638591
  66.1933517 -0.0233212635
  66.2434235 -0.0238573682
  66.2934952 -0.024393471
  66.3435593 -0.0256443825
  66.393631 -0.026180489
  66.4437027 -0.0249295756
  66.4937744 -0.0251082722
  66.5438461 -0.0268952921
  66.5939178 -0.0263591856
  66.6439896 -0.0251082759
  66.6940536 -0.0243934672
  66.7441254 -0.0238573644
  66.7941971 -0.0231425595
  66.8442688 -0.0229638554
  66.8943405 -0.0231425613
  66.9444122 -0.0236786623
  66.9944839 -0.0251082741
  67.044548 -0.0263591893
  67.0946198 -0.0265378859
  67.1446915 -0.0267165881
  67.1947632 -0.0267165843
  67.2448349 -0.0267165862
  67.2949066 -0.0260017831
  67.3449783 -0.0254656784
  67.3950424 -0.0245721731
  67.4451141 -0.0234999638
  67.4951859 -0.0234999657
  67.5452576 -0.0233212616
  67.5953293 -0.0242147688
  67.645401 -0.0247508734
  67.6954727 -0.0252869781
  67.7455368 -0.0258230828
  67.7956085 -0.02528698
  67.8456802 -0.0261804853
  67.895752 -0.0254656784
  67.9458237 -0.0256443806
  67.9958954 -0.0256443825
  68.0459671 -0.0252869781
  68.0960312 -0.0242147706
  68.1461029 -0.0236786641
  68.1961746 -0.0233212635
  68.2462463 -0.0231425613
  68.2963181 -0.0231425613
  68.3463898 -0.0227851588
  68.3964615 -0.0227851607
  68.4465256 -0.0227851626
  68.4965973 -0.0217129514
  68.546669 -0.0226064604
  68.5967407 -0.022249056
  68.6468124 -0.0220703557
  68.6968842 -0.023142565
  68.7469559 -0.0227851607
  68.79702 -0.0224277563
  68.8470917 -0.0234999657
  68.8971634 -0.0227851588
  68.9472351 -0.023678666
  68.9973068 -0.0226064567
  69.0473785 -0.02385737
  69.0974503 -0.0231425632
  69.1475143 -0.0240360703
  69.1975861 -0.0242147706
  69.2476578 -0.024572175
  69.2977295 -0.024393471
  69.3478012 -0.0243934728
  69.3978729 -0.023678666
  69.4479446 -0.0233212635
  69.4980087 -0.0238573663
  69.5480804 -0.022785157
  69.5981522 -0.0234999638
  69.6482239 -0.0220703501
  69.6982956 -0.0224277508
  69.7483673 -0.0222490504
  69.798439 -0.0220703501
  69.8485031 -0.0224277508
  69.8985748 -0.0231425613
  69.9486465 -0.0233212598
  69.9987183 -0.0233212616
  70.04879 -0.0254656728
  70.0988617 -0.0247508734
  70.1489334 -0.0243934691
  70.1989975 -0.0234999619
  70.2490692 -0.0242147669
  70.2991409 -0.0245721713
  70.3492126 -0.0249295719
  70.3992844 -0.0238573682
  70.4493561 -0.0243934728
  70.4994202 -0.0240360685
  70.5494919 -0.0227851626
  70.5995636 -0.0236786678
  70.6496353 -0.0238573682
  70.699707 -0.0234999657
  70.7497787 -0.0231425632
  70.7998505 -0.0231425613
  70.8499146 -0.0226064585
  70.8999863 -0.0227851607
  70.950058 -0.0226064604
  71.0001297 -0.0236786697
  71.0502014 -0.0234999675
  71.1002731 -0.0231425632
  71.1503448 -0.023142565
  71.2004089 -0.022963861
  71.2504807 -0.0227851588
  71.3005524 -0.0218916479
  71.3506241 -0.0226064567
  71.4006958 -0.0233212616
  71.4507675 -0.0224277563
  71.5008392 -0.0222490542
  71.5509033 -0.0226064585
  71.600975 -0.023142565
  71.6510468 -0.0234999657
  71.7011185 -0.0233212635
  71.7511902 -0.0229638591
  71.8012619 -0.0236786641
  71.8513336 -0.0238573626
  71.9013977 -0.0233212616
  71.9514694 -0.0224277545
  72.0015411 -0.0226064567
  72.0516129 -0.0226064567
  72.1016846 -0.0226064567
  72.1517563 -0.0224277545
  72.201828 -0.0226064529
  72.2518921 -0.0233212635
  72.3019638 -0.0242147688
  72.3520355 -0.0242147688
  72.4021072 -0.0245721731
  72.452179 -0.0247508734
  72.5022507 -0.0252869781
  72.5523224 -0.0243934691
  72.6023865 -0.0252869762
  72.6524582 -0.0249295738
  72.7025299 -0.0243934691
  72.7526016 -0.0238573663
  72.8026733 -0.0242147669
  72.8527451 -0.0238573644
  72.9028168 -0.0240360685
  72.9528809 -0.0227851588
  73.0029526 -0.0233212635
  73.0530243 -0.0234999657
  73.103096 -0.0247508753
  73.1531677 -0.0256443825
  73.2032394 -0.0258230884
  73.2533112 -0.0258230884
  73.3033752 -0.026895294
  73.353447 -0.0267165918
  73.4035187 -0.0256443806
  73.4535904 -0.0252869781
  73.5036621 -0.0243934728
  73.5537338 -0.0251082778
  73.6038055 -0.02528698
  73.6538696 -0.0243934691
  73.7039413 -0.0245721713
  73.7540131 -0.0247508716
  73.8040848 -0.0236786641
  73.8541565 -0.0234999619
  73.9042282 -0.0231425595
  73.9542999 -0.022785157
  74.004364 -0.0229638536
  74.0544357 -0.0231425557
  74.1045074 -0.0240360666
  74.1545792 -0.0243934672
  74.2046509 -0.0243934691
  74.2547226 -0.0245721713
  74.3047943 -0.0247508734
  74.3548584 -0.0251082759
  74.4049301 -0.0254656803
  74.4550018 -0.0251082778
  74.5050735 -0.0247508716
  74.5551453 -0.0249295738
  74.605217 -0.0249295738
  74.6552887 -0.0254656766
  74.7053528 -0.0251082759
  74.7554245 -0.0251082722
  74.8054962 -0.0240360666
  74.8555679 -0.0238573682
  74.9056396 -0.0243934728
  74.9557114 -0.0233212654
  75.0057755 -0.0226064585
  75.0558472 -0.0227851607
  75.1059189 -0.0229638647
  75.1559906 -0.0233212672
  75.2060623 -0.0236786697
  75.256134 -0.0240360722
  75.3062057 -0.0240360703
  75.3562698 -0.0242147725
  75.4063416 -0.0247508772
  75.4564133 -0.0249295775
  75.506485 -0.0256443825
  75.5565567 -0.0261804909
  75.6066284 -0.0247508716
  75.6567001 -0.0256443825
  75.7067642 -0.0247508716
  75.7568359 -0.0238573644
  75.8069077 -0.0238573682
  75.8569794 -0.0242147706
  75.9070511 -0.0233212654
  75.9571228 -0.022249056
  76.0071945 -0.0211768486
  76.0572586 -0.0215342473
  76.1073303 -0.0217129476
  76.157402 -0.0220703483
  76.2074738 -0.0229638591
  76.2575455 -0.0238573644
  76.3076172 -0.0229638591
  76.3576889 -0.0229638591
  76.407753 -0.0231425632
  76.4578247 -0.0229638629
  76.5078964 -0.0229638629
  76.5579681 -0.0231425632
  76.6080399 -0.0233212654
  76.6581116 -0.0233212635
  76.7081833 -0.0234999657
  76.7582474 -0.023678666
  76.8083191 -0.0252869781
  76.8583908 -0.0245721731
  76.9084625 -0.023678666
  76.9585342 -0.0240360685
  77.008606 -0.0240360666
  77.0586777 -0.024393471
  77.1087418 -0.0238573682
  77.1588135 -0.0243934691
  77.2088852 -0.0243934691
  77.2589569 -0.0245721713
  77.3090286 -0.024393471
  77.3591003 -0.0242147706
  77.4091721 -0.0240360685
  77.4592361 -0.0233212616
  77.5093079 -0.0234999619
  77.5593796 -0.0224277545
  77.6094513 -0.0220703501
  77.659523 -0.0217129476
  77.7095947 -0.0218916517
  77.7596664 -0.0211768411
  77.8097305 -0.0208194405
  77.8598022 -0.0215342455
  77.909874 -0.0215342455
  77.9599457 -0.0218916517
  78.0100174 -0.0233212598
  78.0600891 -0.0234999638
  78.1101608 -0.0234999619
  78.1602249 -0.0234999638
  78.2102966 -0.023678666
  78.2603683 -0.0231425595
  78.3104401 -0.0231425613
  78.3605118 -0.0233212635
  78.4105835 -0.023678666
  78.4606552 -0.0242147725
  78.5107193 -0.0242147706
  78.560791 -0.024572175
  78.6108627 -0.0242147744
  78.6609344 -0.0240360703
  78.7110062 -0.0234999657
  78.7610779 -0.0243934691
  78.8111496 -0.0242147669
  78.8612137 -0.0242147651
  78.9112854 -0.0236786585
  78.9613571 -0.023142552
  79.0114288 -0.0226064492
  79.0615005 -0.0227851532
  79.1115723 -0.0218916479
  79.1616364 -0.0231425595
  79.2117081 -0.0233212635
  79.2617798 -0.0233212654
  79.3118515 -0.0242147669
  79.3619232 -0.0251082759
  79.4119949 -0.02528698
  79.4620667 -0.0247508753
  79.5121307 -0.0258230865
  79.5622025 -0.0261804909
  79.6122742 -0.0260017831
  79.6623459 -0.0254656803
  79.7124176 -0.0251082759
  79.7624893 -0.0252869762
  79.812561 -0.02528698
  79.8626251 -0.0247508753
  79.9126968 -0.0251082797
  79.9627686 -0.0236786678
  80.0128403 -0.0227851588
  80.062912 -0.0234999619
  80.1129837 -0.0231425613
  80.1630554 -0.022785157
  80.2131195 -0.0233212616
  80.2631912 -0.0240360685
  80.3132629 -0.0234999675
  80.3633347 -0.0231425632
  80.4134064 -0.0242147706
  80.4634781 -0.0240360666
  80.5135498 -0.0236786641
  80.5636139 -0.0251082778
  80.6136856 -0.0249295738
  80.6637573 -0.0245721713
  80.713829 -0.0240360666
  80.7639008 -0.0240360666
  80.8139725 -0.0247508753
  80.8640442 -0.0247508772
  80.9141083 -0.0242147706
  80.96418 -0.0243934691
  81.0142517 -0.0242147688
  81.0643234 -0.0234999638
  81.1143951 -0.0240360666
  81.1644669 -0.0238573626
  81.2145386 -0.0242147651
  81.2646027 -0.0245721713
  81.3146744 -0.0247508734
  81.3647461 -0.0247508734
  81.4148178 -0.0256443806
  81.4648895 -0.0263591837
  81.5149612 -0.0263591856
  81.565033 -0.0272526946
  81.615097 -0.0272526965
  81.6651688 -0.0267165881
  81.7152405 -0.0268952884
  81.7653122 -0.0270739887
  81.8153839 -0.0272526909
  81.8654556 -0.0263591837
  81.9155273 -0.0267165918
  81.9655914 -0.0263591893
  82.0156631 -0.0270739943
  82.0657349 -0.0270739961
  82.1158066 -0.0263591912
  82.1658783 -0.0258230865
  82.21595 -0.0258230828
  82.2660217 -0.0258230884
  82.3160858 -0.0251082834
  82.3661575 -0.026001785
  82.4162292 -0.0258230865
  82.466301 -0.0258230865
  82.5163727 -0.0265378915
  82.5664444 -0.0268952921
  82.6165161 -0.0274313912
  82.6665802 -0.0277887937
  82.7166519 -0.0281462017
  82.7667236 -0.0281462017
  82.8167953 -0.0274313949
  82.8668671 -0.0274313949
  82.9169388 -0.026001785
  82.9670105 -0.0251082778
  83.0170746 -0.026001785
  83.0671463 -0.0252869781
  83.117218 -0.0247508734
  83.1672897 -0.0252869762
  83.2173615 -0.0249295775
  83.2674332 -0.02528698
  83.3175049 -0.0260017831
  83.367569 -0.0258230865
  83.4176407 -0.026001785
  83.4677124 -0.0265378933
  83.5177841 -0.0270739961
  83.5678558 -0.0277888011
  83.6179276 -0.0267165881
  83.6679916 -0.0276100989
  83.7180634 -0.026001785
  83.7681351 -0.0256443862
  83.8182068 -0.0267165955
  83.8682785 -0.0247508734
  83.9183502 -0.0243934728
  83.9684219 -0.0242147688
  84.018486 -0.0233212635
  84.0685577 -0.0224277508
  84.1186295 -0.0231425613
  84.1687012 -0.0222490542
  84.2187729 -0.0226064585
  84.2688446 -0.0231425632
  84.3189163 -0.0236786678
  84.3689804 -0.0249295756
  84.4190521 -0.0247508734
  84.4691238 -0.0252869781
  84.5191956 -0.0247508753
  84.5692673 -0.0245721731
  84.619339 -0.0245721731
  84.6694107 -0.0242147725
  84.7194748 -0.024393471
  84.7695465 -0.0245721731
  84.8196182 -0.0242147706
  84.8696899 -0.0242147669
  84.9197617 -0.0243934691
  84.9698334 -0.0245721694
  85.0199051 -0.0245721694
  85.0699692 -0.0252869762
  85.1200409 -0.0243934691
  85.1701126 -0.0245721694
  85.2201843 -0.0236786641
  85.270256 -0.0242147706
  85.3203278 -0.0238573663
  85.3703995 -0.0238573663
  85.4204636 -0.023678666
  85.4705353 -0.0240360685
  85.520607 -0.0234999657
  85.5706787 -0.0226064585
  85.6207504 -0.0226064585
  85.6708221 -0.0231425632
  85.7208939 -0.0231425632
  85.7709579 -0.0229638629
  85.8210297 -0.0234999638
  85.8711014 -0.0229638591
  85.9211731 -0.023678666
  85.9712448 -0.024393471
  86.0213165 -0.0247508734
  86.0713882 -0.0251082759
  86.1214523 -0.0254656784
  86.171524 -0.0258230828
  86.2215958 -0.0252869837
  86.2716675 -0.0245721806
  86.3217392 -0.0252869856
  86.3718109 -0.0252869837
  86.4218826 -0.0233212654
  86.4719467 -0.0240360722
  86.5220184 -0.0243934747
  86.5720901 -0.0240360703
  86.6221619 -0.0227851588
  86.6722336 -0.0242147706
  86.7223053 -0.023678666
  86.772377 -0.0247508716
  86.8224411 -0.0243934691
  86.8725128 -0.0236786623
  86.9225845 -0.0236786623
  86.9726562 -0.0240360666
  87.022728 -0.0242147688
  87.0727997 -0.02385737
  87.1228714 -0.0242147725
  87.1729355 -0.0251082797
  87.2230072 -0.0249295812
  87.2730789 -0.0243934784
  87.3231506 -0.0234999675
  87.3732224 -0.0249295775
  87.4232941 -0.0249295756
  87.4733658 -0.0243934728
  87.5234299 -0.0234999657
  87.5735016 -0.0226064585
  87.6235733 -0.0231425632
  87.673645 -0.0229638647
  87.7237167 -0.0226064604
  87.7737885 -0.0222490579
  87.8238525 -0.0224277582
  87.8739243 -0.0234999638
  87.923996 -0.0240360685
  87.9740677 -0.0240360703
  88.0241394 -0.0240360685
  88.0742111 -0.0240360685
  88.1242828 -0.0249295738
  88.1743469 -0.0251082797
  88.2244186 -0.026001785
  88.2744904 -0.0254656803
  88.3245621 -0.0260017812
  88.3746338 -0.0258230809
  88.4247055 -0.0254656784
  88.4747772 -0.0256443806
  88.5248413 -0.0260017831
  88.574913 -0.0260017831
  88.6249847 -0.0263591893
  88.6750565 -0.0256443769
  88.7251282 -0.0260017812
  88.7751999 -0.0260017812
  88.8252716 -0.0263591819
  88.8753357 -0.0268952884
  88.9254074 -0.0267165918
  88.9754791 -0.0261804853
  89.0255508 -0.0252869762
  89.0756226 -0.0251082759
  89.1256943 -0.0243934691
  89.175766 -0.0251082759
  89.2258301 -0.0249295756
  89.2759018 -0.0267165937
  89.3259735 -0.0268952958
  89.3760452 -0.0272527002
  89.4261169 -0.0276101045
  89.4761887 -0.0268952977
  89.5262604 -0.0272526983
  89.5763245 -0.0274314005
  89.6263962 -0.026895294
  89.6764679 -0.0258230809
  89.7265396 -0.02528698
  89.7766113 -0.0263591893
  89.826683 -0.0265378878
  89.8767548 -0.0252869781
  89.9268188 -0.0249295738
  89.9768906 -0.0254656803
  90.0269623 -0.0256443862
  90.077034 -0.0245721769
  90.1271057 -0.0240360703
  90.1771774 -0.0240360685
  90.2272491 -0.0242147706
  90.2773132 -0.0254656803
  90.3273849 -0.024393471
  90.3774567 -0.0249295756
  90.4275284 -0.0249295756
  90.4776001 -0.0261804853
  90.5276718 -0.0261804834
  90.5777435 -0.025823079
  90.6278076 -0.0256443787
  90.6778793 -0.0260017831
  90.727951 -0.0258230809
  90.7780228 -0.0261804834
  90.8280945 -0.0267165862
  90.8781662 -0.0270739906
  90.9282379 -0.0261804853
  90.978302 -0.0265378878
  91.0283737 -0.026537884
  91.0784454 -0.0270739868
  91.1285172 -0.0267165843
  91.1785889 -0.0265378859
  91.2286606 -0.0247508734
  91.2787323 -0.0251082722
  91.3287964 -0.0249295719
  91.3788681 -0.0247508716
  91.4289398 -0.0243934691
  91.4790115 -0.0245721675
  91.5290833 -0.0254656766
  91.579155 -0.0254656803
  91.6292267 -0.0254656803
  91.6792908 -0.0254656784
  91.7293625 -0.0258230809
  91.7794342 -0.0249295738
  91.8295059 -0.0254656747
  91.8795776 -0.0268952921
  91.9296494 -0.0267165881
  91.9797134 -0.0263591837
  92.0297852 -0.0268952884
  92.0798569 -0.0263591837
  92.1299286 -0.0261804834
  92.1800003 -0.0254656803
  92.230072 -0.0251082778
  92.2801437 -0.0258230865
  92.3302078 -0.0242147725
  92.3802795 -0.024572175
  92.4303513 -0.02528698
  92.480423 -0.0252869781
  92.5304947 -0.0256443806
  92.5805664 -0.0256443862
  92.6306381 -0.0263591893
  92.6807022 -0.0261804853
  92.7307739 -0.0263591837
  92.7808456 -0.0254656766
  92.8309174 -0.0254656766
  92.8809891 -0.0265378859
  92.9310608 -0.0267165862
  92.9811325 -0.0270739961
  93.0311966 -0.027252689
  93.0812683 -0.0268952884
  93.13134 -0.0270739906
  93.1814117 -0.0267165918
  93.2314835 -0.0270739943
  93.2815552 -0.0281462055
  93.3316269 -0.0277887993
  93.381691 -0.0281462036
  93.4317627 -0.0274313968
  93.4818344 -0.0274313968
  93.5319061 -0.0279674996
  93.5819778 -0.0283249021
  93.6320496 -0.0283249058
  93.6821213 -0.0272526965
  93.7321854 -0.0279675033
  93.7822571 -0.0283249058
  93.8323288 -0.027252689
  93.8824005 -0.0276100934
  93.9324722 -0.0272526871
  93.9825439 -0.0272526871
  94.0326157 -0.0274313949
  94.0826797 -0.0279674958
  94.1327515 -0.0274313912
  94.1828232 -0.0292184073
  94.2328949 -0.0290397014
  94.2829666 -0.0292184055
  94.3330383 -0.0283248965
  94.38311 -0.0283248965
  94.4331741 -0.0277887937
  94.4832458 -0.0283249021
  94.5333176 -0.0295758136
  94.5833893 -0.0295758136
  94.633461 -0.0285036042
  94.6835327 -0.0288610086
  94.7336044 -0.0292184129
  94.7836685 -0.0293971132
  94.8337402 -0.0292184073
  94.883812 -0.0290397052
  94.9338837 -0.0290397052
  94.9839554 -0.0292184073
  95.0340271 -0.0285036024
  95.0840988 -0.0281461999
  95.1341629 -0.0286823027
  95.1842346 -0.0286823045
  95.2343063 -0.0281462017
  95.2843781 -0.0290397108
  95.3344498 -0.0285036098
  95.3845215 -0.0281462073
  95.4345932 -0.028503608
  95.4846573 -0.0295758136
  95.534729 -0.0277887993
  95.5848007 -0.0286823027
  95.6348724 -0.0292184111
  95.6849442 -0.0285036061
  95.7350159 -0.0279675014
  95.7850876 -0.0286823083
  95.8351517 -0.0286823064
  95.8852234 -0.0274313986
  95.9352951 -0.0272526909
  95.9853668 -0.0267165881
  96.0354385 -0.0268952884
  96.0855103 -0.0267165918
  96.1355743 -0.0260017887
  96.1856461 -0.0265378933
  96.2357178 -0.0263591912
  96.2857895 -0.025465684
  96.3358612 -0.0260017887
  96.3859329 -0.0261804927
  96.4360046 -0.0254656859
  96.4860687 -0.0265378915
  96.5361404 -0.027073998
  96.5862122 -0.0276100989
  96.6362839 -0.0285036042
  96.6863556 -0.0290397089
  96.7364273 -0.0288610086
  96.786499 -0.0283249039
  96.8365631 -0.0285036061
  96.8866348 -0.0279674996
  96.9367065 -0.0270739906
  96.9867783 -0.0270739943
  97.03685 -0.027073998
  97.0869217 -0.026359193
  97.1369934 -0.026180489
  97.1870575 -0.0265378915
  97.2371292 -0.026001785
  97.2872009 -0.0251082778
  97.3372726 -0.0252869781
  97.3873444 -0.0245721731
  97.4374161 -0.0251082778
  97.4874878 -0.0247508753
  97.5375519 -0.0245721713
  97.5876236 -0.0234999657
  97.6376953 -0.0245721713
  97.687767 -0.0254656784
  97.7378387 -0.0260017831
  97.7879105 -0.0254656784
  97.8379822 -0.0260017831
  97.8880463 -0.0256443825
  97.938118 -0.0249295831
  97.9881897 -0.0247508828
  98.0382614 -0.0243934747
  98.0883331 -0.0245721769
  98.1384048 -0.0243934728
  98.1884766 -0.0238573644
  98.2385406 -0.0238573644
  98.2886124 -0.0240360647
  98.3386841 -0.0231425595
  98.3887558 -0.0227851532
  98.4388275 -0.0236786623
  98.4888992 -0.0236786623
  98.5389709 -0.0233212616
  98.589035 -0.0231425613
  98.6391068 -0.0240360703
  98.6891785 -0.0234999657
  98.7392502 -0.024393471
  98.7893219 -0.0247508753
  98.8393936 -0.0245721713
  98.8894653 -0.0256443787
  98.9395294 -0.0245721731
  98.9896011 -0.0251082778
  99.0396729 -0.0245721731
  99.0897446 -0.0243934728
  99.1398163 -0.0247508734
  99.189888 -0.0238573663
  99.2399597 -0.0226064529
  99.2900238 -0.0234999582
  99.3400955 -0.0227851532
  99.3901672 -0.0229638554
  99.440239 -0.0238573644
  99.4903107 -0.0245721713
  99.5403824 -0.0238573644
  99.5904541 -0.0251082741
  99.6405182 -0.0260017812
  99.6905899 -0.0265378859
  99.7406616 -0.0261804834
  99.7907333 -0.0258230809
  99.8408051 -0.0254656766
  99.8908768 -0.0245721694
  99.9409485 -0.0247508697
  99.9910126 -0.0243934672
  100.041084 -0.0236786623
  100.091156 -0.0238573644
  100.141228 -0.0236786623
  100.191299 -0.0224277545
  100.241371 -0.0224277508
  100.291443 -0.0226064585
  100.341507 -0.02385737
  100.391579 -0.0233212635
  100.44165 -0.0233212635
  100.491722 -0.0236786641
  100.541794 -0.0249295719
  100.591866 -0.0256443769
  100.64193 -0.0249295738
  100.692001 -0.0245721713
  100.742073 -0.0245721713
  100.792145 -0.0240360685
  100.842216 -0.023678666
  100.892288 -0.0234999638
  100.94236 -0.022785157
  100.992424 -0.0224277563
  101.042496 -0.0217129514
  101.092567 -0.0218916479
  101.142639 -0.0222490542
  101.192711 -0.0218916517
  101.242783 -0.0229638554
  101.292854 -0.0240360647
  101.342918 -0.024036061
  101.39299 -0.024036061
  101.443062 -0.0247508679
  101.493134 -0.0238573588
  101.543205 -0.0226064529
  101.593277 -0.0218916479
  101.643349 -0.0224277545
  101.693413 -0.0224277582
  101.743484 -0.0215342473
  101.793556 -0.0209981427
  101.843628 -0.0217129476
  101.8937 -0.0220703539
  101.943771 -0.0215342455
  101.993843 -0.0229638591
  102.043907 -0.0227851532
  102.093979 -0.0224277489
  102.144051 -0.0231425539
  102.194122 -0.0229638536
  102.244194 -0.0226064529
  102.294266 -0.0227851532
  102.344337 -0.0227851588
  102.394402 -0.0226064567
  102.444473 -0.0224277582
  102.494545 -0.0227851607
  102.544617 -0.0234999638
  102.594688 -0.0233212616
  102.64476 -0.0243934691
  102.694832 -0.0231425595
  102.744896 -0.0233212598
  102.794968 -0.0234999638
  102.845039 -0.0242147669
  102.895111 -0.0233212616
  102.945183 -0.0240360647
  102.995255 -0.0243934691
  103.045326 -0.0240360666
  103.09539 -0.0240360666
  103.145462 -0.0251082759
  103.195534 -0.0245721713
  103.245605 -0.0256443806
  103.295677 -0.0260017831
  103.345749 -0.026180489
  103.395821 -0.0256443787
  103.445885 -0.0261804834
  103.495956 -0.0260017812
  103.546028 -0.0261804815
  103.5961 -0.02635918
  103.646172 -0.0260017775
  103.696243 -0.0251082703
  103.746315 -0.0274313856
  103.796379 -0.0263591781
  103.846451 -0.0267165843
  103.896523 -0.0254656766
  103.946594 -0.0256443806
  103.996666 -0.0265378859
  104.046738 -0.0268952847
  104.096809 -0.0274313856
  104.146873 -0.0283248909
  104.196945 -0.0295758042
  104.247017 -0.0308267176
  104.297089 -0.0317202248
  104.34716 -0.030290613
  104.397232 -0.0311841201
  104.447304 -0.030469317
  104.497368 -0.0315415263
  104.54744 -0.0306480192
  104.597511 -0.0293971132
  104.647583 -0.0283249039
  104.697655 -0.0276100971
  104.747726 -0.026180489
  104.797791 -0.024572175
  104.847862 -0.0242147725
  104.897934 -0.0242147725
  104.948006 -0.0231425613
  104.998077 -0.0226064604
  105.048149 -0.0231425632
  105.098221 -0.0238573663
  105.148285 -0.0249295738
