  0.0500706136 -0.00208951044
  0.100141227 -0.00249923207
  0.150211841 -0.00277238013
  0.200282454 -0.00222608401
  0.250353068 -0.00195293652
  0.300423682 -0.00208950951
  0.350494295 -0.00154321233
  0.400564909 -0.00154321291
  0.450635523 -0.000177472801
  0.500706136  0.000368822919
  0.55077672  0.000641971012
  0.600847363  0.000641970488
  0.650918007  0.0018711359
  0.700988591  0.00187113625
  0.751059175  0.00173456175
  0.801129818  0.00228085532
  0.851200461  0.00214428292
  0.901271045  0.00269057439
  0.951341629  0.00269057276
  1.00141227  0.00351001532
  1.05148292  0.00364659005
  1.10155344  0.00473917974
  1.15162408  0.00473917974
  1.20169473  0.00487575307
  1.25176537  0.00501232734
  1.30183601  0.00514890114
  1.35190654  0.00555862347
  1.40197718  0.00678778859
  1.45204782  0.00596834533
  1.50211835  0.0052854768
  1.55218899  0.00473918393
  1.60225964  0.00555862533
  1.65233028  0.00555862673
  1.70240092  0.00569520053
  1.75247145  0.0051489058
  1.80254209  0.00528547866
  1.85261273  0.00610492099
  1.90268326  0.00637806719
  1.9527539  0.00637806673
  2.00282454  0.00760723138
  2.05289507  0.00856324937
  2.10296583  0.00801695324
  2.15303636  0.00897297077
  2.20310688  0.0092461193
  2.25317764  0.00951927342
  2.30324817  0.00951927807
  2.35331893  0.0100655733
  2.40338945  0.0103387218
  2.45345998  0.0107484469
  2.50353074  0.0123873316
  2.55360126  0.0130702024
  2.60367203  0.0130702024
  2.65374255  0.0127970548
  2.70381308  0.0130702043
  2.75388384  0.0138896462
  2.80395436  0.0147090899
  2.85402489  0.0147090899
  2.90409565  0.0145725198
  2.95416617  0.0155285345
  3.0042367  0.0170308482
  3.05430746  0.0178502928
  3.10437799  0.0192160327
  3.15444875  0.0198989008
  3.20451927  0.0203086231
  3.2545898  0.0209914912
  3.30466056  0.0219475143
  3.35473108  0.0230401084
  3.40480185  0.023859553
  3.45487237  0.0239961259
  3.50494289  0.0241326988
  3.55501366  0.0249521434
  3.60508418  0.0257715881
  3.65515471  0.0263178851
  3.70522547  0.0267276112
  3.75529599  0.0285030752
  3.80536652  0.0298688132
  3.85543728  0.0306882579
  3.9055078  0.0319174193
  3.95557857  0.0338294543
  4.00564909  0.0351951942
  4.05571985  0.0358780697
  4.10579014  0.0375169516
  4.1558609  0.0373803861
  4.20593166  0.0392924063
  4.25600195  0.0407947153
  4.30607271  0.041887302
  4.35614347  0.0431164727
  4.40621376  0.0451650694
  4.45628452  0.0463942401
  4.50635529  0.04775998
  4.55642605  0.049398873
  4.60649633  0.0507646166
  4.6565671  0.0526766591
  4.70663786  0.0549984127
  4.75670815  0.0570470169
  4.80677891  0.0589590482
  4.85684967  0.0612808205
  4.90691996  0.0625099912
  4.95699072  0.0634660125
  5.00706148  0.0653780401
  5.05713177  0.0670169219
  5.10720253  0.0689289421
  5.15727329  0.0705678165
  5.20734406  0.0724798441
  5.25741434  0.0739821717
  5.3074851  0.0745284632
  5.35755587  0.0771233514
  5.40762615  0.0794451013
  5.45769691  0.0813571438
  5.50776768  0.0831326246
  5.55783796  0.0865469798
  5.60790873  0.0888687372
  5.65797949  0.0914636478
  5.70804977  0.0936488286
  5.75812054  0.0961071625
  5.8081913  0.0989752412
  5.85826159  0.101979859
  5.90833235  0.103618741
  5.95840311  0.105803944
  6.0084734  0.108945154
  6.05854416  0.11113032
  6.10861492  0.113861792
  6.15868568  0.116320141
  6.20875597  0.118778475
  6.25882673  0.120963678
  6.3088975  0.124378033
  6.35896778  0.127109453
  6.40903854  0.128338605
  6.45910931  0.13298215
  6.50917959  0.135713637
  6.55925035  0.138035387
  6.60932112  0.14131318
  6.6593914  0.144454375
  6.70946217  0.147185817
  6.75953293  0.150327012
  6.80960369  0.153468266
  6.85967398  0.157019198
  6.90974474  0.15893124
  6.9598155  0.162891895
  7.00988579  0.165486783
  7.05995655  0.169310823
  7.11002731  0.172725201
  7.1600976  0.175320134
  7.21016836  0.17887105
  7.26023912  0.183104783
  7.31030941  0.186109439
  7.36038017  0.189387232
  7.41045094  0.193894133
  7.46052122  0.198537603
  7.51059198  0.202634797
  7.56066275  0.205639422
  7.61073303  0.210829258
  7.66080379  0.216019019
  7.71087456  0.219979659
  7.76094532  0.223940358
  7.81101561  0.228037626
  7.86108637  0.23432
  7.91115713  0.237597808
  7.96122742  0.243060827
  8.01129818  0.247840896
  8.06136894  0.252757579
  8.1114397  0.258630276
  8.16151047  0.263683528
  8.21158028  0.270785362
  8.26165104  0.276384801
  8.3117218  0.283349991
  8.36179256  0.28963241
  8.41186333  0.296870798
  8.46193409  0.304518908
  8.5120039  0.313259691
  8.56207466  0.320088387
  8.61214542  0.328965813
  8.66221619  0.337160259
  8.71228695  0.345764369
  8.76235771  0.353685737
  8.81242752  0.36310935
  8.86249828  0.370894015
  8.91256905  0.380454153
  8.96263981  0.388785183
  9.01271057  0.397525966
  9.06278133  0.408315301
  9.1128521  0.41760242
  9.16292191  0.427845448
  9.21299267  0.439044416
  9.26306343  0.450926304
  9.31313419  0.462808162
  9.36320496  0.475646168
  9.41327572  0.487664849
  9.46334553  0.500912547
  9.51341629  0.514706314
  9.56348705  0.528363943
  9.61355782  0.541611552
  9.66362858  0.555678606
  9.71369934  0.569745779
  9.7637701  0.584768713
  9.81383991  0.600065053
  9.86391068  0.614405274
  9.91398144  0.630111217
  9.9640522  0.645544231
  10.014123  0.661113679
  10.0641937  0.677365899
  10.1142635  0.693754792
  10.1643343  0.708778143
  10.2144051  0.724074185
  10.2644758  0.739643693
  10.3145466  0.755759656
  10.3646173  0.770509481
  10.4146881  0.785532534
  10.4647579  0.800692499
  10.5148287  0.81366688
  10.5648994  0.829236388
  10.6149702  0.84384954
  10.665041  0.857643783
  10.7151117  0.871710598
  10.7651815  0.885914147
  10.8152523  0.900391042
  10.8653231  0.913911819
  10.9153938  0.928525329
  10.9654646  0.94149971
  11.0155354  0.95584029
  11.0656052  0.968678534
  11.1156759  0.981379747
  11.1657467  0.992578745
  11.2158175  1.00528038
  11.2658882  1.01743543
  11.315959  1.02863467
  11.3660297  1.0395602
  11.4160995  1.05048597
  11.4661703  1.06086564
  11.5162411  1.07069921
  11.5663118  1.08203495
  11.6163826  1.09132195
  11.6664534  1.1021111
  11.7165232  1.11030531
  11.7665939  1.12054837
  11.8166647  1.12928915
  11.8667355  1.13816655
  11.9168062  1.1477263
  11.966877  1.15551126
  12.0169468  1.16384232
  12.0670176  1.17244625
  12.1170883  1.17954803
  12.1671591  1.18746936
  12.2172298  1.1949811
  12.2673006  1.20208311
  12.3173714  1.2098676
  12.3674412  1.21806204
  12.4175119  1.2247541
  12.4675827  1.233495
  12.5176535  1.24073398
  12.5677242  1.24961126
  12.617795  1.25521076
  12.6678648  1.26313186
  12.7179356  1.27023339
  12.7680063  1.27719867
  12.8180771  1.28402734
  12.8681479  1.29153931
  12.9182186  1.29918742
  12.9682894  1.30601597
  13.0183592  1.31448352
  13.0684299  1.32131243
  13.1185007  1.3303262
  13.1685715  1.33852017
  13.2186422  1.34712446
  13.268713  1.35764086
  13.3187828  1.3665185
  13.3688536  1.37539542
  13.4189243  1.38536549
  13.4689951  1.39615464
  13.5190659  1.4054414
  13.5691366  1.4175967
  13.6192074  1.42729366
  13.6692772  1.43835557
  13.719348  1.44996476
  13.7694187  1.46143711
  13.8194895  1.47345591
  13.8695602  1.48397183
  13.919631  1.49653637
  13.9697008  1.50910115
  14.0197716  1.5209831
  14.0698423  1.53491354
  14.1199131  1.54747868
  14.1699839  1.56058955
  14.2200546  1.574247
  14.2701244  1.58749497
  14.3201952  1.60156178
  14.370266  1.61508274
  14.4203367  1.62874055
  14.4704075  1.64198792
  14.5204782  1.65537226
  14.570549  1.66902971
  14.6206188  1.68268752
  14.6706896  1.69566202
  14.7207603  1.70877326
  14.7708311  1.72147405
  14.8209019  1.73444808
  14.8709726  1.74756002
  14.9210424  1.76080811
  14.9711132  1.77419186
  15.021184  1.78621054
  15.0712547  1.79822838
  15.1213255  1.80874479
  15.1713963  1.81967103
  15.2214661  1.82923079
  15.2715368  1.83742571
  15.3216076  1.84725881
  15.3716784  1.85408759
  15.4217491  1.85968709
  15.4718199  1.86760747
  15.5218906  1.87197828
  15.5719604  1.87826073
  15.6220312  1.88290405
  15.672102  1.88645482
  15.7221727  1.88986921
  15.7722435  1.89314723
  15.8223143  1.89505899
  15.8723841  1.89710748
  15.9224548  1.89710772
  15.9725256  1.89642477
  16.0225964  1.89546871
  16.0726662  1.89424002
  16.1227379  1.89191878
  16.1728077  1.88891375
  16.2228794  1.88508952
  16.2729492  1.88140213
  16.3230209  1.87552929
  16.3730907  1.86993003
  16.4231606  1.86351097
  16.4732323  1.85640883
  16.5233021  1.84862459
  16.5733738  1.83961022
  16.6234436  1.8303231
  16.6735134  1.82089961
  16.7235851  1.81011093
  16.7736549  1.79932141
  16.8237267  1.78634703
  16.8737965  1.77460194
  16.9238682  1.76135409
  16.973938  1.74783278
  17.0240078  1.73362887
  17.0740795  1.72024524
  17.1241493  1.70576799
  17.174221  1.69197416
  17.2242908  1.67763388
  17.2743626  1.66315711
  17.3244324  1.64799714
  17.3745022  1.63379407
  17.4245739  1.61781371
  17.4746437  1.60265446
  17.5247154  1.58776808
  17.5747852  1.57206166
  17.624855  1.55813086
  17.6749268  1.54283535
  17.7249966  1.5287677
  17.7750683  1.51319873
  17.8251381  1.49926746
  17.8752098  1.48465455
  17.9252796  1.47004128
  17.9753494  1.45556426
  18.0254211  1.44136107
  18.075491  1.42729354
  18.1255627  1.41267979
  18.1756325  1.3984766
  18.2257042  1.38536501
  18.275774  1.37307405
  18.3258438  1.36146522
  18.3759155  1.34917319
  18.4259853  1.33742797
  18.4760571  1.32636559
  18.5261269  1.31489372
  18.5761986  1.30396795
  18.6262684  1.29249561
  18.6763382  1.28170538
  18.7264099  1.27077973
  18.7764797  1.26067364
  18.8265514  1.24974763
  18.8766212  1.23964107
  18.9266911  1.22939813
  18.9767628  1.21970093
  19.0268326  1.21041393
  19.0769043  1.20208287
  19.1269741  1.19320571
  19.1770458  1.18405521
  19.2271156  1.17681694
  19.2771854  1.16807604
  19.3272572  1.16029143
  19.377327  1.15141463
  19.4273987  1.14321971
  19.4774685  1.13379586
  19.5275402  1.12587464
  19.57761  1.11672449
  19.6276798  1.11016893
  19.6777515  1.10142827
  19.7278214  1.0933702
  19.7778931  1.0858587
  19.8279629  1.07725465
  19.8780327  1.06919682
  19.9281044  1.06100214
  19.9781742  1.05280793
  20.0282459  1.0451597
  20.0783157  1.03546309
  20.1283875  1.02685916
  20.1784573  1.01784503
  20.2285271  1.00896788
  20.2785988  1.00036359
  20.3286686  0.991076469
  20.3787403  0.982745171
  20.4288101  0.973321676
  20.4788818  0.963352084
  20.5289516  0.953655303
  20.5790215  0.943275332
  20.6290932  0.932895601
  20.679163  0.92155987
  20.7292347  0.910497248
  20.7793045  0.899025202
  20.8293762  0.88837266
  20.879446  0.876764238
  20.9295158  0.866520643
  20.9795876  0.854912221
  21.0296574  0.843849599
  21.0797291  0.833197057
  21.1297989  0.821724594
  21.1798687  0.809569836
  21.2299404  0.797004938
  21.2800102  0.784713268
  21.3300819  0.771875203
  21.3801517  0.758900762
  21.4302235  0.744423866
  21.4802933  0.730903149
  21.5303631  0.716426015
  21.5804348  0.702222466
  21.6305046  0.688291609
  21.6805763  0.673815131
  21.7306461  0.660021067
  21.7807178  0.646636724
  21.8307877  0.633662164
  21.8808575  0.620824218
  21.9309292  0.607030332
  21.980999  0.594465435
  22.0310707  0.581627607
  22.0811405  0.569199502
  22.1312103  0.556497991
  22.181282  0.543386936
  22.2313519  0.531231999
  22.2814236  0.518393934
  22.3314934  0.505829215
  22.3815651  0.494083673
  22.4316349  0.482338339
  22.4817047  0.47141242
  22.5317764  0.460759699
  22.5818462  0.449423969
  22.631918  0.438908011
  22.6819878  0.428801447
  22.7320595  0.420060664
  22.7821293  0.410227358
  22.8321991  0.40066722
  22.8822708  0.390833795
  22.9323406  0.382639408
  22.9824123  0.373488963
  23.0324821  0.365294456
  23.082552  0.356417239
  23.1326237  0.349042237
  23.1826935  0.340847671
  23.2327652  0.333609343
  23.282835  0.325824589
  23.3329067  0.319269091
  23.3829765  0.312167168
  23.4330463  0.304382324
  23.4831181  0.298782766
  23.5331879  0.292227268
  23.5832596  0.285944849
  23.6333294  0.279252887
  23.6834011  0.274609417
  23.7334709  0.269283116
  23.7835407  0.263273805
  23.8336124  0.258083969
  23.8836823  0.252484441
  23.933754  0.247431189
  23.9838238  0.242924243
  24.0338936  0.237870961
  24.0839653  0.233773723
  24.1340351  0.22885704
  24.1841068  0.223530605
  24.2341766  0.21970652
  24.2842484  0.216155589
  24.3343182  0.212331548
  24.384388  0.208097756
  24.4344597  0.204137102
  24.4845295  0.200313076
  24.5346012  0.197308466
  24.584671  0.193211272
  24.6347427  0.189660385
  24.6848125  0.185972899
  24.7348824  0.182558596
  24.7849541  0.179007664
  24.8350239  0.175456718
  24.8850956  0.171769202
  24.9351654  0.168218285
  24.9852371  0.166033089
  25.0353069  0.162618741
  25.0853767  0.159204394
  25.1354485  0.15674603
  25.1855183  0.154151097
  25.23559  0.150873348
  25.2856598  0.149234474
  25.3357296  0.145956665
  25.3858013  0.144181207
  25.4358711  0.142269149
  25.4859428  0.140220538
  25.5360126  0.13762562
  25.5860844  0.135030717
  25.6361542  0.132299259
  25.686224  0.129704371
  25.7362957  0.127246082
  25.7863655  0.123968288
  25.8364372  0.120963678
  25.886507  0.118232206
  25.9365788  0.114544697
  25.9866486  0.111540072
  26.0367184  0.109081715
  26.0867901  0.106623381
  26.1368599  0.104028463
  26.1869316  0.102526151
  26.2370014  0.100067794
  26.2870712  0.097199738
  26.3371429  0.0958339944
  26.3872128  0.0933756754
  26.4372845  0.091190502
  26.4873543  0.0898247659
  26.537426  0.0884590223
  26.5874958  0.0860006958
  26.6375656  0.0854543895
  26.6876373  0.0831326395
  26.7377071  0.0812206119
  26.7877789  0.0786257163
  26.8378487  0.0767136589
  26.8879204  0.0735724494
  26.9379902  0.0713872761
  26.98806  0.0702946782
  27.0381317  0.0676997751
  27.0882015  0.0659243241
  27.1382732  0.0634659901
  27.188343  0.0618271008
  27.2384148  0.0610076711
  27.2884846  0.0592322089
  27.3385544  0.0577298887
  27.3886261  0.05636416
  27.4386959  0.0548618361
  27.4887676  0.0536326654
  27.5388374  0.0525400713
  27.5889072  0.0517206229
  27.638979  0.0503548793
  27.6890488  0.0491257124
  27.7391205  0.0483062677
  27.7891903  0.0477599837
  27.839262  0.0468039662
  27.8893318  0.0455747955
  27.9394016  0.0450285077
  27.9894733  0.0442090593
  28.0395432  0.0432530418
  28.0896149  0.0421604551
  28.1396847  0.0416141637
  28.1897564  0.0410678685
  28.2398262  0.0392924175
  28.289896  0.0376535282
  28.3399677  0.037107233
  28.3900375  0.0356049202
  28.4401093  0.0354683474
  28.4901791  0.0345123298
  28.5402489  0.034375757
  28.5903206  0.0341026112
  28.6403904  0.0334197432
  28.6904621  0.0332831703
  28.7405319  0.0323271528
  28.7906036  0.0310979821
  28.8406734  0.0309614092
  28.8907433  0.0313711353
  28.940815  0.0312345605
  28.9908848  0.0306882579
  29.0409565  0.0297322422
  29.0910263  0.0283664986
  29.141098  0.0285030697
  29.1911678  0.0286396425
  29.2412376  0.0280933455
  29.2913094  0.0274104718
  29.3413792  0.0270007495
  29.3914509  0.0271373261
  29.4415207  0.0257715881
  29.4915905  0.0257715825
  29.5416622  0.0245424192
  29.591732  0.0238595493
  29.6418037  0.0242692679
  29.6918736  0.0241326932
  29.7419453  0.0246789921
  29.7920151  0.023586398
  29.8420849  0.0238595493
  29.8921566  0.0223572329
  29.9422264  0.0216743592
  29.9922981  0.0205817707
  30.0423679  0.0193526074
  30.0924397  0.0197623279
  30.1425095  0.0193526074
  30.1925793  0.019762326
  30.242651  0.0196257532
  30.2927208  0.0197623242
  30.3427925  0.0190794561
  30.3928623  0.0193526037
  30.4429321  0.0192160308
  30.4930038  0.0193526
  30.5430737  0.0193526018
  30.5931454  0.0192160252
  30.6432152  0.0186697338
  30.6932869  0.0174405724
  30.7433567  0.0162114035
  30.7934265  0.0159382541
  30.8434982  0.0147090862
  30.893568  0.0149822365
  30.9436398  0.0148456646
  30.9937096  0.0136164967
  31.0437813  0.0133433491
  31.0938511  0.0137530696
  31.1439209  0.013479922
  31.1939926  0.0147090899
  31.2440624  0.0141627928
  31.2941341  0.0138896452
  31.3442039  0.0132067762
  31.3942757  0.0123873316
  31.4443455  0.0119776092
  31.4944153  0.0107484423
  31.544487  0.0100655733
  31.5945568  0.0104752947
  31.6446285  0.00979242381
  31.6946983  0.00897298101
  31.7447681  0.00992900319
  31.7948399  0.00992900413
  31.8449097  0.00924613234
  31.8949814  0.00897298194
  31.9450512  0.00924612954
  31.9951229  0.00856324937
  32.0451927  0.00829009991
  32.0952644  0.00692436146
  32.1453323  0.00651464006
  32.1954041  0.00665121432
  32.2454758  0.00583177106
  32.2955475  0.00528547587
  32.3456154  0.00528547587
  32.3956871  0.00528547587
  32.4457588  0.005558623
  32.4958267  0.00501232827
  32.5458984  0.00596834486
  32.5959702  0.00610491866
  32.6460419  0.0061049182
  32.6961098  0.00610491913
  32.7461815  0.00665121432
  32.7962532  0.00692436239
  32.8463211  0.00637806673
  32.8963928  0.00665121432
  32.9464645  0.00651464052
  32.9965363  0.00583177106
  33.0466042  0.00473917974
  33.0966759  0.00432945788
  33.1467476  0.00460260501
  33.1968155  0.00378316175
  33.2468872  0.00432945741
  33.2969589  0.00432945741
  33.3470268  0.00391973695
  33.3970985  0.00378316338
  33.4471703  0.00405631168
  33.497242  0.00391973741
  33.5473099  0.00378316385
  33.5973816  0.00364658982
  33.6474533  0.00337344222
  33.6975212  0.00432945834
  33.7475929  0.00337344385
  33.7976646  0.00296372431
  33.8477364  0.00269057578
  33.8978043  0.00200771005
  33.947876  0.00228085695
  33.9979477  0.00146141322
  34.0480156  0.00118826586
  34.0980873  0.00105169218
  34.148159  0.00173456047
  34.1982307  0.00187113264
  34.2482986  0.00255400199
  34.2983704  0.00255400268
  34.3484421  0.00255400268
  34.39851  0.00200770935
  34.4485817  0.00364659331
  34.4986534  0.00296372455
  34.5487251  0.00241743238
  34.598793  0.00200771005
  34.6488647  0.00159798819
  34.6989365  0.00091511762
  34.7490044  0.000915117329
  34.7990761  0.000368821522
  34.8491478  0.000641970488
  34.8992195  0.000505396689
  34.9492874  0.000368823297
  34.9993591  0.000641971128
  35.0494308  0.00105169194
  35.0994987  0.00050539634
  35.1495705  0.000368822191
  35.1996422 -0.00031404788
  35.2497101 -0.000177474067
  35.2997818 -0.000177474198
  35.3498535 -0.00167978811
  35.3999252 -0.0023626578
  35.4499931 -0.00304552796
  35.5000648 -0.0027723799
  35.5501366 -0.00331867556
  35.6002045 -0.00290895416
  35.6502762 -0.0029089544
  35.7003479 -0.0024992316
  35.7504196 -0.0015432135
  35.8004875 -0.00195293606
  35.8505592 -0.00208951021
  35.900631 -0.00208951021
  35.9506989 -0.00167978811
  36.0007706 -0.00167978776
  36.0508423 -0.00249923207
  36.100914 -0.00345525099
  36.1509819 -0.00345525122
  36.2010536 -0.00386497285
  36.2511253 -0.00413812092
  36.3011932 -0.00441126851
  36.351265 -0.00550386123
  36.4013367 -0.00495756511
  36.4514084 -0.00441126851
  36.5014763 -0.00413811998
  36.551548 -0.00495756418
  36.6016197 -0.00372839859
  36.6516876 -0.00427469471
  36.7017593 -0.00386497285
  36.7518311 -0.00290895347
  36.8019028 -0.0027723799
  36.8519707 -0.0027723799
  36.9020424 -0.00277238037
  36.9521141 -0.00359182456
  37.002182 -0.00386497215
  37.0522537 -0.00400154619
  37.1023254 -0.00509413891
  37.1523972 -0.00564043503
  37.2024651 -0.0052307127
  37.2525368 -0.0053672865
  37.3026085 -0.00564043503
  37.3526764 -0.00495756511
  37.4027481 -0.00468441658
  37.4528198 -0.00386497239
  37.5028877 -0.00372839766
  37.5529594 -0.00359182339
  37.6030312 -0.00413811952
  37.6531029 -0.00413811952
  37.7031708 -0.00427469378
  37.7532425 -0.00441126851
  37.8033142 -0.00413812045
  37.8533821 -0.00427469425
  37.9034538 -0.00427469425
  37.9535255 -0.00441126898
  38.0035973 -0.00468441658
  38.0536652 -0.00454784278
  38.1037369 -0.00441126851
  38.1538086 -0.00550386077
  38.2038765 -0.00454784185
  38.2539482 -0.00413812045
  38.3040199 -0.00441126851
  38.3540916 -0.00536728604
  38.4041595 -0.00523071224
  38.4542313 -0.0053672865
  38.504303 -0.0056404341
  38.5543709 -0.00523071224
  38.6044426 -0.00550386077
  38.6545143 -0.0053672865
  38.704586 -0.00577700837
  38.7546539 -0.0060501569
  38.8047256 -0.00659645349
  38.8547974 -0.00605015736
  38.9048653 -0.00727932388
  38.954937 -0.00755247101
  39.0050087 -0.00714274868
  39.0550804 -0.00727932155
  39.1051483 -0.00768904435
  39.15522 -0.00796219148
  39.2052917 -0.00727932155
  39.2553596 -0.00700617395
  39.3054314 -0.00700617442
  39.3555031 -0.00700617442
  39.4055748 -0.00755247055
  39.4556427 -0.00768904435
  39.5057144 -0.00741589675
  39.5557861 -0.00700617442
  39.605854 -0.00686960062
  39.6559258 -0.00727932295
  39.7059975 -0.00727932295
  39.7560654 -0.00741589768
  39.8061371 -0.00686960109
  39.8562088 -0.00727932295
  39.9062805 -0.00700617488
  39.9563484 -0.00727932202
  40.0064201 -0.00673302636
  40.0564919 -0.00768904435
  40.1065598 -0.00700617442
  40.1566315 -0.00714274868
  40.2067032 -0.00727932295
  40.2567749 -0.00782561861
  40.3068428 -0.00714274822
  40.3569145 -0.00673302636
  40.4069862 -0.0059135831
  40.4570541 -0.0060501569
  40.5071259 -0.00632330403
  40.5571976 -0.00673302822
  40.6072693 -0.00700617582
  40.6573372 -0.00618673116
  40.7074089 -0.0059135831
  40.7574806 -0.00645987969
  40.8075485 -0.00618673116
  40.8576202 -0.00659645349
  40.907692 -0.00659645349
  40.9577637 -0.0060501569
  41.0078316 -0.0059135831
  41.0579033 -0.00714274962
  41.107975 -0.00700617535
  41.1580429 -0.00714274962
  41.2081146 -0.00618673069
  41.2581863 -0.00577700837
  41.3082581 -0.00564043457
  41.358326 -0.00550386077
  41.4083977 -0.00591358263
  41.4584694 -0.00577700837
  41.5085373 -0.00618673023
  41.558609 -0.00659645256
  41.6086807 -0.00659645209
  41.6587524 -0.00645987829
  41.7088203 -0.00673302729
  41.7588921 -0.00714274962
  41.8089638 -0.00673302729
  41.8590317 -0.00714274962
  41.9091034 -0.00686960062
  41.9591751 -0.00700617442
  42.009243 -0.00714274822
  42.0593147 -0.00741589628
  42.1093864 -0.00809876621
  42.1594582 -0.00864506233
  42.2095261 -0.00905478466
  42.2595978 -0.00946450699
  42.3096695 -0.00878163707
  42.3597374 -0.00919135846
  42.4098091 -0.00891821086
  42.4598808 -0.00905478466
  42.5099525 -0.00837191567
  42.5600204 -0.00809876714
  42.6100922 -0.00796219334
  42.6601639 -0.00768904388
  42.7102318 -0.00727932202
  42.7603035 -0.00686960062
  42.8103752 -0.00809876714
  42.8604469 -0.00727932202
  42.9105148 -0.00714274822
  42.9605865 -0.00659645256
  43.0106583 -0.00741589675
  43.0607262 -0.00727932295
  43.1107979 -0.00632330403
  43.1608696 -0.00659645302
  43.2109413 -0.00591358263
  43.2610092 -0.00564043457
  43.3110809 -0.0059135831
  43.3611526 -0.00591358263
  43.4112206 -0.00632330403
  43.4612923 -0.00591358263
  43.511364 -0.00632330496
  43.5614357 -0.00673302729
  43.6115036 -0.00659645256
  43.6615753 -0.00659645256
  43.711647 -0.00645987922
  43.7617149 -0.00741589721
  43.8117867 -0.00768904574
  43.8618584 -0.00755247194
  43.9119263 -0.00809876807
  43.961998 -0.00864506327
  44.0120697 -0.00768904528
  44.0621414 -0.00768904435
  44.1122093 -0.00782561861
  44.162281 -0.00755247101
  44.2123528 -0.00755247101
  44.2624207 -0.00714274962
  44.3124924 -0.00645987876
  44.3625641 -0.00632330542
  44.4126358 -0.00768904528
  44.4627037 -0.00700617535
  44.5127754 -0.00700617535
  44.5628471 -0.00782561861
  44.612915 -0.00755247101
  44.6629868 -0.00796219334
  44.7130585 -0.00823534094
  44.7631302 -0.00796219334
  44.8131981 -0.00727932295
  44.8632698 -0.00700617488
  44.9133415 -0.00755247055
  44.9634094 -0.00673302729
  45.0134811 -0.00714274868
  45.0635529 -0.00727932341
  45.1136246 -0.00755247101
  45.1636925 -0.00755247101
  45.2137642 -0.00741589721
  45.2638359 -0.00727932341
  45.3139038 -0.00714274868
  45.3639755 -0.00755247101
  45.4140472 -0.00741589721
  45.464119 -0.00782561954
  45.5141869 -0.00700617488
  45.5642586 -0.00700617488
  45.6143303 -0.00686960155
  45.6643982 -0.00741589721
  45.7144699 -0.00659645302
  45.7645416 -0.00700617535
  45.8146133 -0.00727932341
  45.8646812 -0.00700617535
  45.914753 -0.00632330496
  45.9648247 -0.00700617488
  46.0148926 -0.00809876714
  46.0649643 -0.00864506233
  46.115036 -0.00878163707
  46.1651039 -0.00837191567
  46.2151756 -0.00837191567
  46.2652473 -0.00837191567
  46.3153191 -0.00768904528
  46.365387 -0.00768904574
  46.4154587 -0.00632330589
  46.4655304 -0.00591358356
  46.5155983 -0.00536728743
  46.56567 -0.00468441751
  46.6157417 -0.00482099177
  46.6658134 -0.00468441704
  46.7158813 -0.00482099084
  46.7659531 -0.0053672865
  46.8160248 -0.00618673069
  46.8660927 -0.00700617488
  46.9161644 -0.00809876714
  46.9662361 -0.00823534094
  47.0163078 -0.00837191567
  47.0663757 -0.00714274962
  47.1164474 -0.00700617535
  47.1665192 -0.00714274822
  47.2165871 -0.00755247101
  47.2666588 -0.00727932388
  47.3167305 -0.00768904528
  47.3668022 -0.00768904528
  47.4168701 -0.00809876714
  47.4669418 -0.00700617488
  47.5170135 -0.00727932295
  47.5670815 -0.00727932341
  47.6171532 -0.00659645302
  47.6672249 -0.00591358356
  47.7172966 -0.00591358356
  47.7673645 -0.00632330589
  47.8174362 -0.00645987922
  47.8675079 -0.00700617535
  47.9175758 -0.00659645349
  47.9676476 -0.00645987922
  48.0177193 -0.00741589721
  48.0677872 -0.00755247101
  48.1178589 -0.00700617535
  48.1679306 -0.00700617535
  48.2180023 -0.00755247241
  48.2680702 -0.00741589768
  48.3181419 -0.00645987922
  48.3682137 -0.00605015783
  48.4182816 -0.0056404355
  48.4683533 -0.00605015736
  48.518425 -0.0052307127
  48.5684967 -0.00605015736
  48.6185646 -0.00618673023
  48.6686363 -0.00632330542
  48.718708 -0.00618673116
  48.7687759 -0.0060501569
  48.8188477 -0.00618673069
  48.8689194 -0.00618673069
  48.9189911 -0.00673302775
  48.969059 -0.00605015736
  49.0191307 -0.00645987922
  49.0692024 -0.00645987922
  49.1192703 -0.00605015736
  49.169342 -0.00673302729
  49.2194138 -0.00645987969
  49.2694855 -0.00659645302
  49.3195534 -0.00632330542
  49.3696251 -0.00591358356
  49.4196968 -0.00618673069
  49.4697647 -0.00618673069
  49.5198364 -0.0059135831
  49.5699081 -0.00645987922
  49.6199799 -0.00673302729
  49.6700478 -0.00686960155
  49.7201195 -0.00741589768
  49.7701912 -0.00823534094
  49.8202591 -0.0085084904
  49.8703308 -0.00837191567
  49.9204025 -0.00768904528
  49.9704742 -0.00782561861
  50.0205421 -0.00755247101
  50.0706139 -0.00686960062
  50.1206856 -0.00645987876
  50.1707535 -0.00591358263
  50.2208252 -0.0053672865
  50.2708969 -0.00550386123
  50.3209648 -0.00523071317
  50.3710365 -0.00509413937
  50.4211082 -0.0053672879
  50.47118 -0.00659645349
  50.5212479 -0.00755247194
  50.5713196 -0.00727932388
  50.6213913 -0.00673302775
  50.6714592 -0.00686960109
  50.7215309 -0.00714274962
  50.7716026 -0.00714274962
  50.8216743 -0.00659645256
  50.8717422 -0.0059135831
  50.921814 -0.00577700883
  50.9718857 -0.00741589721
  51.0219536 -0.00714275008
  51.0720253 -0.00659645302
  51.122097 -0.00741589721
  51.1721687 -0.00727932388
  51.2222366 -0.00659645302
  51.2723083 -0.00659645256
  51.3223801 -0.00686960109
  51.372448 -0.00632330589
  51.4225197 -0.00591358356
  51.4725914 -0.0059135831
  51.5226631 -0.00605015736
  51.572731 -0.0053672865
  51.6228027 -0.0053672865
  51.6728745 -0.00645987969
  51.7229424 -0.00618673116
  51.7730141 -0.00550386077
  51.8230858 -0.00536728604
  51.8731575 -0.00523071224
  51.9232254 -0.00509413797
  51.9732971 -0.00564043364
  52.0233688 -0.00509413704
  52.0734367 -0.00495756418
  52.1235085 -0.0056404341
  52.1735802 -0.00564043457
  52.2236519 -0.00577700837
  52.2737198 -0.0052307127
  52.3237915 -0.00550386077
  52.3738632 -0.0060501569
  52.4239311 -0.0056404341
  52.4740028 -0.00550386077
  52.5240746 -0.00536728743
  52.5741425 -0.00564043503
  52.6242142 -0.0059135831
  52.6742859 -0.00454784231
  52.7243576 -0.00482099038
  52.7744255 -0.00427469471
  52.8244972 -0.00413812092
  52.8745689 -0.00386497332
  52.9246368 -0.00400154712
  52.9747086 -0.00386497285
  53.0247803 -0.00413812045
  53.074852 -0.00441126851
  53.1249199 -0.00482099038
  53.1749916 -0.00509413844
  53.2250633 -0.00523071224
  53.2751312 -0.0055038603
  53.3252029 -0.0059135831
  53.3752747 -0.00673302729
  53.4253464 -0.00686960109
  53.4754143 -0.00632330496
  53.525486 -0.00605015736
  53.5755577 -0.00564043503
  53.6256256 -0.00577700883
  53.6756973 -0.0060501569
  53.725769 -0.0053672865
  53.7758408 -0.00523071224
  53.8259087 -0.00564043457
  53.8759804 -0.0059135831
  53.9260521 -0.00564043503
  53.97612 -0.00523071317
  54.0261917 -0.00536728743
  54.0762634 -0.00523071317
  54.1263351 -0.00482099084
  54.176403 -0.00509413937
  54.2264748 -0.00632330496
  54.2765465 -0.0056404341
  54.3266144 -0.00564043457
  54.3766861 -0.0059135831
  54.4267578 -0.00618673023
  54.4768295 -0.00686960109
  54.5268974 -0.00686960109
  54.5769691 -0.00618673023
  54.6270409 -0.00632330496
  54.6771088 -0.00686960062
  54.7271805 -0.00659645256
  54.7772522 -0.00645987922
  54.8273201 -0.00645987922
  54.8773918 -0.00618673116
  54.9274635 -0.00605015736
  54.9775352 -0.00550386123
  55.0276031 -0.00550386077
  55.0776749 -0.00536728743
  55.1277466 -0.00550386077
  55.1778145 -0.00618673069
  55.2278862 -0.0060501569
  55.2779579 -0.00645987876
  55.3280296 -0.00645987922
  55.3780975 -0.00714274822
  55.4281693 -0.00755247008
  55.478241 -0.00755247055
  55.5283089 -0.00837191474
  55.5783806 -0.00919135846
  55.6284523 -0.00973765459
  55.678524 -0.0102839489
  55.7285919 -0.010830245
  55.7786636 -0.0101473751
  55.8287354 -0.00973765366
  55.8788033 -0.00905478466
  55.928875 -0.00837191474
  55.9789467 -0.00796219241
  56.0290184 -0.00864506233
  56.0790863 -0.00809876714
  56.129158 -0.00782561861
  56.1792297 -0.00837191381
  56.2292976 -0.00796219241
  56.2793694 -0.00850848854
  56.3294411 -0.00850848854
  56.3795128 -0.00809876621
  56.4295807 -0.00864506327
  56.4796524 -0.00878163707
  56.5297241 -0.00864506327
  56.579792 -0.00932793226
  56.6298637 -0.00932793226
  56.6799355 -0.00987422839
  56.7300034 -0.0109668178
  56.7800751 -0.0106936703
  56.8301468 -0.010147376
  56.8802185 -0.0100108013
  56.9302864 -0.010830245
  56.9803581 -0.0112399673
  57.0304298 -0.010147376
  57.0804977 -0.0101473769
  57.1305695 -0.0116496878
  57.1806412 -0.0116496878
  57.2307129 -0.010830245
  57.2807808 -0.0117862606
  57.3308525 -0.0123325568
  57.3809242 -0.0123325568
  57.4309921 -0.0117862606
  57.4810638 -0.0124691296
  57.5311356 -0.012195983
  57.5812073 -0.0127422791
  57.6312752 -0.0127422791
  57.6813469 -0.0126057053
  57.7314186 -0.0128788529
  57.7814865 -0.0132885743
  57.8315582 -0.0128788529
  57.8816299 -0.0130154276
  57.9317017 -0.0138348714
  57.9817696 -0.0138348723
  58.0318413 -0.0135617247
  58.081913 -0.0142445937
  58.1319809 -0.0154737588
  58.1820526 -0.0149274636
  58.2321243 -0.0154737588
  58.282196 -0.0157469083
  58.3322639 -0.0156103317
  58.3823357 -0.0164297763
  58.4324074 -0.0158834793
  58.4824753 -0.0167029239
  58.532547 -0.0169760697
  58.5826187 -0.0172492154
  58.6326904 -0.0172492154
  58.6827583 -0.0177955143
  58.73283 -0.0167029221
  58.7829018 -0.0164297745
  58.8329697 -0.0165663473
  58.8830414 -0.0162931979
  58.9331131 -0.0160200484
  58.983181 -0.0164297726
  59.0332527 -0.0162931997
  59.0833244 -0.0160200521
  59.1333961 -0.0162931979
  59.1834641 -0.016156625
  59.2335358 -0.0160200503
  59.2836075 -0.0171126444
  59.3336754 -0.0169760715
  59.3837471 -0.0175223667
  59.4338188 -0.0176589377
  59.4838905 -0.0168394949
  59.5339584 -0.0167029202
  59.5840302 -0.0171126407
  59.6341019 -0.0167029202
  59.6841698 -0.0164297726
  59.7342415 -0.0176589377
  59.7843132 -0.0182052329
  59.8343849 -0.0184783824
  59.8844528 -0.0192978233
  59.9345245 -0.01875153
  59.9845963 -0.0191612486
  60.0346642 -0.0192978233
  60.0847359 -0.0192978233
  60.1348076 -0.0205269866
  60.1848793 -0.0197075456
  60.2349472 -0.0198441204
  60.2850189 -0.0205269884
  60.3350906 -0.0212098584
  60.3851585 -0.0199806932
  60.4352303 -0.0197075456
  60.485302 -0.0198441185
  60.5353737 -0.0202538427
  60.5854416 -0.020253839
  60.6355133 -0.0203904118
  60.685585 -0.0199806914
  60.7356529 -0.0190246757
  60.7857246 -0.0188881047
  60.8357964 -0.01875153
  60.8858643 -0.0192978252
  60.935936 -0.020117268
  60.9860077 -0.020117268
  61.0360794 -0.0205269884
  61.0861473 -0.020663565
  61.136219 -0.022029303
  61.1862907 -0.0223024487
  61.2363586 -0.0221658777
  61.2864304 -0.0218927264
  61.3365021 -0.0217561517
  61.3865738 -0.021756148
  61.4366417 -0.0213464275
  61.4867134 -0.0210732799
  61.5367851 -0.0202538371
  61.586853 -0.02039041
  61.6369247 -0.0202538371
  61.6869965 -0.0199806895
  61.7370682 -0.0212098546
  61.7871361 -0.0220292974
  61.8372078 -0.0218927246
  61.8872795 -0.0208001304
  61.9373474 -0.021756148
  61.9874191 -0.0214829985
  62.0374908 -0.0214829985
  62.0875626 -0.0218927246
  62.1376305 -0.0228487421
  62.1877022 -0.0225755926
  62.2377739 -0.0242144801
  62.2878418 -0.0239413306
  62.3379135 -0.0240779053
  62.3879852 -0.0244876258
  62.4380569 -0.0247607753
  62.4881248 -0.0254436433
  62.5381966 -0.0250339229
  62.5882683 -0.0243510567
  62.6383362 -0.0235316101
  62.6884079 -0.0235316101
  62.7384796 -0.0232584625
  62.7885513 -0.0225755945
  62.8386192 -0.0231218915
  62.8886909 -0.0233950373
  62.9387627 -0.0233950373
  62.9888306 -0.0233950354
  63.0389023 -0.0239413306
  63.088974 -0.0239413306
  63.1390419 -0.0240779035
  63.1891136 -0.0238047577
  63.2391853 -0.0235316083
  63.289257 -0.023121886
  63.339325 -0.022439016
  63.3893967 -0.022439016
  63.4394684 -0.0221658684
  63.4895363 -0.0213464275
  63.539608 -0.0213464275
  63.5896797 -0.0218927208
  63.6397514 -0.0225755926
  63.6898193 -0.0221658684
  63.7398911 -0.0223024432
  63.7899628 -0.0224390179
  63.8400307 -0.0223024469
  63.8901024 -0.0228487402
  63.9401741 -0.0235316083
  63.9902458 -0.0228487421
  64.0403137 -0.0220293012
  64.0903854 -0.021756148
  64.1404572 -0.0205269847
  64.1905289 -0.0203904118
  64.2406006 -0.0205269847
  64.2906647 -0.0206635538
  64.3407364 -0.021073278
  64.3908081 -0.0206635594
  64.4408798 -0.0209367033
  64.4909515 -0.020936707
  64.5410233 -0.0213464275
  64.591095 -0.020117268
  64.6411591 -0.0197075438
  64.6912308 -0.0194343943
  64.7413025 -0.0198441166
  64.7913742 -0.0201172661
  64.8414459 -0.0191612467
  64.8915176 -0.0184783824
  64.9415894 -0.0188881066
  64.9916534 -0.0183418076
  65.0417252 -0.0182052329
  65.0917969 -0.0183418058
  65.1418686 -0.0184783805
  65.1919403 -0.0179320853
  65.242012 -0.0179320835
  65.2920837 -0.0172492173
  65.3421478 -0.0173857901
  65.3922195 -0.017385792
  65.4422913 -0.0172492173
  65.492363 -0.0175223649
  65.5424347 -0.0186149571
  65.5925064 -0.0190246776
  65.6425781 -0.018614959
  65.6926422 -0.0188881066
  65.7427139 -0.0190246813
  65.7927856 -0.0183418095
  65.8428574 -0.0184783805
  65.8929291 -0.0184783805
  65.9430008 -0.0186149571
  65.9930725 -0.01875153
  66.0431366 -0.0188881047
  66.0932083 -0.0182052329
  66.14328 -0.0186149534
  66.1933517 -0.0184783805
  66.2434235 -0.0182052329
  66.2934952 -0.018888101
  66.3435593 -0.01875153
  66.393631 -0.0180686601
  66.4437027 -0.0180686601
  66.4937744 -0.0183418095
  66.5438461 -0.0186149571
  66.5939178 -0.0180686619
  66.6439896 -0.0176589396
  66.6940536 -0.0184783805
  66.7441254 -0.0190246738
  66.7941971 -0.0186149534
  66.8442688 -0.018888101
  66.8943405 -0.0182052329
  66.9444122 -0.0176589396
  66.9944839 -0.0171126463
  67.044548 -0.0175223686
  67.0946198 -0.0172492191
  67.1446915 -0.0177955125
  67.1947632 -0.0171126425
  67.2448349 -0.0169760697
  67.2949066 -0.0167029239
  67.3449783 -0.0171126463
  67.3950424 -0.0171126463
  67.4451141 -0.0176589396
  67.4951859 -0.017385792
  67.5452576 -0.0184783805
  67.5953293 -0.0186149571
  67.645401 -0.0192978252
  67.6954727 -0.019434398
  67.7455368 -0.0186149552
  67.7956085 -0.0179320853
  67.8456802 -0.0183418076
  67.895752 -0.0173857901
  67.9458237 -0.0169760697
  67.9958954 -0.0167029202
  68.0459671 -0.0156103298
  68.0960312 -0.0152006084
  68.1461029 -0.0147908879
  68.1961746 -0.014790887
  68.2462463 -0.0150640346
  68.2963181 -0.0154737569
  68.3463898 -0.0156103326
  68.3964615 -0.0171126463
  68.4465256 -0.0164297763
  68.4965973 -0.0171126444
  68.546669 -0.0175223649
  68.5967407 -0.0176589377
  68.6468124 -0.0168394949
  68.6968842 -0.0164297745
  68.7469559 -0.0169760697
  68.79702 -0.0167029183
  68.8470917 -0.0162931997
  68.8971634 -0.0160200521
  68.9472351 -0.015473756
  68.9973068 -0.0157469045
  69.0473785 -0.015473756
  69.0974503 -0.0152006084
  69.1475143 -0.0156103298
  69.1975861 -0.0157469027
  69.2476578 -0.0154737541
  69.2977295 -0.0154737541
  69.3478012 -0.0153371822
  69.3978729 -0.0150640346
  69.4479446 -0.0153371841
  69.4980087 -0.0141080189
  69.5480804 -0.0145177403
  69.5981522 -0.0138348704
  69.6482239 -0.01342515
  69.6982956 -0.0138348714
  69.7483673 -0.0135617219
  69.798439 -0.013425149
  69.8485031 -0.0132885752
  69.8985748 -0.0130154276
  69.9486465 -0.0128788529
  69.9987183 -0.0128788548
  70.04879 -0.0130154276
  70.0988617 -0.0135617238
  70.1489334 -0.0130154276
  70.1989975 -0.0132885752
  70.2490692 -0.0136982976
  70.2991409 -0.0145177413
  70.3492126 -0.0143811656
  70.3992844 -0.0139714442
  70.4493561 -0.0143811656
  70.4994202 -0.0153371841
  70.5494919 -0.0142445918
  70.5995636 -0.0146543123
  70.6496353 -0.0146543141
  70.699707 -0.0150640365
  70.7497787 -0.0146543141
  70.7998505 -0.0149274599
  70.8499146 -0.0138348704
  70.8999863 -0.0139714433
  70.950058 -0.0138348695
  71.0001297 -0.0141080189
  71.0502014 -0.0143811665
  71.1002731 -0.0139714442
  71.1503448 -0.0143811656
  71.2004089 -0.0142445918
  71.2504807 -0.0138348704
  71.3005524 -0.0141080171
  71.3506241 -0.0146543123
  71.4006958 -0.014790887
  71.4507675 -0.014108018
  71.5008392 -0.0143811665
  71.5509033 -0.0145177413
  71.600975 -0.0145177394
  71.6510468 -0.0146543141
  71.7011185 -0.0147908861
  71.7511902 -0.0156103317
  71.8012619 -0.0161566269
  71.8513336 -0.0158834793
  71.9013977 -0.0165663492
  71.9514694 -0.0162931979
  72.0015411 -0.015473756
  72.0516129 -0.0157469045
  72.1016846 -0.0158834793
  72.1517563 -0.0153371831
  72.201828 -0.0154737569
  72.2518921 -0.0149274599
  72.3019638 -0.015473756
  72.3520355 -0.0153371822
  72.4021072 -0.0157469045
  72.452179 -0.0156103298
  72.5022507 -0.0153371831
  72.5523224 -0.0153371841
  72.6023865 -0.0150640346
  72.6524582 -0.0158834774
  72.7025299 -0.0160200521
  72.7526016 -0.0158834793
  72.8026733 -0.0162931979
  72.8527451 -0.0167029183
  72.9028168 -0.0167029165
  72.9528809 -0.0165663436
  73.0029526 -0.015610327
  73.0530243 -0.016156625
  73.103096 -0.0165663473
  73.1531677 -0.0160200503
  73.2032394 -0.0152006084
  73.2533112 -0.0156103298
  73.3033752 -0.0158834774
  73.353447 -0.0158834793
  73.4035187 -0.0157469045
  73.4535904 -0.0156103317
  73.5036621 -0.0153371841
  73.5537338 -0.0154737588
  73.6038055 -0.0158834793
  73.6538696 -0.0156103307
  73.7039413 -0.0147908879
  73.7540131 -0.014790887
  73.8040848 -0.0156103307
  73.8541565 -0.0160200521
  73.9042282 -0.0160200521
  73.9542999 -0.0147908861
  74.004364 -0.0149274599
  74.0544357 -0.0149274599
  74.1045074 -0.0138348695
  74.1545792 -0.01424459
  74.2046509 -0.0146543123
  74.2547226 -0.0147908852
  74.3047943 -0.0157469027
  74.3548584 -0.0156103298
  74.4049301 -0.0158834774
  74.4550018 -0.016156625
  74.5050735 -0.0164297726
  74.5551453 -0.0162931979
  74.605217 -0.0169760659
  74.6552887 -0.017522363
  74.7053528 -0.0165663455
  74.7554245 -0.0156103289
  74.8054962 -0.0150640337
  74.8555679 -0.0152006084
  74.9056396 -0.015473756
  74.9557114 -0.0161566269
  75.0057755 -0.0162932016
  75.0558472 -0.0169760697
  75.1059189 -0.0176589377
  75.1559906 -0.0175223649
  75.2060623 -0.0182052329
  75.256134 -0.0184783824
  75.3062057 -0.0179320853
  75.3562698 -0.0172492154
  75.4063416 -0.0177955125
  75.4564133 -0.0168394931
  75.506485 -0.0167029202
  75.5565567 -0.0162931979
  75.6066284 -0.0171126407
  75.6567001 -0.0173857901
  75.7067642 -0.0176589396
  75.7568359 -0.0172492173
  75.8069077 -0.0172492173
  75.8569794 -0.0164297726
  75.9070511 -0.0161566269
  75.9571228 -0.0154737569
  76.0071945 -0.015473756
  76.0572586 -0.014790887
  76.1073303 -0.0146543151
  76.157402 -0.0152006093
  76.2074738 -0.0156103307
  76.2575455 -0.0158834774
  76.3076172 -0.0164297745
  76.3576889 -0.0169760697
  76.407753 -0.0173857901
  76.4578247 -0.017385792
  76.5078964 -0.0171126463
  76.5579681 -0.0172492173
  76.6080399 -0.0162932016
  76.6581116 -0.0153371822
  76.7081833 -0.0150640337
  76.7582474 -0.0146543123
  76.8083191 -0.0153371794
  76.8583908 -0.0152006084
  76.9084625 -0.0152006075
  76.9585342 -0.0154737541
  77.008606 -0.0157469027
  77.0586777 -0.0165663473
  77.1087418 -0.0157469045
  77.1588135 -0.0153371831
  77.2088852 -0.0149274617
  77.2589569 -0.014790887
  77.3090286 -0.0150640327
  77.3591003 -0.0145177376
  77.4091721 -0.0145177394
  77.4592361 -0.0138348714
  77.5093079 -0.014790887
  77.5593796 -0.0158834793
  77.6094513 -0.0157469045
  77.659523 -0.0160200521
  77.7095947 -0.0168394968
  77.7596664 -0.0167029239
  77.8097305 -0.0164297745
  77.8598022 -0.0164297745
  77.909874 -0.0162931997
  77.9599457 -0.0164297726
  78.0100174 -0.0161566269
  78.0600891 -0.0156103317
  78.1101608 -0.0158834811
  78.1602249 -0.0161566287
  78.2102966 -0.0169760715
  78.2603683 -0.0172492173
  78.3104401 -0.016156625
  78.3605118 -0.0164297726
  78.4105835 -0.0164297726
  78.4606552 -0.0158834793
  78.5107193 -0.0158834793
  78.560791 -0.015473756
  78.6108627 -0.0153371841
  78.6609344 -0.0158834793
  78.7110062 -0.016020054
  78.7610779 -0.0169760715
  78.8111496 -0.0175223667
  78.8612137 -0.0172492173
  78.9112854 -0.0175223667
  78.9613571 -0.0180686638
  79.0114288 -0.0182052366
  79.0615005 -0.0180686601
  79.1115723 -0.017522363
  79.1616364 -0.0172492154
  79.2117081 -0.0168394949
  79.2617798 -0.0160200521
  79.3118515 -0.0160200521
  79.3619232 -0.0160200521
  79.4119949 -0.0168394949
  79.4620667 -0.0161566269
  79.5121307 -0.0167029221
  79.5622025 -0.0173857901
  79.6122742 -0.0176589377
  79.6623459 -0.0177955125
  79.7124176 -0.0168394968
  79.7624893 -0.0172492191
  79.812561 -0.0161566269
  79.8626251 -0.0161566287
  79.9126968 -0.0167029202
  79.9627686 -0.0162931997
  80.0128403 -0.0168394949
  80.062912 -0.0171126444
  80.1129837 -0.0167029239
  80.1630554 -0.015473756
  80.2131195 -0.0162931997
  80.2631912 -0.0168394968
  80.3132629 -0.0180686601
  80.3633347 -0.0175223649
  80.4134064 -0.0171126425
  80.4634781 -0.0171126425
  80.5135498 -0.017385792
  80.5636139 -0.0179320872
  80.6136856 -0.0182052366
  80.6637573 -0.0184783842
  80.713829 -0.0186149552
  80.7639008 -0.0183418076
  80.8139725 -0.0176589377
  80.8640442 -0.0168394968
  80.9141083 -0.0169760715
  80.96418 -0.0169760715
  81.0142517 -0.0161566269
  81.0643234 -0.0165663492
  81.1143951 -0.0168394949
  81.1644669 -0.016156625
  81.2145386 -0.0160200503
  81.2646027 -0.0168394949
  81.3146744 -0.0168394949
  81.3647461 -0.0168394968
  81.4148178 -0.0175223667
  81.4648895 -0.0182052366
  81.5149612 -0.0188881066
  81.565033 -0.0183418095
  81.615097 -0.0182052329
  81.6651688 -0.0177955143
  81.7152405 -0.0179320853
  81.7653122 -0.0172492173
  81.8153839 -0.0168394949
  81.8654556 -0.0168394968
  81.9155273 -0.0165663473
  81.9655914 -0.0165663473
  82.0156631 -0.0161566269
  82.0657349 -0.0157469045
  82.1158066 -0.0162931997
  82.1658783 -0.0161566269
  82.21595 -0.0165663473
  82.2660217 -0.0169760659
  82.3160858 -0.0172492173
  82.3661575 -0.0182052329
  82.4162292 -0.0180686601
  82.466301 -0.0177955143
  82.5163727 -0.0177955143
  82.5664444 -0.0183418095
  82.6165161 -0.0182052385
  82.6665802 -0.0179320909
  82.7166519 -0.0184783842
  82.7667236 -0.0175223667
  82.8167953 -0.0177955106
  82.8668671 -0.0172492173
  82.9169388 -0.0177955125
  82.9670105 -0.0172492154
  83.0170746 -0.0162931979
  83.0671463 -0.0160200521
  83.117218 -0.016156625
  83.1672897 -0.0165663473
  83.2173615 -0.0165663473
  83.2674332 -0.0167029202
  83.3175049 -0.0169760697
  83.367569 -0.0169760697
  83.4176407 -0.0168394949
  83.4677124 -0.0168394949
  83.5177841 -0.0187515244
  83.5678558 -0.0180686601
  83.6179276 -0.0172492154
  83.6679916 -0.0162931979
  83.7180634 -0.0161566269
  83.7681351 -0.0169760678
  83.8182068 -0.0169760659
  83.8682785 -0.0171126407
  83.9183502 -0.0167029202
  83.9684219 -0.016156625
  84.018486 -0.016156625
  84.0685577 -0.0168394949
  84.1186295 -0.0171126407
  84.1687012 -0.0167029221
  84.2187729 -0.0176589396
  84.2688446 -0.0171126425
  84.3189163 -0.0164297745
  84.3689804 -0.0162931979
  84.4190521 -0.0168394931
  84.4691238 -0.0165663455
  84.5191956 -0.0162932016
  84.5692673 -0.0164297726
  84.619339 -0.0167029202
  84.6694107 -0.0172492173
  84.7194748 -0.0175223649
  84.7695465 -0.0168394949
  84.8196182 -0.017385792
  84.8696899 -0.0168394949
  84.9197617 -0.016156625
  84.9698334 -0.0164297726
  85.0199051 -0.0162931997
  85.0699692 -0.0167029221
  85.1200409 -0.0169760697
  85.1701126 -0.0176589396
  85.2201843 -0.017932089
  85.270256 -0.0188881066
  85.3203278 -0.018614959
  85.3703995 -0.0190246776
  85.4204636 -0.0186149552
  85.4705353 -0.0180686601
  85.520607 -0.0173857901
  85.5706787 -0.0169760697
  85.6207504 -0.0172492173
  85.6708221 -0.0162931997
  85.7208939 -0.0154737569
  85.7709579 -0.0154737569
  85.8210297 -0.0165663473
  85.8711014 -0.0169760678
  85.9211731 -0.0169760659
  85.9712448 -0.0172492135
  86.0213165 -0.0172492135
  86.0713882 -0.017522363
  86.1214523 -0.0176589396
  86.171524 -0.017385792
  86.2215958 -0.0171126425
  86.2716675 -0.0172492173
  86.3217392 -0.017385792
  86.3718109 -0.0167029239
  86.4218826 -0.0172492173
  86.4719467 -0.0175223667
  86.5220184 -0.0182052366
  86.5720901 -0.0191612523
  86.6221619 -0.018614959
  86.6722336 -0.0184783824
  86.7223053 -0.0191612523
  86.772377 -0.0190246776
  86.8224411 -0.0186149571
  86.8725128 -0.0188881066
  86.9225845 -0.017932089
  86.9726562 -0.0180686638
  87.022728 -0.0168394968
  87.0727997 -0.0169760697
  87.1228714 -0.0165663473
  87.1729355 -0.0167029202
  87.2230072 -0.0157469027
  87.2730789 -0.0152006084
  87.3231506 -0.0152006084
  87.3732224 -0.0149274617
  87.4232941 -0.0156103298
  87.4733658 -0.0145177403
  87.5234299 -0.0157469045
  87.5735016 -0.0160200503
  87.6235733 -0.0168394949
  87.673645 -0.0176589396
  87.7237167 -0.0177955106
  87.7737885 -0.0177955106
  87.8238525 -0.0171126407
  87.8739243 -0.0171126425
  87.923996 -0.0165663473
  87.9740677 -0.0172492173
  88.0241394 -0.017385792
  88.0742111 -0.0164297745
  88.1242828 -0.0165663473
  88.1743469 -0.0167029221
  88.2244186 -0.0175223649
  88.2744904 -0.0175223649
  88.3245621 -0.0177955125
  88.3746338 -0.0182052329
  88.4247055 -0.0182052329
  88.4747772 -0.0187515281
  88.5248413 -0.0177955125
  88.574913 -0.0184783824
  88.6249847 -0.01875153
  88.6750565 -0.018888101
  88.7251282 -0.0186149571
  88.7751999 -0.0182052329
  88.8252716 -0.0177955125
  88.8753357 -0.0173857883
  88.9254074 -0.017522363
  88.9754791 -0.0176589396
  89.0255508 -0.0167029202
  89.0756226 -0.0162931997
  89.1256943 -0.0171126425
  89.175766 -0.017522363
  89.2258301 -0.0169760697
  89.2759018 -0.0179320872
  89.3259735 -0.0171126444
  89.3760452 -0.0167029221
  89.4261169 -0.0168394949
  89.4761887 -0.0169760678
  89.5262604 -0.0169760697
  89.5763245 -0.0171126425
  89.6263962 -0.0168394968
  89.6764679 -0.0169760715
  89.7265396 -0.0156103307
  89.7766113 -0.0158834755
  89.826683 -0.0165663455
  89.8767548 -0.016293196
  89.9268188 -0.0168394912
  89.9768906 -0.0169760659
  90.0269623 -0.017658934
  90.077034 -0.0177955069
  90.1271057 -0.0180686563
  90.1771774 -0.0175223649
  90.2272491 -0.0167029221
  90.2773132 -0.0180686601
  90.3273849 -0.0180686619
  90.3774567 -0.017522363
  90.4275284 -0.0168394949
  90.4776001 -0.0171126425
  90.5276718 -0.0176589377
  90.5777435 -0.0180686582
  90.6278076 -0.0180686563
  90.6778793 -0.0176589377
  90.727951 -0.0175223649
  90.7780228 -0.0179320853
  90.8280945 -0.0177955143
  90.8781662 -0.017385792
  90.9282379 -0.0180686582
  90.978302 -0.0187515281
  91.0283737 -0.0186149552
  91.0784454 -0.01875153
  91.1285172 -0.0197075456
  91.1785889 -0.018888101
  91.2286606 -0.0194343999
  91.2787323 -0.0186149552
  91.3287964 -0.0176589359
  91.3788681 -0.0179320853
  91.4289398 -0.0176589396
  91.4790115 -0.0182052348
  91.5290833 -0.0182052348
  91.579155 -0.0177955125
  91.6292267 -0.017385792
  91.6792908 -0.0169760697
  91.7293625 -0.0165663473
  91.7794342 -0.0164297745
  91.8295059 -0.0168394949
  91.8795776 -0.0171126444
  91.9296494 -0.0175223686
  91.9797134 -0.0173857938
  92.0297852 -0.0172492173
  92.0798569 -0.0184783842
  92.1299286 -0.0184783842
  92.1800003 -0.0175223649
  92.230072 -0.0183418095
  92.2801437 -0.018614959
  92.3302078 -0.0183418114
  92.3802795 -0.0190246776
  92.4303513 -0.0187515281
  92.480423 -0.0194343943
  92.5304947 -0.0198441166
  92.5805664 -0.0191612486
  92.6306381 -0.0190246757
  92.6807022 -0.0199806914
  92.7307739 -0.0191612504
  92.7808456 -0.0188881066
  92.8309174 -0.0190246776
  92.8809891 -0.0183418095
  92.9310608 -0.0179320853
  92.9811325 -0.0179320853
  93.0311966 -0.0183418076
  93.0812683 -0.0182052311
  93.13134 -0.0182052329
  93.1814117 -0.0180686563
  93.2314835 -0.0188880973
  93.2815552 -0.0186149497
  93.3316269 -0.0186149497
  93.381691 -0.0194343925
  93.4317627 -0.0186149552
  93.4818344 -0.0192978233
  93.5319061 -0.0197075419
  93.5819778 -0.0187515318
  93.6320496 -0.0191612523
  93.6821213 -0.019434398
  93.7321854 -0.0188881047
  93.7822571 -0.019434398
  93.8323288 -0.0186149571
  93.8824005 -0.0184783824
  93.9324722 -0.0177955125
  93.9825439 -0.0176589377
  94.0326157 -0.0176589377
  94.0826797 -0.0172492154
  94.1327515 -0.0176589396
  94.1828232 -0.0182052348
  94.2328949 -0.0182052366
  94.2829666 -0.0182052366
  94.3330383 -0.0187515281
  94.38311 -0.0190246757
  94.4331741 -0.0183418058
  94.4832458 -0.0186149497
  94.5333176 -0.0190246738
  94.5833893 -0.0195709728
  94.633461 -0.0188881047
  94.6835327 -0.019570969
  94.7336044 -0.0192978214
  94.7836685 -0.0188880991
  94.8337402 -0.0192978214
  94.883812 -0.0176589396
  94.9338837 -0.0179320853
  94.9839554 -0.0177955106
  95.0340271 -0.0175223649
  95.0840988 -0.0176589396
  95.1341629 -0.0176589396
  95.1842346 -0.0175223667
  95.2343063 -0.0186149552
  95.2843781 -0.0192978252
  95.3344498 -0.0198441185
  95.3845215 -0.0205269866
  95.4345932 -0.0209367108
  95.4846573 -0.0202538446
  95.534729 -0.020117268
  95.5848007 -0.019434398
  95.6348724 -0.0199806914
  95.6849442 -0.019570969
  95.7350159 -0.0188881047
  95.7850876 -0.0180686601
  95.8351517 -0.0187515281
  95.8852234 -0.01875153
  95.9352951 -0.0169760697
  95.9853668 -0.0182052348
  96.0354385 -0.0184783824
  96.0855103 -0.0187515281
  96.1355743 -0.0186149552
  96.1856461 -0.01875153
  96.2357178 -0.0187515318
  96.2857895 -0.0180686619
  96.3358612 -0.0172492173
  96.3859329 -0.0177955106
  96.4360046 -0.0177955087
  96.4860687 -0.0186149552
  96.5361404 -0.018888101
  96.5862122 -0.0184783805
  96.6362839 -0.0198441185
  96.6863556 -0.0194343943
  96.7364273 -0.0190246757
  96.786499 -0.0190246738
  96.8365631 -0.0191612486
  96.8866348 -0.0194343943
  96.9367065 -0.0192978233
  96.9867783 -0.0190246757
  97.03685 -0.0191612486
  97.0869217 -0.0183418076
  97.1369934 -0.018888101
  97.1870575 -0.0191612467
  97.2371292 -0.018888101
  97.2872009 -0.0182052329
  97.3372726 -0.0177955125
  97.3873444 -0.0188881047
  97.4374161 -0.0183418076
  97.4874878 -0.0186149552
  97.5375519 -0.0184783787
  97.5876236 -0.0179320816
  97.6376953 -0.0182052292
  97.687767 -0.0176589377
  97.7378387 -0.0172492154
  97.7879105 -0.017522363
  97.8379822 -0.0180686601
  97.8880463 -0.0182052348
  97.938118 -0.0182052348
  97.9881897 -0.0184783805
  98.0382614 -0.0191612504
  98.0883331 -0.0188881047
  98.1384048 -0.0186149571
  98.1884766 -0.01875153
  98.2385406 -0.0184783824
  98.2886124 -0.0180686619
  98.3386841 -0.0179320872
  98.3887558 -0.0180686638
  98.4388275 -0.0179320872
  98.4888992 -0.017522363
  98.5389709 -0.0176589377
  98.589035 -0.0169760678
  98.6391068 -0.0172492173
  98.6891785 -0.0176589377
  98.7392502 -0.0172492154
  98.7893219 -0.0165663492
  98.8393936 -0.0165663473
  98.8894653 -0.0165663492
  98.9395294 -0.0164297745
  98.9896011 -0.0164297726
  99.0396729 -0.0162932016
  99.0897446 -0.0161566287
  99.1398163 -0.0171126463
  99.189888 -0.0171126425
  99.2399597 -0.0167029202
  99.2900238 -0.0165663455
  99.3400955 -0.0168394968
  99.3901672 -0.0169760697
  99.440239 -0.0176589377
  99.4903107 -0.0168394949
  99.5403824 -0.0167029202
  99.5904541 -0.0172492173
  99.6405182 -0.0164297726
  99.6905899 -0.016156625
  99.7406616 -0.015473756
  99.7907333 -0.0152006075
  99.8408051 -0.0150640346
  99.8908768 -0.0153371822
  99.9409485 -0.0149274617
  99.9910126 -0.0154737597
  100.041084 -0.0154737597
  100.091156 -0.0160200521
  100.141228 -0.0171126444
  100.191299 -0.0169760697
  100.241371 -0.0171126425
  100.291443 -0.0172492173
  100.341507 -0.0179320872
  100.391579 -0.0176589414
  100.44165 -0.0171126444
  100.491722 -0.0173857901
  100.541794 -0.0156103289
  100.591866 -0.0160200521
  100.64193 -0.0160200503
  100.692001 -0.0150640346
  100.742073 -0.0147908879
  100.792145 -0.0153371831
  100.842216 -0.0154737569
  100.892288 -0.0169760697
  100.94236 -0.0171126425
  100.992424 -0.0180686619
  101.042496 -0.0183418076
  101.092567 -0.0188881047
  101.142639 -0.0199806932
  101.192711 -0.0197075456
  101.242783 -0.0188881066
  101.292854 -0.0187515318
  101.342918 -0.0180686619
  101.39299 -0.017385792
  101.443062 -0.0169760697
  101.493134 -0.0162931997
  101.543205 -0.0157469045
  101.593277 -0.0153371822
  101.643349 -0.0153371822
  101.693413 -0.0154737551
  101.743484 -0.0156103298
  101.793556 -0.0153371831
  101.843628 -0.0160200521
  101.8937 -0.0156103307
  101.943771 -0.0153371841
  101.993843 -0.0158834793
  102.043907 -0.0165663492
  102.093979 -0.0162931997
  102.144051 -0.0164297726
  102.194122 -0.0161566269
  102.244194 -0.0168394949
  102.294266 -0.0171126444
  102.344337 -0.0171126425
  102.394402 -0.0173857938
  102.444473 -0.0175223649
  102.494545 -0.0180686601
  102.544617 -0.0175223649
  102.594688 -0.0169760697
  102.64476 -0.0167029258
  102.694832 -0.0164297782
  102.744896 -0.0153371859
  102.794968 -0.0158834811
  102.845039 -0.0150640346
  102.895111 -0.0146543114
  102.945183 -0.0145177376
  102.995255 -0.0143811628
  103.045326 -0.0136982948
  103.09539 -0.0147908861
  103.145462 -0.0145177385
  103.195534 -0.0145177394
  103.245605 -0.0152006093
  103.295677 -0.0150640346
  103.345749 -0.0152006084
  103.395821 -0.0157469045
  103.445885 -0.0164297726
  103.495956 -0.0167029202
  103.546028 -0.0172492154
  103.5961 -0.0164297726
  103.646172 -0.0165663473
  103.696243 -0.017385792
  103.746315 -0.0168394968
  103.796379 -0.0165663473
  103.846451 -0.016156625
  103.896523 -0.0149274617
  103.946594 -0.0149274599
  103.996666 -0.0143811647
  104.046738 -0.0143811638
  104.096809 -0.01356172
  104.146873 -0.0139714433
  104.196945 -0.0139714424
  104.247017 -0.0138348704
  104.297089 -0.0138348714
  104.34716 -0.0139714433
  104.397232 -0.0143811656
  104.447304 -0.0157469045
  104.497368 -0.0160200521
  104.54744 -0.0153371831
  104.597511 -0.0147908861
  104.647583 -0.0150640346
  104.697655 -0.0143811647
  104.747726 -0.0138348704
  104.797791 -0.0132885743
  104.847862 -0.0123325586
  104.897934 -0.0116496878
  104.948006 -0.0105570974
  104.998077 -0.0101473769
  105.048149 -0.0105570983
  105.098221 -0.00960108079
  105.148285 -0.00973765366
