  0.0500638075 -0.0365410037
  0.100127615 -0.0375326872
  0.150191426 -0.0378632471
  0.20025523 -0.0372021236
  0.250319034 -0.0375326872
  0.300382853 -0.0375326835
  0.350446641 -0.0395160429
  0.40051046 -0.0395160429
  0.450574279 -0.0388549194
  0.500638068 -0.0378632396
  0.550701857 -0.0372021198
  0.600765705 -0.0368715562
  0.650829494 -0.0352187529
  0.700893283 -0.0365410037
  0.750957131 -0.0362104401
  0.80102092 -0.0355493203
  0.851084709 -0.0352187641
  0.901148558 -0.0352187641
  0.951212347 -0.0365410075
  1.00127614 -0.0375326872
  1.05133998 -0.0358798765
  1.10140371 -0.036541
  1.15146756 -0.0385243632
  1.20153141 -0.039185483
  1.25159514 -0.0385243632
  1.30165899 -0.0378632396
  1.35172284 -0.0372021198
  1.40178657 -0.036541
  1.45185041 -0.0372021161
  1.50191426 -0.0338965133
  1.55197799 -0.0329048336
  1.60204184 -0.03224371
  1.65210569 -0.0312520303
  1.70216942 -0.0315825902
  1.75223327 -0.0305909067
  1.80229712 -0.0309214666
  1.85236084 -0.0329048298
  1.90242469 -0.03224371
  1.95248854 -0.0355493166
  2.00255227 -0.0378632359
  2.05261612 -0.0388549156
  2.10267997 -0.0398466066
  2.15274382 -0.0401771665
  2.20280743 -0.04083829
  2.25287127 -0.0411688462
  2.30293512 -0.0411688462
  2.35299897 -0.0385243632
  2.40306282 -0.0391854867
  2.45312667 -0.0365410037
  2.50319028 -0.0385243706
  2.55325413 -0.0381937996
  2.60331798 -0.0365410037
  2.65338182 -0.038193807
  2.70344567 -0.0375326835
  2.75350952 -0.037532676
  2.80357313 -0.0388549231
  2.85363698 -0.0378632396
  2.90370083 -0.0378632471
  2.95376468 -0.036541
  3.00382853 -0.0362104364
  3.05389237 -0.0368715599
  3.10395598 -0.038193807
  3.15401983 -0.0408382863
  3.20408368 -0.039185483
  3.25414753 -0.0372021198
  3.30421138 -0.039185483
  3.35427499 -0.0405077264
  3.40433884 -0.0365409926
  3.45440269 -0.0358798765
  3.50446653 -0.0355493128
  3.55453038 -0.0332353935
  3.60459423 -0.0338965096
  3.65465784 -0.034888193
  3.70472169 -0.0335659496
  3.75478554 -0.0355493166
  3.80484939 -0.0378632396
  3.85491323 -0.0388549231
  3.90497708 -0.0391854867
  3.95504069 -0.0405077264
  4.00510454 -0.0391854867
  4.05516863 -0.0395160429
  4.10523224 -0.0398466028
  4.15529585 -0.0388549231
  4.20535994 -0.0388549305
  4.25542355 -0.0388549305
  4.30548763 -0.0378632545
  4.35555124 -0.0372021236
  4.40561485 -0.0375326835
  4.45567894 -0.0401771702
  4.50574255 -0.0421605259
  4.55580664 -0.0431522019
  4.60587025 -0.0401771665
  4.65593433 -0.0395160466
  4.70599794 -0.0378632396
  4.75606155 -0.036541
  4.80612564 -0.0352187566
  4.85618925 -0.0348881967
  4.90625334 -0.0312520303
  4.95631695 -0.0299297832
  5.00638056 -0.0295992196
  5.05644464 -0.0299297813
  5.10650826 -0.0299297813
  5.15657234 -0.0299297832
  5.20663595 -0.0295992233
  5.25669956 -0.0325742774
  5.30676365 -0.0325742811
  5.35682726 -0.0338965207
  5.40689135 -0.0332353972
  5.45695496 -0.0348882042
  5.50701904 -0.0342270806
  5.55708265 -0.0312520303
  5.60714626 -0.0312520303
  5.65721035 -0.0309214685
  5.70727396 -0.0315825865
  5.75733805 -0.0302603468
  5.80740166 -0.0319131501
  5.85746527 -0.0302603506
  5.90752935 -0.0309214685
  5.95759296 -0.0269547384
  6.00765705 -0.0289381016
  6.05772066 -0.0276158545
  6.10778475 -0.0266241729
  6.15784836 -0.0269547347
  6.20791197 -0.0272852946
  6.25797606 -0.0256324951
  6.30803967 -0.0262936149
  6.35810375 -0.0229880083
  6.40816736 -0.0226574466
  6.45823097 -0.0210046433
  6.50829506 -0.0173684768
  6.55835867 -0.0167073552
  6.60842276 -0.0150545537
  6.65848637 -0.0143934358
  6.70854998 -0.0140628759
  6.75861406 -0.013732316
  6.80867767 -0.0127406362
  6.85874176 -0.0120795164
  6.90880537 -0.00943502784
  6.95886946 -0.00712109776
  7.00893307 -0.00513773551
  7.05899668 -0.00348493038
  7.10906076 -0.00381549145
  7.15912437 -0.000840444583
  7.20918846 -0.000179323048
  7.25925207 -0.000179322597
  7.30931568 -0.00117100566
  7.35937977 -0.000840446795
  7.40944338  0.00246515358
  7.45950747  0.00147347839
  7.50957108  0.00312627666
  7.55963516  0.00444851769
  7.60969877  0.00411795639
  7.65976238  0.00577076059
  7.70982647  0.00808468275
  7.75989008  0.00907636434
  7.80995417  0.0100680515
  7.86001778  0.0100680515
  7.91008139  0.00973749161
  7.96014547  0.012381983
  8.01020908  0.0103986207
  8.06027317  0.011390307
  8.11033726  0.0133736776
  8.16040039  0.0127125559
  8.21046448  0.0137042413
  8.26052856  0.0133736851
  8.3105917  0.0133736795
  8.36065578  0.0123819904
  8.41071987  0.0130431149
  8.460783  0.0133736767
  8.51084709  0.0127125485
  8.56091118  0.0130431131
  8.61097527  0.0173404142
  8.6610384  0.0183320977
  8.71110249  0.0206460189
  8.76116657  0.0213071369
  8.81122971  0.0246127378
  8.86129379  0.028248908
  8.91135788  0.0312239472
  8.96142197  0.0332073122
  9.0114851  0.0355212353
  9.06154919  0.0394879617
  9.11161327  0.0434546955
  9.16167641  0.0441158116
  9.21174049  0.0500658862
  9.26180458  0.0560159944
  9.31186867  0.059982717
  9.3619318  0.0652717054
  9.41199589  0.0738662928
  9.46205997  0.0808080509
  9.51212311  0.0870887265
  9.56218719  0.0973360911
  9.61225128  0.106261261
  9.66231441  0.113864183
  9.7123785  0.123781033
  9.76244259  0.13468954
  9.81250668  0.145928606
  9.86256981  0.159151003
  9.9126339  0.172704026
  9.96269798  0.187579229
  10.0127611  0.201132283
  10.0628252  0.218652025
  10.1128893  0.234849632
  10.1629534  0.252699882
  10.2130165  0.274186313
  10.2630806  0.294681072
  10.3131447  0.317820251
  10.3632078  0.345256805
  10.4132719  0.373023927
  10.463336  0.401452154
  10.5133991  0.433185935
  10.5634632  0.465580821
  10.6135273  0.500950694
  10.6635914  0.536981702
  10.7136545  0.574335039
  10.7637186  0.612680018
  10.8137827  0.653008521
  10.8638458  0.696642637
  10.9139099  0.737962782
  10.963974  0.780605257
  11.0140381  0.83085084
  11.0641012  0.875145972
  11.1141653  0.924069047
  11.1642294  0.975967348
  11.2142925  1.02522087
  11.2643566  1.07678854
  11.3144207  1.12835598
  11.3644838  1.1819067
  11.4145479  1.229177
  11.464612  1.27611649
  11.5146761  1.32140326
  11.5647392  1.36569846
  11.6148033  1.40602648
  11.6648674  1.44007432
  11.7149305  1.47478306
  11.7649946  1.50684738
  11.8150587  1.53428376
  11.8651228  1.55643129
  11.9151859  1.57758725
  11.96525  1.59742081
  12.0153141  1.61361825
  12.0653772  1.62783229
  12.1154413  1.63907135
  12.1655054  1.65097141
  12.2155695  1.65890491
  12.2656326  1.66782999
  12.3156967  1.67311895
  12.3657608  1.67477179
  12.4158239  1.67444122
  12.465888  1.67278838
  12.5159521  1.67047453
  12.5660152  1.6638633
  12.6160793  1.65626037
  12.6661434  1.64766586
  12.7162075  1.64105463
  12.7662706  1.62783229
  12.8163347  1.61560154
  12.8663988  1.60634577
  12.9164619  1.59742069
  12.966526  1.5845288
  13.0165901  1.57064533
  13.0666542  1.56072855
  13.1167173  1.54651451
  13.1667814  1.53494489
  13.2168455  1.52271426
  13.2669086  1.51081407
  13.3169727  1.49924445
  13.3670368  1.48833597
  13.4171  1.4774276
  13.467164  1.4685024
  13.5172281  1.45858562
  13.5672922  1.45065224
  13.6173553  1.44503272
  13.6674194  1.44172716
  13.7174835  1.43809092
  13.7675467  1.43610764
  13.8176107  1.43742979
  13.8676748  1.44073546
  13.9177389  1.44271874
  13.967802  1.4489994
  14.0178661  1.45792449
  14.0679302  1.46817183
  14.1179934  1.48073304
  14.1680574  1.49957502
  14.2181215  1.51511133
  14.2681856  1.53891158
  14.3182487  1.56238139
  14.3683128  1.58816516
  14.4183769  1.61890709
  14.4684401  1.65295482
  14.5185041  1.68898582
  14.5685682  1.72633898
  14.6186314  1.76468396
  14.6686954  1.81327629
  14.7187595  1.85988522
  14.7688236  1.90913856
  14.8188868  1.96665597
  14.8689508  2.02119851
  14.9190149  2.08334374
  14.9690781  2.14548922
  15.0191422  2.21259284
  15.0692062  2.27804375
  15.1192703  2.34911418
  15.1693335  2.42018437
  15.2193975  2.49489141
  15.2694616  2.57092094
  15.3195248  2.64628959
  15.3695889  2.72760773
  15.4196529  2.80462885
  15.4697161  2.88429379
  15.5197802  2.96462035
  15.5698442  3.04560781
  15.6199083  3.12428117
  15.6699715  3.20130229
  15.7200356  3.27633929
  15.7700996  3.35104656
  15.8201628  3.42244768
  15.8702269  3.49153543
  15.9202909  3.55963135
  15.970355  3.62475276
  16.0204182  3.68590713
  16.0704823  3.74375582
  16.1205463  3.79862905
  16.1706104  3.85118866
  16.2206745  3.89614487
  16.2707367  3.94275379
  16.3208008  3.97977662
  16.3708649  4.01382399
  16.420929  4.04357433
  16.470993  4.06869698
  16.5210571  4.08489466
  16.5711212  4.09745598
  16.6211834  4.10671139
  16.6712475  4.11034775
  16.7213116  4.10803366
  16.7713757  4.10274458
  16.8214397  4.08820009
  16.8715038  4.07101107
  16.921566  4.05084705
  16.9716301  4.02506304
  17.0216942  3.99299884
  17.0717583  3.9563067
  17.1218224  3.91531754
  17.1718864  3.87102199
  17.2219505  3.8201158
  17.2720127  3.7645812
  17.3220768  3.70574069
  17.3721409  3.63698316
  17.422205  3.56888723
  17.4722691  3.49715495
  17.5223331  3.4214561
  17.5723972  3.34410477
  17.6224594  3.26510024
  17.6725235  3.18047667
  17.7225876  3.09519196
  17.7726517  3.01023769
  17.8227158  2.9239614
  17.8727798  2.83305693
  17.9228439  2.74380541
  17.9729061  2.65356159
  18.0229702  2.56430984
  18.0730343  2.47902465
  18.1230984  2.39274788
  18.1731625  2.30614114
  18.2232265  2.22548461
  18.2732906  2.14416695
  18.3233528  2.06582403
  18.3734169  1.99177849
  18.423481  1.91872489
  18.4735451  1.84963787
  18.5236092  1.7808814
  18.5736732  1.71807504
  18.6237373  1.65394652
  18.6737995  1.59742069
  18.7238636  1.54420054
  18.7739277  1.49164164
  18.8239918  1.44470215
  18.8740559  1.39677095
  18.9241199  1.35379815
  18.9741821  1.31446159
  19.0242462  1.27909172
  19.0743103  1.24438274
  19.1243744  1.2106657
  19.1744385  1.18322897
  19.2245026  1.15645361
  19.2745667  1.13265324
  19.3246288  1.10885286
  19.3746929  1.08802748
  19.424757  1.07050776
  19.4748211  1.05001307
  19.5248852  1.03447664
  19.5749493  1.02026248
  19.6250134  1.00604832
  19.6750755  0.996792674
  19.7251396  0.984231234
  19.7752037  0.977620065
  19.8252678  0.971339345
  19.8753319  0.963405907
  19.925396  0.960761428
  19.9754601  0.957455873
  20.0255222  0.952827871
  20.0755863  0.94786948
  20.1256504  0.943902791
  20.1757145  0.941588879
  20.2257786  0.938944399
  20.2758427  0.938944399
  20.3259068  0.935969353
  20.3759689  0.93762207
  20.426033  0.938613772
  20.4760971  0.939605415
  20.5261612  0.939935982
  20.5762253  0.940927804
  20.6262894  0.942250073
  20.6763535  0.942911088
  20.7264156  0.942911088
  20.7764797  0.942911088
  20.8265438  0.941258252
  20.8766079  0.94026655
  20.926672  0.94026655
  20.9767361  0.937952638
  21.0267982  0.935969293
  21.0768623  0.931671917
  21.1269264  0.928366423
  21.1769905  0.923408031
  21.2270546  0.916135609
  21.2771187  0.909193873
  21.3271828  0.902582526
  21.3772449  0.893657506
  21.427309  0.884401679
  21.4773731  0.872501552
  21.5274372  0.860931873
  21.5775013  0.849362075
  21.6275654  0.831842363
  21.6776295  0.816305935
  21.7276917  0.799116731
  21.7777557  0.78258872
  21.8278198  0.763085544
  21.8778839  0.741599023
  21.927948  0.720773637
  21.9780121  0.699287176
  22.0280762  0.675486684
  22.0781384  0.653339148
  22.1282024  0.62887758
  22.1782665  0.604085386
  22.2283306  0.58061564
  22.2783947  0.554831922
  22.3284588  0.528387129
  22.3785229  0.506239653
  22.4285851  0.481447637
  22.4786491  0.459630698
  22.5287132  0.440458268
  22.5787773  0.418971837
  22.6288414  0.404096663
  22.6789055  0.385915875
  22.7289677  0.368065566
  22.7790318  0.352529138
  22.8290958  0.332695514
  22.8791599  0.31914252
  22.929224  0.300961703
  22.9792881  0.283772618
  23.0293522  0.268897384
  23.0794144  0.252699852
  23.1294785  0.241130248
  23.1795425  0.227246687
  23.2296066  0.212701946
  23.2796707  0.202785105
  23.3297348  0.192868218
  23.3797989  0.182290196
  23.4298611  0.173695669
  23.4799252  0.164439976
  23.5299892  0.155514866
  23.5800533  0.14923428
  23.6301174  0.140309125
  23.6801815  0.133036762
  23.7302456  0.12642549
  23.7803078  0.119153097
  23.8303719  0.114525221
  23.8804359  0.107583456
  23.9305  0.103286155
  23.9805641  0.0993194431
  24.0306282  0.0946916044
  24.0806923  0.0917165428
  24.1307545  0.0880803689
  24.1808186  0.0857664272
  24.2308826  0.0811385959
  24.2809467  0.0784941241
  24.3310108  0.0748579726
  24.3810749  0.0708912537
  24.431139  0.0685773268
  24.4812012  0.0669245347
  24.5312653  0.0652717203
  24.5813293  0.0609744228
  24.6313934  0.0609744228
  24.6814575  0.0576688088
  24.7315216  0.0566771105
  24.7815838  0.0553548671
  24.8316479  0.0527103804
  24.881712  0.0513881482
  24.931776  0.0500659086
  24.9818401  0.0480825417
  25.0319042  0.046429731
  25.0819683  0.0474214107
  25.1320305  0.0437852331
  25.1820946  0.0444463566
  25.2321587  0.0434546731
  25.2822227  0.0421324186
  25.3322868  0.0451074764
  25.3823509  0.0431241021
  25.432415  0.0421324186
  25.4824772  0.0401490591
  25.5325413  0.0391573869
  25.5826054  0.036182344
  25.6326694  0.035190668
  25.6827335  0.0358517915
  25.7327976  0.0345295556
  25.7828617  0.0325461887
  25.8329239  0.0315545015
  25.882988  0.0302322619
  25.9330521  0.0282488987
  25.9831161  0.0285794605
  26.0331802  0.0285794586
  26.0832443  0.0275877751
  26.1333084  0.0279183276
  26.1833706  0.0246127304
  26.2334347  0.0249432903
  26.2834988  0.0269266535
  26.3335629  0.0259349719
  26.3836269  0.0279183351
  26.433691  0.0262655299
  26.4837551  0.0256044101
  26.5338173  0.0239516087
  26.5838814  0.0236210506
  26.6339455  0.0226293672
  26.6840096  0.0213071238
  26.7340736  0.0180015303
  26.7841377  0.0166793
  26.8341999  0.0140348123
  26.884264  0.0140348123
  26.9343281  0.0133736916
  26.9843922  0.0150264949
  27.0344563  0.0146959322
  27.0845203  0.0150264939
  27.1345844  0.0143653676
  27.1846466  0.0140348068
  27.2347107  0.0146959303
  27.2847748  0.0117208846
  27.3348389  0.00808471348
  27.384903  0.00477909204
  27.434967  0.00213458599
  27.4850311  0.00114290416
  27.5350933  0.000812344602
  27.5851574 -0.000179333772
  27.6352215 -0.00216269633
  27.6852856 -0.00381549797
  27.7353497 -0.00150157569
  27.7854137 -0.00315437838
  27.8354778 -0.00381549587
  27.88554 -0.00315437629
  27.9356041 -0.00216269796
  27.9856682 -0.00381549424
  28.0357323 -0.00612941617
  28.0857964 -0.00645997701
  28.1358604 -0.00712109962
  28.1859245 -0.00844334159
  28.2359867 -0.00910446607
  28.2860508 -0.00976558495
  28.3361149 -0.00910446327
  28.386179 -0.0107572665
  28.4362431 -0.0117489491
  28.4863071 -0.01174895
  28.5363712 -0.0134017514
  28.5864334 -0.012410067
  28.6364975 -0.0120795071
  28.6865616 -0.0104267104
  28.7366257 -0.0091044642
  28.7866898 -0.00844334252
  28.8367538 -0.00546830148
  28.886816 -0.00679054344
  28.9368801 -0.0054683038
  28.9869442 -0.00414606184
  29.0370083 -0.00612942316
  29.0870724 -0.00778222876
  29.1371365 -0.00778222876
  29.1872005 -0.0100961523
  29.2372627 -0.0114183882
  29.2873268 -0.0120795071
  29.3373909 -0.0137323095
  29.387455 -0.0143934321
  29.4375191 -0.0137323104
  29.4875832 -0.0147239929
  29.5376472 -0.0150545528
  29.5877094 -0.0143934311
  29.6377735 -0.0143934311
  29.6878376 -0.0124100689
  29.7379017 -0.0117489463
  29.7879658 -0.0114183873
  29.8380299 -0.0110878265
  29.8880939 -0.00910446607
  29.9381561 -0.00844334345
  29.9882202 -0.00877390429
  30.0382843 -0.0091044642
  30.0883484 -0.00943502504
  30.1384125 -0.0100961458
  30.1884766 -0.00877390429
  30.2385406 -0.0120795071
  30.2886028 -0.0110878302
  30.3386669 -0.0114183901
  30.388731 -0.0107572684
  30.4387951 -0.0117489509
  30.4888592 -0.0110878302
  30.5389233 -0.0117489491
  30.5889854 -0.0120795062
  30.6390495 -0.012079508
  30.6891136 -0.0137323104
  30.7391777 -0.0157156717
  30.7892418 -0.0170379151
  30.8393059 -0.0167073552
  30.88937 -0.0167073552
  30.9394321 -0.0163767952
  30.9894962 -0.017368475
  31.0395603 -0.0173684768
  31.0896244 -0.0150545528
  31.1396885 -0.0150545537
  31.1897526 -0.0150545528
  31.2398167 -0.0163767934
  31.2898788 -0.0140628722
  31.3399429 -0.0163767934
  31.390007 -0.0153851146
  31.4400711 -0.0127406297
  31.4901352 -0.0157156754
  31.5401993 -0.0163767952
  31.5902634 -0.0170379151
  31.6403255 -0.0190212764
  31.6903896 -0.0219963267
  31.7404537 -0.0246408116
  31.7905178 -0.0236491282
  31.8405819 -0.0259630587
  31.890646 -0.0272853002
  31.9407101 -0.0282769818
  31.9907722 -0.0262936167
  32.0408363 -0.025963055
  32.0909004 -0.025963055
  32.1409645 -0.0262936167
  32.1910286 -0.0269547384
  32.2410927 -0.025963055
  32.2911568 -0.0266241785
  32.3412209 -0.0259630568
  32.3912849 -0.0246408097
  32.441349 -0.0253019333
  32.4914093 -0.0243102554
  32.5414734 -0.0266241785
  32.5915375 -0.0269547403
  32.6416016 -0.0259630568
  32.6916656 -0.0249713752
  32.7417297 -0.0259630568
  32.7917938 -0.0276158638
  32.8418579 -0.0289381072
  32.891922 -0.0295992233
  32.9419861 -0.0309214704
  32.9920502 -0.0325742736
  33.0421143 -0.0329048336
  33.0921783 -0.0329048336
  33.1422424 -0.0345576368
  33.1923027 -0.0315825865
  33.2423668 -0.0325742699
  33.2924309 -0.0315825865
  33.342495 -0.0302603468
  33.3925591 -0.0302603487
  33.4426231 -0.0282769818
  33.4926872 -0.0266241785
  33.5427513 -0.0253019333
  33.5928154 -0.0256324932
  33.6428795 -0.0246408135
  33.6929436 -0.0259630568
  33.7430077 -0.0256324951
  33.7930717 -0.0266241785
  33.843132 -0.0282769799
  33.8931961 -0.0286075417
  33.9432602 -0.0292686634
  33.9933243 -0.0286075417
  34.0433884 -0.0309214685
  34.0934525 -0.0302603468
  34.1435165 -0.0305909086
  34.1935806 -0.02794642
  34.2436447 -0.02794642
  34.2937088 -0.0299297851
  34.3437729 -0.0272853021
  34.393837 -0.0266241785
  34.4439011 -0.0272853021
  34.4939651 -0.0272853002
  34.5440254 -0.0269547384
  34.5940895 -0.0272853002
  34.6441536 -0.0262936186
  34.6942177 -0.0269547403
  34.7442818 -0.0289381072
  34.7943459 -0.0286075417
  34.8444099 -0.0266241804
  34.894474 -0.0256324969
  34.9445381 -0.0262936186
  34.9946022 -0.0246408191
  35.0446663 -0.0243102554
  35.0947304 -0.0259630587
  35.1447945 -0.0259630587
  35.1948586 -0.0259630606
  35.2449188 -0.0246408172
  35.2949829 -0.0236491356
  35.345047 -0.0239796955
  35.3951111 -0.0262936223
  35.4451752 -0.0259630587
  35.4952393 -0.0262936223
  35.5453033 -0.0256324969
  35.5953674 -0.0269547403
  35.6454315 -0.0292686597
  35.6954956 -0.0302603431
  35.7455597 -0.0319131464
  35.7956238 -0.0329048261
  35.8456879 -0.0342270657
  35.8957481 -0.0358798727
  35.9458122 -0.0362104364
  35.9958763 -0.0358798765
  36.0459404 -0.0345576406
  36.0960045 -0.0362104401
  36.1460686 -0.0348881967
  36.1961327 -0.0338965207
  36.2461967 -0.0348881967
  36.2962608 -0.0342270769
  36.3463249 -0.0342270769
  36.396389 -0.0342270806
  36.4464531 -0.0329048373
  36.4965172 -0.033896517
  36.5465813 -0.0335659571
  36.5966415 -0.0342270732
  36.6467056 -0.0345576368
  36.6967697 -0.033896517
  36.7468338 -0.0332353972
  36.7968979 -0.0332353935
  36.846962 -0.0319131464
  36.8970261 -0.0319131501
  36.9470901 -0.0322437063
  36.9971542 -0.0315825865
  37.0472183 -0.0342270732
  37.0972824 -0.0352187566
  37.1473465 -0.034888193
  37.1974106 -0.0358798765
  37.2474747 -0.037532676
  37.2975349 -0.037532676
  37.347599 -0.0388549305
  37.3976631 -0.0385243632
  37.4477272 -0.0385243706
  37.4977913 -0.0388549305
  37.5478554 -0.0378632471
  37.5979195 -0.0375326872
  37.6479836 -0.0375326835
  37.6980476 -0.0378632396
  37.7481117 -0.036541
  37.7981758 -0.0388549231
  37.8482399 -0.0368715562
  37.898304 -0.0372021198
  37.9483643 -0.0352187566
  37.9984283 -0.0342270732
  38.0484924 -0.0329048336
  38.0985565 -0.0348881967
  38.1486206 -0.0345576406
  38.1986847 -0.0342270732
  38.2487488 -0.0335659534
  38.2988129 -0.0355493166
  38.348877 -0.0385243706
  38.398941 -0.0398466066
  38.4490051 -0.0381938107
  38.4990692 -0.0398466103
  38.5491333 -0.0401771776
  38.5991974 -0.0391854942
  38.6492577 -0.0358798876
  38.6993217 -0.0348881967
  38.7493858 -0.0335659534
  38.7994499 -0.03224371
  38.849514 -0.0312520266
  38.8995781 -0.0329048336
  38.9496422 -0.0315825902
  38.9997063 -0.0342270732
  39.0497704 -0.0358798765
  39.0998344 -0.0388549231
  39.1498985 -0.0385243706
  39.1999626 -0.0358798839
  39.2500267 -0.0358798876
  39.3000908 -0.0355493203
  39.3501511 -0.033896517
  39.4002151 -0.0325742736
  39.4502792 -0.0292686652
  39.5003433 -0.0309214704
  39.5504074 -0.0282769855
  39.6004715 -0.0292686727
  39.6505356 -0.0302603561
  39.7005997 -0.0299297962
  39.7506638 -0.0299297925
  39.8007278 -0.0309214704
  39.8507919 -0.03224371
  39.900856 -0.0325742625
  39.9509201 -0.0319131427
  40.0009804 -0.0312520228
  40.0510445 -0.0319131501
  40.1011086 -0.0332353972
  40.1511726 -0.0352187641
  40.2012367 -0.0352187566
  40.2513008 -0.0352187566
  40.3013649 -0.0352187529
  40.351429 -0.0378632359
  40.4014931 -0.0362104401
  40.4515572 -0.0355493203
  40.5016212 -0.033896517
  40.5516853 -0.033896517
  40.6017494 -0.032904841
  40.6518135 -0.0322437175
  40.7018738 -0.0325742736
  40.7519379 -0.0312520303
  40.802002 -0.0322437063
  40.852066 -0.0325742699
  40.9021301 -0.0332353935
  40.9521942 -0.0329048298
  41.0022583 -0.0332353935
  41.0523224 -0.0335659496
  41.1023865 -0.0338965096
  41.1524506 -0.0342270732
  41.2025146 -0.0348881967
  41.2525787 -0.0342270732
  41.3026428 -0.0332353972
  41.3527069 -0.0319131464
  41.4027672 -0.0345576331
  41.4528313 -0.0329048336
  41.5028954 -0.0338965133
  41.5529594 -0.0358798765
  41.6030235 -0.0365409963
  41.6530876 -0.0378632396
  41.7031517 -0.0368715674
  41.7532158 -0.039185483
  41.8032799 -0.0395160466
  41.853344 -0.0385243632
  41.9034081 -0.0385243632
  41.9534721 -0.0378632471
  42.0035362 -0.0381938107
  42.0535965 -0.0375326872
  42.1036606 -0.038193807
  42.1537247 -0.0355493166
  42.2037888 -0.0358798765
  42.2538528 -0.0332353972
  42.3039169 -0.0329048373
  42.353981 -0.033896517
  42.4040451 -0.0329048373
  42.4541092 -0.033896517
  42.5041733 -0.035549324
  42.5542374 -0.0355493166
  42.6043015 -0.0345576331
  42.6543655 -0.033896517
  42.7044296 -0.0335659608
  42.7544899 -0.0342270769
  42.804554 -0.0342270806
  42.8546181 -0.0345576406
  42.9046822 -0.0342270806
  42.9547462 -0.0355493203
  43.0048103 -0.0362104364
  43.0548744 -0.034888193
  43.1049385 -0.0345576331
  43.1550026 -0.0358798727
  43.2050667 -0.0345576368
  43.2551308 -0.0332353935
  43.3051949 -0.0325742736
  43.3552589 -0.0325742736
  43.4053192 -0.0329048336
  43.4553833 -0.0345576406
  43.5054474 -0.0362104401
  43.5555115 -0.0352187604
  43.6055756 -0.036541
  43.6556396 -0.0348881967
  43.7057037 -0.0358798765
  43.7557678 -0.0338965096
  43.8058319 -0.0342270769
  43.855896 -0.0368715636
  43.9059601 -0.0372021198
  43.9560242 -0.0378632396
  44.0060883 -0.0372021198
  44.0561523 -0.0378632396
  44.1062126 -0.0388549305
  44.1562767 -0.038193807
  44.2063408 -0.038193807
  44.2564049 -0.0378632508
  44.306469 -0.0381938107
  44.3565331 -0.0401771665
  44.4065971 -0.0388549231
  44.4566612 -0.0365409926
  44.5067253 -0.0368715562
  44.5567894 -0.0375326835
  44.6068535 -0.0368715562
  44.6569176 -0.037532676
  44.7069817 -0.0362104401
  44.7570457 -0.0342270732
  44.807106 -0.0345576331
  44.8571701 -0.0342270732
  44.9072342 -0.0329048336
  44.9572983 -0.0332353935
  45.0073624 -0.03224371
  45.0574265 -0.0312520266
  45.1074905 -0.0325742699
  45.1575546 -0.0348881967
  45.2076187 -0.0358798802
  45.2576828 -0.0372021198
  45.3077469 -0.0378632471
  45.357811 -0.0385243632
  45.4078751 -0.0378632396
  45.4579353 -0.0348881893
  45.5079994 -0.0358798765
  45.5580635 -0.0352187529
  45.6081276 -0.0345576368
  45.6581917 -0.0342270732
  45.7082558 -0.0329048298
  45.7583199 -0.0309214685
  45.8083839 -0.0335659534
  45.858448 -0.0338965133
  45.9085121 -0.0342270732
  45.9585762 -0.0348881856
  46.0086403 -0.0365409926
  46.0587044 -0.037532676
  46.1087685 -0.0388549194
  46.1588287 -0.0398466028
  46.2088928 -0.0378632471
  46.2589569 -0.0378632471
  46.309021 -0.0398466028
  46.3590851 -0.0398466028
  46.4091492 -0.0375326835
  46.4592133 -0.0365410037
  46.5092773 -0.0372021273
  46.5593414 -0.0358798802
  46.6094055 -0.033896517
  46.6594696 -0.0338965207
  46.7095337 -0.0332354009
  46.7595978 -0.0332353972
  46.8096619 -0.0335659571
  46.8597221 -0.0332354009
  46.9097862 -0.0342270732
  46.9598503 -0.0348882042
  47.0099144 -0.0348882005
  47.0599785 -0.0345576406
  47.1100426 -0.0358798765
  47.1601067 -0.0355493203
  47.2101707 -0.033896517
  47.2602348 -0.0345576368
  47.3102989 -0.0335659496
  47.360363 -0.0329048336
  47.4104271 -0.0319131501
  47.4604912 -0.0312520303
  47.5105515 -0.0309214722
  47.5606155 -0.0312520266
  47.6106796 -0.0309214666
  47.6607437 -0.0302603431
  47.7108078 -0.0295992214
  47.7608719 -0.0292686597
  47.810936 -0.0289381035
  47.8610001 -0.02794642
  47.9110641 -0.0286075454
  47.9611282 -0.0289381035
  48.0111923 -0.0282769855
  48.0612564 -0.0279464237
  48.1113205 -0.0302603468
  48.1613846 -0.0295992251
  48.2114449 -0.0299297851
  48.2615089 -0.0342270732
  48.311573 -0.0352187566
  48.3616371 -0.0358798802
  48.4117012 -0.0362104364
  48.4617653 -0.0358798802
  48.5118294 -0.0352187566
  48.5618935 -0.0348882005
  48.6119576 -0.0345576331
  48.6620216 -0.0348882005
  48.7120857 -0.0362104401
  48.7621498 -0.0355493203
  48.8122139 -0.0335659571
  48.862278 -0.0332353935
  48.9123383 -0.0335659534
  48.9624023 -0.0355493203
  49.0124664 -0.0329048336
  49.0625305 -0.0329048336
  49.1125946 -0.0322437137
  49.1626587 -0.0319131501
  49.2127228 -0.0315825939
  49.2627869 -0.0315825902
  49.312851 -0.0325742699
  49.362915 -0.0342270695
  49.4129791 -0.0352187566
  49.4630432 -0.0375326872
  49.5131073 -0.0388549231
  49.5631676 -0.0408382863
  49.6132317 -0.0398466028
  49.6632957 -0.0395160392
  49.7133598 -0.0391854793
  49.7634239 -0.036541
  49.813488 -0.0365410037
  49.8635521 -0.0358798876
  49.9136162 -0.0342270806
  49.9636803 -0.0342270844
  50.0137444 -0.0335659571
  50.0638084 -0.0329048336
  50.1138725 -0.0322437137
  50.1639366 -0.0305909105
  50.2140007 -0.0312520303
  50.264061 -0.0299297888
  50.3141251 -0.0299297925
  50.3641891 -0.031252034
  50.4142532 -0.0302603543
  50.4643173 -0.0282769818
  50.5143814 -0.0282769799
  50.5644455 -0.0286075398
  50.6145096 -0.0292686615
  50.6645737 -0.0305909086
  50.7146378 -0.0309214666
  50.7647018 -0.0315825902
  50.8147659 -0.0295992214
  50.86483 -0.0309214685
  50.9148941 -0.030260345
  50.9649544 -0.0322437137
  51.0150185 -0.0325742736
  51.0650826 -0.0335659571
  51.1151466 -0.0345576406
  51.1652107 -0.0368715636
  51.2152748 -0.0375326872
  51.2653389 -0.0345576331
  51.315403 -0.0368715599
  51.3654671 -0.0342270732
  51.4155312 -0.0342270732
  51.4655952 -0.034888193
  51.5156593 -0.0332353935
  51.5657234 -0.0312520303
  51.6157837 -0.0312520303
  51.6658478 -0.0315825902
  51.7159119 -0.0312520303
  51.765976 -0.0309214741
  51.81604 -0.0329048373
  51.8661041 -0.0315825902
  51.9161682 -0.0309214666
  51.9662323 -0.0329048336
  52.0162964 -0.0355493166
  52.0663605 -0.0358798727
  52.1164246 -0.0355493128
  52.1664886 -0.0362104401
  52.2165527 -0.0372021236
  52.2666168 -0.033896517
  52.3166771 -0.0329048336
  52.3667412 -0.033896517
  52.4168053 -0.0335659534
  52.4668694 -0.0345576331
  52.5169334 -0.0355493166
  52.5669975 -0.0342270769
  52.6170616 -0.0335659571
  52.6671257 -0.0342270806
  52.7171898 -0.0342270769
  52.7672539 -0.0355493203
  52.817318 -0.0378632508
  52.867382 -0.0365410112
  52.9174461 -0.0348882042
  52.9675102 -0.0342270769
  53.0175705 -0.0348881967
  53.0676346 -0.0355493128
  53.1176987 -0.0368715562
  53.1677628 -0.036541
  53.2178268 -0.034888193
  53.2678909 -0.0332353897
  53.317955 -0.0329048298
  53.3680191 -0.0335659496
  53.4180832 -0.0305909012
  53.4681473 -0.0312520266
  53.5182114 -0.0309214666
  53.5682755 -0.030260345
  53.6183395 -0.0302603431
  53.6683998 -0.0315825865
  53.7184639 -0.0309214666
  53.768528 -0.0315825902
  53.8185921 -0.0315825902
  53.8686562 -0.0315825902
  53.9187202 -0.0325742774
  53.9687843 -0.0348882005
  54.0188484 -0.0352187529
  54.0689125 -0.034888193
  54.1189766 -0.0381937958
  54.1690407 -0.0368715525
  54.2191048 -0.0368715562
  54.2691689 -0.0345576294
  54.3192329 -0.0352187566
  54.3692932 -0.0342270695
  54.4193573 -0.0319131501
  54.4694214 -0.0319131464
  54.5194855 -0.0295992233
  54.5695496 -0.0279464182
  54.6196136 -0.027615862
  54.6696777 -0.0272852946
  54.7197418 -0.0279464144
  54.7698059 -0.0286075361
  54.81987 -0.0276158564
  54.8699341 -0.0295992196
  54.9199982 -0.0299297813
  54.9700623 -0.0305909049
  55.0201263 -0.0286075417
  55.0701866 -0.0319131501
  55.1202507 -0.0322437026
  55.1703148 -0.0292686634
  55.2203789 -0.0312520303
  55.270443 -0.033896517
  55.320507 -0.0345576368
  55.3705711 -0.036541
  55.4206352 -0.0362104401
  55.4706993 -0.0345576368
  55.5207634 -0.033896517
  55.5708275 -0.0335659571
  55.6208916 -0.0329048261
  55.6709557 -0.0332353935
  55.7210159 -0.0325742699
  55.77108 -0.0315825902
  55.8211441 -0.0305909105
  55.8712082 -0.0329048336
  55.9212723 -0.0319131501
  55.9713364 -0.0329048298
  56.0214005 -0.0352187566
  56.0714645 -0.0365409926
  56.1215286 -0.0372021198
  56.1715927 -0.0385243595
  56.2216568 -0.0385243595
  56.2717209 -0.0414994061
  56.321785 -0.0405077264
  56.3718491 -0.0401771665
  56.4219093 -0.0388549231
  56.4719734 -0.0401771665
  56.5220375 -0.0391854793
  56.5721016 -0.0352187529
  56.6221657 -0.0372021236
  56.6722298 -0.0355493166
  56.7222939 -0.0338965096
  56.7723579 -0.034888193
  56.822422 -0.0322437026
  56.8724861 -0.0325742699
  56.9225502 -0.0312520228
  56.9726143 -0.0309214666
  57.0226784 -0.0309214685
  57.0727425 -0.0295992214
  57.1228027 -0.026954731
  57.1728668 -0.0266241692
  57.2229309 -0.0266241692
  57.272995 -0.0266241729
  57.3230591 -0.0266241767
  57.3731232 -0.0256324969
  57.4231873 -0.0266241804
  57.4732513 -0.0282769799
  57.5233154 -0.0272853002
  57.5733795 -0.0286075398
  57.6234436 -0.0292686597
  57.6735077 -0.0282769762
  57.7235718 -0.0276158564
  57.773632 -0.0272852965
  57.8236961 -0.0299297869
  57.8737602 -0.0325742736
  57.9238243 -0.0319131538
  57.9738884 -0.0319131501
  58.0239525 -0.0319131464
  58.0740166 -0.0302603468
  58.1240807 -0.0319131501
  58.1741447 -0.0312520303
  58.2242088 -0.0332353972
  58.2742729 -0.0312520228
  58.324337 -0.0315825865
  58.3744011 -0.0302603375
  58.4244652 -0.0305909012
  58.4745255 -0.0319131501
  58.5245895 -0.0332353935
  58.5746536 -0.0332354009
  58.6247177 -0.0358798802
  58.6747818 -0.0375326872
  58.7248459 -0.0398466066
  58.77491 -0.0408382863
  58.8249741 -0.0414994098
  58.8750381 -0.0418299697
  58.9251022 -0.0405077264
  58.9751663 -0.0391854793
  59.0252304 -0.0388549156
  59.0752945 -0.0375326835
  59.1253586 -0.0405077226
  59.1754189 -0.0398465991
  59.2254829 -0.0388549194
  59.275547 -0.0388549194
  59.3256111 -0.0388549305
  59.3756752 -0.0388549305
  59.4257393 -0.0405077264
  59.4758034 -0.0428216495
  59.5258675 -0.0428216532
  59.5759315 -0.0414994061
  59.6259956 -0.0424910896
  59.6760597 -0.0431522131
  59.7261238 -0.0457966924
  59.7761879 -0.0464578159
  59.8262482 -0.0474494994
  59.8763123 -0.0481106229
  59.9263763 -0.0477800556
  59.9764404 -0.0467883721
  60.0265045 -0.0454661287
  60.0765686 -0.0438133329
  60.1266327 -0.0431522131
  60.1766968 -0.0428216495
  60.2267609 -0.0431522094
  60.276825 -0.0438133329
  60.326889 -0.0454661325
  60.3769531 -0.044474449
  60.4270172 -0.0434827656
  60.4770813 -0.0428216532
  60.5271416 -0.0441438854
  60.5772057 -0.0444744453
  60.6272697 -0.0444744416
  60.6773338 -0.0431522094
  60.7273979 -0.0428216495
  60.777462 -0.0431522131
  60.8275261 -0.0411688499
  60.8775902 -0.0418299697
  60.9276543 -0.0418299697
  60.9777184 -0.0428216495
  61.0277824 -0.0421605334
  61.0778465 -0.0418299735
  61.1279106 -0.0408382937
  61.1779709 -0.0395160466
  61.228035 -0.0385243632
  61.2780991 -0.0391854793
  61.3281631 -0.0375326835
  61.3782272 -0.0368715636
  61.4282913 -0.0345576331
  61.4783554 -0.0335659496
  61.5284195 -0.0329048336
  61.5784836 -0.0329048336
  61.6285477 -0.0325742736
  61.6786118 -0.0315825976
  61.7286758 -0.0312520303
  61.7787399 -0.0325742736
  61.828804 -0.0305909067
  61.8788643 -0.0305909086
  61.9289284 -0.0315825902
  61.9789925 -0.0312520303
  62.0290565 -0.0315825902
  62.0791206 -0.030260345
  62.1291847 -0.0309214704
  62.1792488 -0.0309214685
  62.2293129 -0.0319131501
  62.279377 -0.0299297813
  62.3294411 -0.0312520228
  62.3795052 -0.0315825827
  62.4295692 -0.03224371
  62.4796333 -0.0315825865
  62.5296974 -0.0312520266
  62.5797577 -0.0325742699
  62.6298218 -0.03224371
  62.6798859 -0.0329048298
  62.72995 -0.0329048261
  62.780014 -0.0335659496
  62.8300781 -0.0355493128
  62.8801422 -0.0362104326
  62.9302063 -0.0365409926
  62.9802704 -0.038193807
  63.0303345 -0.0388549231
  63.0803986 -0.0368715599
  63.1304626 -0.0375326835
  63.1805267 -0.0375326835
  63.230587 -0.0375326835
  63.2806511 -0.0395160466
  63.3307152 -0.0378632508
  63.3807793 -0.0378632471
  63.4308434 -0.0395160466
  63.4809074 -0.0408382826
  63.5309715 -0.0405077264
  63.5810356 -0.0424910784
  63.6310997 -0.0448050089
  63.6811638 -0.0441438891
  63.7312279 -0.0461272523
  63.781292 -0.0461272523
  63.831356 -0.0467883684
  63.8814201 -0.047118932
  63.9314804 -0.0464578085
  63.9815445 -0.0461272448
  64.0316086 -0.0448050052
  64.0816727 -0.0444744453
  64.1317368 -0.0457966924
  64.1818008 -0.0438133255
  64.2318649 -0.044474449
  64.281929 -0.0431522131
  64.3319931 -0.0441438965
  64.3820572 -0.0401771702
  64.4321213 -0.0411688536
  64.4821854 -0.0408382863
  64.5322495 -0.0388549305
  64.5823135 -0.0401771665
  64.6323776 -0.0398466028
  64.6824417 -0.0388549231
  64.7325058 -0.0385243632
  64.7825699 -0.039185483
  64.832634 -0.0375326872
  64.8826981 -0.0378632396
  64.9327621 -0.0372021198
  64.9828186 -0.0362104364
  65.0328827 -0.0352187529
  65.0829468 -0.035879869
  65.1330109 -0.0342270695
  65.183075 -0.0312520266
  65.233139 -0.0302603468
  65.2832031 -0.0289381035
  65.3332672 -0.0272853039
  65.3833313 -0.0269547384
  65.4333954 -0.0266241804
  65.4834595 -0.0282769874
  65.5335236 -0.026954744
  65.5835876 -0.0266241785
  65.6336517 -0.025963055
  65.6837158 -0.0246408097
  65.7337799 -0.0226574503
  65.783844 -0.0219963267
  65.8339081 -0.0200129598
  65.8839722 -0.0196823981
  65.9340363 -0.0160462353
  65.9841003 -0.0157156717
  66.0341644 -0.012079508
  66.0842285 -0.0107572693
  66.1342926 -0.0114183873
  66.1843567 -0.0100961477
  66.2344208 -0.00778223155
  66.2844849 -0.00745166885
  66.3345413 -0.00976558402
  66.3846054 -0.00943502504
  66.4346695 -0.00778222317
  66.4847336 -0.00612941617
  66.5347977 -0.0051377397
  66.5848618 -0.0044766143
  66.6349258 -0.00513773551
  66.6849899 -0.00183213421
  66.735054 -0.00282381265
  66.7851181 -0.0015015743
  66.8351822 -0.000840454188
  66.8852463 -0.00282381172
  66.9353104 -0.00315437047
  66.9853745 -0.00348493177
  67.0354385 -0.00414605066
  67.0855026 -0.00612941571
  67.1355667 -0.00612941617
  67.1856308 -0.00712109916
  67.2356949 -0.00844334532
  67.285759 -0.00877390336
  67.3358231 -0.00844334159
  67.3858871 -0.00844334066
  67.4359512 -0.00811278075
  67.4860153 -0.00712109916
  67.5360794 -0.00844334252
  67.5861435 -0.00811278354
  67.6362076 -0.00778222037
  67.686264 -0.00877390336
  67.7363281 -0.00811278354
  67.7863922 -0.00745166559
  67.8364563 -0.00976558495
  67.8865204 -0.0107572665
  67.9365845 -0.0134017514
  67.9866486 -0.0150545528
  68.0367126 -0.0163767934
  68.0867767 -0.0186907165
  68.1368408 -0.0196823981
  68.1869049 -0.0186907183
  68.236969 -0.0196823981
  68.2870331 -0.0190212764
  68.3370972 -0.0186907165
  68.3871613 -0.0196823999
  68.4372253 -0.0210046433
  68.4872894 -0.0190212801
  68.5373535 -0.0223268885
  68.5874176 -0.0229880046
  68.6374817 -0.0243102517
  68.6875458 -0.0256324969
  68.7376099 -0.0269547384
  68.787674 -0.0269547347
  68.837738 -0.0256324932
  68.8878021 -0.0249713715
  68.9378662 -0.0239796899
  68.9879303 -0.0219963249
  69.0379868 -0.0246408116
  69.0880508 -0.0256324951
  69.1381149 -0.024310248
  69.188179 -0.0249713697
  69.2382431 -0.0253019296
  69.2883072 -0.0262936167
  69.3383713 -0.0269547403
  69.3884354 -0.0266241785
  69.4384995 -0.027615862
  69.4885635 -0.0272853002
  69.5386276 -0.0259630606
  69.5886917 -0.0262936223
  69.6387558 -0.0262936261
  69.6888199 -0.0253019426
  69.738884 -0.0256325025
  69.7889481 -0.024971379
  69.8390121 -0.025963055
  69.8890762 -0.0253019352
  69.9391403 -0.0266241785
  69.9892044 -0.0269547384
  70.0392685 -0.0262936093
  70.0893326 -0.0272852927
  70.1393967 -0.0272852927
  70.1894608 -0.0276158564
  70.2395248 -0.0262936167
  70.2895889 -0.0266241767
  70.339653 -0.0262936167
  70.3897171 -0.0236491282
  70.4397736 -0.0239796899
  70.4898376 -0.0246408097
  70.5399017 -0.0219963286
  70.5899658 -0.0216657668
  70.6400299 -0.0219963267
  70.690094 -0.0216657668
  70.7401581 -0.0226574484
  70.7902222 -0.0213352069
  70.8402863 -0.0226574484
  70.8903503 -0.0229880102
  70.9404144 -0.0223268904
  70.9904785 -0.0226574484
  71.0405426 -0.0216657668
  71.0906067 -0.0219963267
  71.1406708 -0.0210046433
  71.1907349 -0.0219963267
  71.240799 -0.0206740815
  71.290863 -0.0210046452
  71.3409271 -0.0216657668
  71.3909912 -0.0213352051
  71.4410553 -0.0206740815
  71.4911194 -0.0213352051
  71.5411835 -0.0233185738
  71.5912476 -0.0236491319
  71.6413116 -0.0226574503
  71.6913757 -0.0213352069
  71.7414398 -0.0206740834
  71.7914963 -0.0203435197
  71.8415604 -0.0213352069
  71.8916245 -0.0223268867
  71.9416885 -0.0253019407
  71.9917526 -0.0269547459
  72.0418167 -0.0276158657
  72.0918808 -0.0282769874
  72.1419449 -0.0286075417
  72.192009 -0.0309214611
  72.2420731 -0.0305909012
  72.2921371 -0.0309214666
  72.3422012 -0.0315825865
  72.3922653 -0.0299297869
  72.4423294 -0.0325742662
  72.4923935 -0.0329048261
  72.5424576 -0.0329048336
  72.5925217 -0.0329048336
  72.6425858 -0.0329048336
  72.6926498 -0.0345576368
  72.7427139 -0.033896517
  72.792778 -0.0338965096
  72.8428421 -0.0329048298
  72.8929062 -0.0315825902
  72.9429703 -0.0322437212
  72.9930344 -0.0332353972
  73.0430984 -0.0332353972
  73.0931625 -0.0305909105
  73.143219 -0.0315825902
  73.1932831 -0.0309214666
  73.2433472 -0.0319131427
  73.2934113 -0.0315825865
  73.3434753 -0.0319131501
  73.3935394 -0.0325742699
  73.4436035 -0.0329048373
  73.4936676 -0.0338965207
  73.5437317 -0.0332353972
  73.5937958 -0.0315825902
  73.6438599 -0.03224371
  73.693924 -0.0345576331
  73.743988 -0.0335659496
  73.7940521 -0.0325742699
  73.8441162 -0.03224371
  73.8941803 -0.0329048261
  73.9442444 -0.0335659459
  73.9943085 -0.0322437026
  74.0443726 -0.0309214666
  74.0944366 -0.0299297851
  74.1445007 -0.0309214666
  74.1945648 -0.0309214629
  74.2446289 -0.0309214629
  74.294693 -0.0309214666
  74.3447571 -0.0329048298
  74.3948212 -0.0329048261
  74.4448853 -0.0352187566
  74.4949493 -0.0372021236
  74.5450058 -0.0365410075
  74.5950699 -0.0381938107
  74.645134 -0.0378632471
  74.6951981 -0.0395160466
  74.7452621 -0.0385243595
  74.7953262 -0.0352187529
  74.8453903 -0.0335659496
  74.8954544 -0.0335659496
  74.9455185 -0.0322437063
  74.9955826 -0.0338965133
  75.0456467 -0.0322437026
  75.0957108 -0.0312520228
  75.1457748 -0.0299297813
  75.1958389 -0.0299297832
  75.245903 -0.030260345
  75.2959671 -0.03224371
  75.3460312 -0.0315825865
  75.3960953 -0.030260345
  75.4461594 -0.0315825865
  75.4962234 -0.0338965133
  75.5462875 -0.0315825865
  75.5963516 -0.0322437026
  75.6464157 -0.0315825827
  75.6964798 -0.0329048224
  75.7465439 -0.0325742662
  75.796608 -0.0319131464
  75.8466721 -0.0322437026
  75.8967285 -0.0338965096
  75.9467926 -0.0345576294
  75.9968567 -0.0345576331
  76.0469208 -0.0329048261
  76.0969849 -0.0338965133
  76.147049 -0.0319131501
  76.197113 -0.0322437063
  76.2471771 -0.0312520266
  76.2972412 -0.0319131464
  76.3473053 -0.0325742699
  76.3973694 -0.0338965096
  76.4474335 -0.0329048224
  76.4974976 -0.0319131464
  76.5475616 -0.0322437063
  76.5976257 -0.0312520303
  76.6476898 -0.0322437175
  76.6977539 -0.0329048336
  76.747818 -0.0329048336
  76.7978821 -0.0319131464
  76.8479462 -0.0322437026
  76.8980103 -0.0322437026
  76.9480743 -0.0325742699
  76.9981384 -0.0362104475
  77.0482025 -0.0342270806
  77.0982666 -0.0345576406
  77.1483307 -0.0345576406
  77.1983948 -0.0319131501
  77.2484512 -0.03224371
  77.2985153 -0.0319131501
  77.3485794 -0.0319131464
  77.3986435 -0.0319131464
  77.4487076 -0.0329048261
  77.4987717 -0.0332353935
  77.5488358 -0.0302603431
  77.5988998 -0.0329048336
  77.6489639 -0.033896517
  77.699028 -0.0345576331
  77.7490921 -0.0329048298
  77.7991562 -0.0348882005
  77.8492203 -0.0345576331
  77.8992844 -0.0362104364
  77.9493484 -0.0329048261
  77.9994125 -0.0332353897
  78.0494766 -0.0332353935
  78.0995407 -0.0348881967
  78.1496048 -0.0348881967
  78.1996689 -0.0348881967
  78.249733 -0.0329048261
  78.2997971 -0.0312520266
  78.3498611 -0.0309214704
  78.3999252 -0.0299297925
  78.4499893 -0.0295992307
  78.5000534 -0.0309214704
  78.5501175 -0.0309214685
  78.6001816 -0.0315825902
  78.650238 -0.0315825976
  78.7003021 -0.0332353972
  78.7503662 -0.0335659608
  78.8004303 -0.0322437175
  78.8504944 -0.032904841
  78.9005585 -0.0315825976
  78.9506226 -0.029599227
  79.0006866 -0.029268669
  79.0507507 -0.0289381016
  79.1008148 -0.0292686652
  79.1508789 -0.0289381016
  79.200943 -0.0292686615
  79.2510071 -0.0282769781
  79.3010712 -0.0299297832
  79.3511353 -0.0299297851
  79.4011993 -0.0309214629
  79.4512634 -0.03224371
  79.5013275 -0.0352187566
  79.5513916 -0.0355493166
  79.6014557 -0.0348881967
  79.6515198 -0.033896517
  79.7015839 -0.0329048298
  79.7516479 -0.0329048298
  79.801712 -0.0342270732
  79.8517761 -0.0322437137
  79.9018402 -0.0325742736
  79.9519043 -0.0315825902
  80.0019608 -0.0335659571
  80.0520248 -0.0332354009
  80.1020889 -0.0332353972
  80.152153 -0.0345576406
  80.2022171 -0.0355493166
  80.2522812 -0.034888193
  80.3023453 -0.0348881967
  80.3524094 -0.0342270732
  80.4024734 -0.0352187641
  80.4525375 -0.0358798802
  80.5026016 -0.0355493203
  80.5526657 -0.0332353935
  80.6027298 -0.034888193
  80.6527939 -0.0348881967
  80.702858 -0.0358798765
  80.7529221 -0.0358798765
  80.8029861 -0.0352187566
  80.8530502 -0.0342270732
  80.9031143 -0.0329048261
  80.9531784 -0.0345576331
  81.0032425 -0.033235386
  81.0533066 -0.034888193
  81.1033707 -0.0362104364
  81.1534348 -0.036541
  81.2034988 -0.0372021198
  81.2535629 -0.0358798765
  81.303627 -0.0358798765
  81.3536835 -0.0355493166
  81.4037476 -0.0342270732
  81.4538116 -0.0309214704
  81.5038757 -0.0276158657
  81.5539398 -0.0302603468
  81.6040039 -0.0299297851
  81.654068 -0.0286075473
  81.7041321 -0.0262936205
  81.7541962 -0.0289381072
  81.8042603 -0.0299297925
  81.8543243 -0.0302603561
  81.9043884 -0.0319131576
  81.9544525 -0.0345576443
  82.0045166 -0.0365410037
  82.0545807 -0.0378632471
  82.1046448 -0.0352187604
  82.1547089 -0.0352187566
  82.2047729 -0.0322437137
  82.254837 -0.0338965096
  82.3049011 -0.0338965058
  82.3549652 -0.034888193
  82.4050293 -0.0348881893
  82.4550934 -0.029599227
  82.5051575 -0.0315825939
  82.5552216 -0.0315825976
  82.6052856 -0.0319131538
  82.6553497 -0.0329048373
  82.7054138 -0.0325742811
  82.7554703 -0.0305909105
  82.8055344 -0.0322437212
  82.8555984 -0.0329048373
  82.9056625 -0.03224371
  82.9557266 -0.0329048298
  83.0057907 -0.0329048298
  83.0558548 -0.0322437063
  83.1059189 -0.0325742662
  83.155983 -0.03224371
  83.2060471 -0.0315825865
  83.2561111 -0.0302603431
  83.3061752 -0.0309214611
  83.3562393 -0.0312520228
  83.4063034 -0.03224371
  83.4563675 -0.033896517
  83.5064316 -0.0332353897
  83.5564957 -0.0305909049
  83.6065598 -0.0315825902
  83.6566238 -0.0332353897
  83.7066879 -0.0342270732
  83.756752 -0.0315825865
  83.8068161 -0.0319131464
  83.8568802 -0.0319131464
  83.9069443 -0.0312520228
  83.9570084 -0.0299297832
  84.0070724 -0.0302603431
  84.0571365 -0.0299297832
  84.107193 -0.0319131501
  84.1572571 -0.0312520303
  84.2073212 -0.0329048298
  84.2573853 -0.0322437063
  84.3074493 -0.0358798727
  84.3575134 -0.0368715525
  84.4075775 -0.0385243632
  84.4576416 -0.0395160466
  84.5077057 -0.0405077301
  84.5577698 -0.0418299697
  84.6078339 -0.0424910896
  84.6578979 -0.0398466028
  84.707962 -0.0398466066
  84.7580261 -0.0414994061
  84.8080902 -0.0408382863
  84.8581543 -0.0411688499
  84.9082184 -0.0385243632
  84.9582825 -0.0355493166
  85.0083466 -0.0332353972
  85.0584106 -0.03224371
  85.1084747 -0.0345576368
  85.1585388 -0.0338965133
  85.2086029 -0.0322437137
  85.258667 -0.0312520303
  85.3087311 -0.0309214666
  85.3587952 -0.0315825865
  85.4088593 -0.0332353897
  85.4589157 -0.0332353935
  85.5089798 -0.0342270732
  85.5590439 -0.0325742736
  85.609108 -0.0335659571
  85.6591721 -0.0345576406
  85.7092361 -0.0335659571
  85.7593002 -0.0319131501
  85.8093643 -0.0335659571
  85.8594284 -0.0345576406
  85.9094925 -0.0345576368
  85.9595566 -0.0355493166
  86.0096207 -0.0362104364
  86.0596848 -0.0368715562
  86.1097488 -0.0368715599
  86.1598129 -0.0355493166
  86.209877 -0.0345576368
  86.2599411 -0.035549324
  86.3100052 -0.0332353935
  86.3600693 -0.0319131501
  86.4101334 -0.0332353935
  86.4601974 -0.0312520303
  86.5102615 -0.0305909123
  86.5603256 -0.0319131538
  86.6103897 -0.0322437175
  86.6604538 -0.0342270769
  86.7105179 -0.0345576406
  86.760582 -0.0345576406
  86.8106384 -0.0342270806
  86.8607025 -0.033896517
  86.9107666 -0.0362104364
  86.9608307 -0.0372021198
  87.0108948 -0.0372021198
  87.0609589 -0.0385243632
  87.1110229 -0.0362104401
  87.161087 -0.0348881967
  87.2111511 -0.0342270732
  87.2612152 -0.0345576331
  87.3112793 -0.0362104401
  87.3613434 -0.036541
  87.4114075 -0.0375326835
  87.4614716 -0.0372021236
  87.5115356 -0.0362104364
  87.5615997 -0.0372021161
  87.6116638 -0.0368715562
  87.6617279 -0.0368715562
  87.711792 -0.0352187529
  87.7618561 -0.0355493166
  87.8119202 -0.0378632471
  87.8619843 -0.0355493091
  87.9120483 -0.0338965096
  87.9621124 -0.0329048298
  88.0121765 -0.0319131501
  88.0622406 -0.0325742774
  88.1123047 -0.0342270806
  88.1623688 -0.0329048336
  88.2124252 -0.0342270769
  88.2624893 -0.03224371
  88.3125534 -0.0332353935
  88.3626175 -0.0329048336
  88.4126816 -0.0362104401
  88.4627457 -0.0372021198
  88.5128098 -0.0375326835
  88.5628738 -0.0368715636
  88.6129379 -0.0378632396
  88.663002 -0.0372021198
  88.7130661 -0.0368715562
  88.7631302 -0.0352187604
  88.8131943 -0.0358798802
  88.8632584 -0.0368715562
  88.9133224 -0.0375326835
  88.9633865 -0.0372021161
  89.0134506 -0.0352187604
  89.0635147 -0.0365410037
  89.1135788 -0.0352187641
  89.1636429 -0.0352187641
  89.213707 -0.0342270806
  89.2637711 -0.03224371
  89.3138351 -0.0319131501
  89.3638992 -0.0319131538
  89.4139633 -0.0305909105
  89.4640274 -0.0295992307
  89.5140915 -0.029599227
  89.5641479 -0.0305909067
  89.614212 -0.0315825865
  89.6642761 -0.0305909012
  89.7143402 -0.0309214666
  89.7644043 -0.03224371
  89.8144684 -0.0352187604
  89.8645325 -0.0358798802
  89.9145966 -0.0355493203
  89.9646606 -0.0358798802
  90.0147247 -0.0362104364
  90.0647888 -0.0355493166
  90.1148529 -0.0345576368
  90.164917 -0.0355493203
  90.2149811 -0.0348881967
  90.2650452 -0.036541
  90.3151093 -0.033896517
  90.3651733 -0.0345576406
  90.4152374 -0.0329048298
  90.4653015 -0.0348881967
  90.5153656 -0.0342270732
  90.5654297 -0.0335659496
  90.6154938 -0.0342270732
  90.6655579 -0.033896517
  90.7156219 -0.0322437137
  90.765686 -0.0335659534
  90.8157501 -0.0319131464
  90.8658142 -0.0325742625
  90.9158707 -0.0348881856
  90.9659348 -0.0345576257
  91.0159988 -0.0355493091
  91.0660629 -0.0368715562
  91.116127 -0.036541
  91.1661911 -0.0368715599
  91.2162552 -0.0375326835
  91.2663193 -0.0378632471
  91.3163834 -0.0391854942
  91.3664474 -0.0388549305
  91.4165115 -0.0378632508
  91.4665756 -0.0368715636
  91.5166397 -0.0342270769
  91.5667038 -0.0345576406
  91.6167679 -0.0352187566
  91.666832 -0.0355493166
  91.7168961 -0.0362104401
  91.7669601 -0.0338965133
  91.8170242 -0.0338965096
  91.8670883 -0.0355493128
  91.9171524 -0.0355493166
  91.9672165 -0.0342270732
  92.0172806 -0.0355493203
  92.0673447 -0.036541
  92.1174088 -0.0362104364
  92.1674728 -0.0375326835
  92.2175369 -0.038193807
  92.267601 -0.0368715636
  92.3176575 -0.0348882042
  92.3677216 -0.035549324
  92.4177856 -0.0355493277
  92.4678497 -0.0362104475
  92.5179138 -0.0345576406
  92.5679779 -0.0362104401
  92.618042 -0.0375326835
  92.6681061 -0.0378632396
  92.7181702 -0.0378632508
  92.7682343 -0.0378632508
  92.8182983 -0.0372021273
  92.8683624 -0.0378632508
  92.9184265 -0.0375326909
  92.9684906 -0.0362104438
  93.0185547 -0.0362104401
  93.0686188 -0.0368715636
  93.1186829 -0.0342270769
  93.1687469 -0.0335659571
  93.218811 -0.0355493166
  93.2688751 -0.0355493166
  93.3189392 -0.0352187566
  93.3690033 -0.0358798765
  93.4190674 -0.0365410037
  93.4691315 -0.036541
  93.5191956 -0.0368715636
  93.5692596 -0.0358798802
  93.6193237 -0.0362104438
  93.6693802 -0.0355493166
  93.7194443 -0.034888193
  93.7695084 -0.0345576331
  93.8195724 -0.0358798802
  93.8696365 -0.033896517
  93.9197006 -0.0342270806
  93.9697647 -0.0342270732
  94.0198288 -0.0342270732
  94.0698929 -0.0335659534
  94.119957 -0.0329048336
  94.1700211 -0.0329048261
  94.2200851 -0.034888193
  94.2701492 -0.0352187529
  94.3202133 -0.0352187529
  94.3702774 -0.0355493166
  94.4203415 -0.0385243595
  94.4704056 -0.0401771665
  94.5204697 -0.0398466066
  94.5705338 -0.0401771665
  94.6205978 -0.0388549231
  94.6706619 -0.0372021236
  94.720726 -0.0355493203
  94.7707901 -0.0348881967
  94.8208542 -0.0345576406
  94.8709183 -0.0358798765
  94.9209824 -0.0352187566
  94.9710464 -0.0352187566
  95.0211029 -0.036541
  95.071167 -0.036541
  95.1212311 -0.0378632359
  95.1712952 -0.039185483
  95.2213593 -0.0398465991
  95.2714233 -0.0401771627
  95.3214874 -0.0381937958
  95.3715515 -0.0388549231
  95.4216156 -0.0411688536
  95.4716797 -0.04083829
  95.5217438 -0.04083829
  95.5718079 -0.0411688536
  95.6218719 -0.0401771665
  95.671936 -0.0398466066
  95.7220001 -0.0395160466
  95.7720642 -0.0381937996
  95.8221283 -0.038193807
  95.8721924 -0.0372021198
  95.9222565 -0.0375326835
  95.9723206 -0.0362104438
  96.0223846 -0.0362104438
  96.0724487 -0.0345576406
  96.1225128 -0.033896517
  96.1725769 -0.0348882005
  96.222641 -0.037202131
  96.2727051 -0.0368715674
  96.3227692 -0.0352187604
  96.3728333 -0.0375326835
  96.4228897 -0.0381937996
  96.4729538 -0.038193807
  96.5230179 -0.038193807
  96.573082 -0.0381937996
  96.6231461 -0.038193807
  96.6732101 -0.0398466066
  96.7232742 -0.0398466066
  96.7733383 -0.0388549305
  96.8234024 -0.0388549305
  96.8734665 -0.04083829
  96.9235306 -0.0388549194
  96.9735947 -0.038193807
  97.0236588 -0.0408382863
  97.0737228 -0.0388549231
  97.1237869 -0.0385243632
  97.173851 -0.0375326835
  97.2239151 -0.0362104401
  97.2739792 -0.0358798802
  97.3240433 -0.0368715636
  97.3741074 -0.0388549231
  97.4241714 -0.0411688462
  97.4742355 -0.0391854756
  97.5242996 -0.0398465991
  97.5743637 -0.0414994098
  97.6244278 -0.0424910896
  97.6744919 -0.0434827618
  97.724556 -0.0434827656
  97.7746124 -0.0428216495
  97.8246765 -0.0421605296
  97.8747406 -0.0457966924
  97.9248047 -0.0431522131
  97.9748688 -0.0414994098
  98.0249329 -0.0401771702
  98.0749969 -0.0385243744
  98.125061 -0.0368715711
  98.1751251 -0.0362104438
  98.2251892 -0.0362104401
  98.2752533 -0.0345576331
  98.3253174 -0.0332353897
  98.3753815 -0.033896517
  98.4254456 -0.0345576368
  98.4755096 -0.0325742736
  98.5255737 -0.0335659534
  98.5756378 -0.0332353935
  98.6257019 -0.0342270695
  98.675766 -0.0342270695
  98.7258301 -0.033235386
  98.7758942 -0.0335659496
  98.8259583 -0.0329048298
  98.8760223 -0.033235386
  98.9260864 -0.0329048298
  98.9761505 -0.0338965096
  99.0262146 -0.0342270732
  99.0762787 -0.0332353935
  99.1263351 -0.0338965207
  99.1763992 -0.0362104438
  99.2264633 -0.037202131
  99.2765274 -0.0368715674
  99.3265915 -0.0368715636
  99.3766556 -0.0348881967
  99.4267197 -0.0358798802
  99.4767838 -0.0368715599
  99.5268478 -0.0378632396
  99.5769119 -0.0391854867
  99.626976 -0.0388549231
  99.6770401 -0.0414994135
  99.7271042 -0.0405077264
  99.7771683 -0.0405077301
  99.8272324 -0.0398466066
  99.8772964 -0.0391854942
  99.9273605 -0.0395160466
  99.9774246 -0.0378632471
  100.027489 -0.0368715599
  100.077553 -0.0362104401
  100.127617 -0.0352187566
  100.177681 -0.0338965133
  100.227745 -0.0338965133
  100.277809 -0.0335659496
  100.327873 -0.0358798839
  100.377937 -0.0358798802
  100.428001 -0.0352187566
  100.478065 -0.0345576331
  100.528122 -0.0358798727
  100.578186 -0.0358798802
  100.62825 -0.036541
  100.678314 -0.0358798802
  100.728378 -0.0365410037
  100.778442 -0.0358798802
  100.828506 -0.0345576406
  100.878571 -0.0342270732
  100.928635 -0.0342270769
  100.978699 -0.033896517
  101.028763 -0.0355493166
  101.078827 -0.0342270769
  101.128891 -0.0319131501
  101.178955 -0.0342270806
  101.229019 -0.03224371
  101.279083 -0.0342270769
  101.329147 -0.0345576406
  101.379211 -0.0355493203
  101.429276 -0.0355493277
  101.47934 -0.0375326909
  101.529404 -0.0358798876
  101.579468 -0.0365410037
  101.629532 -0.0385243632
  101.679596 -0.0375326872
  101.72966 -0.0372021273
  101.779724 -0.0375326872
  101.829788 -0.0375326872
  101.879845 -0.0375326872
  101.929909 -0.0381938145
  101.979973 -0.0395160541
  102.030037 -0.0381938107
  102.080101 -0.0378632471
  102.130165 -0.038193807
  102.180229 -0.0365410037
  102.230293 -0.0362104401
  102.280357 -0.0365410037
  102.330421 -0.034888193
  102.380486 -0.034888193
  102.43055 -0.0362104401
  102.480614 -0.0352187604
  102.530678 -0.0365410037
  102.580742 -0.0358798802
  102.630806 -0.0355493166
  102.68087 -0.0355493128
  102.730934 -0.034888193
  102.780998 -0.0352187566
  102.831062 -0.0348881967
  102.881126 -0.0352187566
  102.93119 -0.0355493203
  102.981255 -0.0372021236
  103.031319 -0.0385243595
  103.081383 -0.039185483
  103.131447 -0.0401771627
  103.181511 -0.0421605259
  103.231567 -0.0438133329
  103.281631 -0.0438133329
  103.331696 -0.0418299697
  103.38176 -0.0428216495
  103.431824 -0.0428216532
  103.481888 -0.0405077301
  103.531952 -0.0345576368
  103.582016 -0.0325742736
  103.63208 -0.0332353935
  103.682144 -0.0332353935
  103.732208 -0.0355493166
  103.782272 -0.0342270806
  103.832336 -0.033896517
  103.882401 -0.0335659496
  103.932465 -0.0355493203
  103.982529 -0.0372021236
  104.032593 -0.0375326872
  104.082657 -0.0391854793
  104.132721 -0.0395160429
  104.182785 -0.039185483
  104.232849 -0.0414994061
  104.282913 -0.0388549305
  104.332977 -0.0378632471
  104.383041 -0.0372021236
  104.433105 -0.0378632471
  104.48317 -0.0358798802
  104.533234 -0.0352187529
  104.58329 -0.0342270732
  104.633354 -0.0372021236
  104.683418 -0.0368715636
  104.733482 -0.0368715636
  104.783546 -0.036541
  104.833611 -0.0355493203
  104.883675 -0.0375326872
  104.933739 -0.0372021198
  104.983803 -0.0372021161
  105.033867 -0.038193807
  105.083931 -0.0405077264
  105.133995 -0.0414994098
