  0.0500638075  0.0254040025
  0.100127615  0.0267008189
  0.150191426  0.0286460444
  0.20025523  0.0305912606
  0.250319034  0.0308073945
  0.300382853  0.0314557962
  0.350446641  0.0349139646
  0.40051046  0.0346978344
  0.450574279  0.03556237
  0.500638068  0.0353462398
  0.550701857  0.0370753258
  0.600765705  0.037291456
  0.650829494  0.0383721367
  0.700893283  0.0383721329
  0.750957131  0.0398850851
  0.80102092  0.040965762
  0.851084709  0.0411818884
  0.901148558  0.0418302976
  0.951212347  0.0420464352
  1.00127614  0.0420464352
  1.05133998  0.0433432497
  1.10140371  0.0431271121
  1.15146756  0.0429109819
  1.20153141  0.0433432572
  1.25159514  0.0442078039
  1.30165899  0.0429109894
  1.35172284  0.043127127
  1.40178657  0.0442078076
  1.45185041  0.0433432683
  1.50191426  0.0429109931
  1.55197799  0.0416141711
  1.60204184  0.0416141711
  1.65210569  0.0405334942
  1.70216942  0.0385882743
  1.75223327  0.0383721441
  1.80229712  0.0381559953
  1.85236084  0.0381559953
  1.90242469  0.0381559916
  1.95248854  0.0381559916
  2.00255227  0.0379398614
  2.05261612  0.0375075936
  2.10267997  0.0364269093
  2.15274382  0.0349139608
  2.20280743  0.0344816856
  2.25287127  0.0340494178
  2.30293512  0.0318880677
  2.35299897  0.0299428515
  2.40306282  0.0284299031
  2.45312667  0.0286460407
  2.50319028  0.028646037
  2.55325413  0.0284299068
  2.60331798  0.0273492318
  2.65338182  0.0279976372
  2.70344567  0.0273492299
  2.75350952  0.0264846832
  2.80357313  0.0251878649
  2.85363698  0.02432332
  2.90370083  0.0232426431
  2.95376468  0.0217296947
  3.00382853  0.0206490178
  3.05389237  0.0197844729
  3.10395598  0.019568339
  3.15401983  0.0182715114
  3.20408368  0.017623106
  3.25414753  0.0163262896
  3.30421138  0.015245609
  3.35427499  0.0141649293
  3.40433884  0.0139487926
  3.45440269  0.0124358376
  3.50446653  0.0117874304
  3.55453038  0.0117874295
  3.60459423  0.0104906121
  3.65465784  0.0107067488
  3.70472169  0.0111390222
  3.75478554  0.0120035671
  3.80484939  0.0115712956
  3.85491323  0.0109228846
  3.90497708  0.0100583369
  3.95504069  0.00962606445
  4.00510454  0.00962606724
  4.05516863  0.00897765625
  4.10523224  0.00832924247
  4.15529585  0.00984219927
  4.20535994  0.00919378921
  4.25542355  0.00940992497
  4.30548763  0.00919378549
  4.35555124  0.00962605793
  4.40561485  0.0107067432
  4.45567894  0.0122196963
  4.50574255  0.0128681036
  4.55580664  0.0120035587
  4.60587025  0.0107067414
  4.65593433  0.0100583313
  4.70599794  0.00940992311
  4.75606155  0.00897765066
  4.80612564  0.0102744717
  4.85618925  0.0107067432
  4.90625334  0.0117874248
  4.95631695  0.0126519725
  5.00638056  0.0133003835
  5.05644464  0.0143810622
  5.10650826  0.0158940144
  5.15657234  0.0171908289
  5.20663595  0.0180553757
  5.25669956  0.018487649
  5.30676365  0.0182715114
  5.35682726  0.0187037867
  5.40689135  0.0191360638
  5.45695496  0.0182715114
  5.50701904  0.0171908326
  5.55708265  0.0174069684
  5.60714626  0.016326284
  5.65721035  0.0171908308
  5.70727396  0.0167585555
  5.75733805  0.0165424179
  5.80740166  0.0156778749
  5.85746527  0.0152456015
  5.90752935  0.016326284
  5.95759296  0.0174069665
  6.00765705  0.0180553719
  6.05772066  0.0189199243
  6.10778475  0.020649014
  6.15784836  0.0208651554
  6.20791197  0.0228103753
  6.25797606  0.0243233237
  6.30803967  0.0251878686
  6.35810375  0.0269169584
  6.40816736  0.0262685511
  6.45823097  0.0277814995
  6.50829506  0.0288621727
  6.55835867  0.02951058
  6.60842276  0.0308073945
  6.65848637  0.0316719376
  6.70854998  0.0318880714
  6.75861406  0.0318880677
  6.80867767  0.0329687446
  6.85874176  0.0325364731
  6.90880537  0.0338332914
  6.95886946  0.0351301096
  7.00893307  0.035778515
  7.05899668  0.0359946527
  7.10906076  0.0355623811
  7.15912437  0.0362107866
  7.20918846  0.0366430543
  7.25925207  0.037291456
  7.30931568  0.0379398614
  7.35937977  0.0398850888
  7.40944338  0.039452821
  7.45950747  0.0416141748
  7.50957108  0.0426948555
  7.55963516  0.0452884808
  7.60969877  0.0472337045
  7.65976238  0.0487466604
  7.70982647  0.049827341
  7.75989008  0.0504757389
  7.80995417  0.0526371002
  7.86001778  0.055230733
  7.91008139  0.0573920943
  7.96014547  0.0597695895
  8.01020908  0.0614986867
  8.06027317  0.062579371
  8.11033726  0.0671182349
  8.16040039  0.0686311871
  8.21046448  0.0714409575
  8.26052856  0.0736023262
  8.3105917  0.0746830031
  8.36065578  0.076628238
  8.41071987  0.0809509605
  8.460783  0.0833284631
  8.51084709  0.0867866427
  8.56091118  0.0911093503
  8.61097527  0.0941352397
  8.6610384  0.100619309
  8.71110249  0.105590418
  8.76116657  0.110345401
  8.81122971  0.114668109
  8.86129379  0.119423084
  8.91135788  0.125042617
  8.96142197  0.130013734
  9.0114851  0.136065543
  9.06154919  0.141468942
  9.11161327  0.146872327
  9.16167641  0.154004812
  9.21174049  0.16156958
  9.26180458  0.169134334
  9.31186867  0.177347526
  9.3619318  0.184480026
  9.41199589  0.196151376
  9.46205997  0.204148397
  9.51212311  0.214955196
  9.56218719  0.226194263
  9.61225128  0.237649456
  9.66231441  0.248240143
  9.7123785  0.261856735
  9.76244259  0.274824917
  9.81250668  0.289738357
  9.86256981  0.305732429
  9.9126339  0.31999746
  9.96269798  0.338152915
  10.0127611  0.355876029
  10.0628252  0.371221632
  10.1128893  0.390025496
  10.1629534  0.409261495
  10.2130165  0.429362208
  10.2630806  0.448598355
  10.3131447  0.467186004
  10.3632078  0.488151222
  10.4132719  0.509764791
  10.463336  0.529649377
  10.5133991  0.551263034
  10.5634632  0.573308885
  10.6135273  0.596003115
  10.6635914  0.620642781
  10.7136545  0.646146715
  10.7637186  0.670354068
  10.8137827  0.695642054
  10.8638458  0.722442865
  10.9139099  0.748163044
  10.963974  0.774964094
  11.0140381  0.803926349
  11.0641012  0.83072722
  11.1141653  0.858392537
  11.1642294  0.884545088
  11.2142925  0.912642777
  11.2643566  0.939443529
  11.3144207  0.964515209
  11.3644838  0.990884185
  11.4145479  1.01811707
  11.464612  1.04491806
  11.5146761  1.06912529
  11.5647392  1.09441364
  11.6148033  1.11883688
  11.6648674  1.14261162
  11.7149305  1.16530597
  11.7649946  1.18756855
  11.8150587  1.20874953
  11.8651228  1.23036277
  11.9151859  1.25111187
  11.96525  1.2707808
  12.0153141  1.28980064
  12.0653772  1.30730748
  12.1154413  1.32567906
  12.1655054  1.34318638
  12.2155695  1.35896444
  12.2656326  1.37409389
  12.3156967  1.38619769
  12.3657608  1.40175939
  12.4158239  1.41364694
  12.465888  1.42402077
  12.5159521  1.43374658
  12.5660152  1.44433761
  12.6160793  1.45341539
  12.6661434  1.46054745
  12.7162075  1.46984124
  12.7662706  1.47697389
  12.8163347  1.48453856
  12.8663988  1.49102283
  12.9164619  1.49556172
  12.966526  1.50031686
  13.0165901  1.50420713
  13.0666542  1.50723338
  13.1167173  1.51198804
  13.1667814  1.51566207
  13.2168455  1.51868784
  13.2669086  1.52257848
  13.3169727  1.5260365
  13.3670368  1.53014314
  13.4171  1.53316903
  13.467164  1.53835607
  13.5172281  1.54419172
  13.5672922  1.54808211
  13.6173553  1.55391777
  13.6674194  1.55932117
  13.7174835  1.56796634
  13.7675467  1.57380188
  13.8176107  1.5841769
  13.8676748  1.59217405
  13.9177389  1.60427761
  13.967802  1.61616457
  14.0178661  1.62826896
  14.0679302  1.64361405
  14.1179934  1.65723085
  14.1680574  1.67344153
  14.2181215  1.6900847
  14.2681856  1.70694268
  14.3182487  1.72682679
  14.3683128  1.74800766
  14.4183769  1.76962185
  14.4684401  1.79274809
  14.5185041  1.8173877
  14.5685682  1.84570193
  14.6186314  1.8744483
  14.6686954  1.90319431
  14.7187595  1.93583071
  14.7688236  1.96825111
  14.8188868  2.0036974
  14.8689508  2.03936028
  14.9190149  2.07761693
  14.9690781  2.11457562
  15.0191422  2.15304852
  15.0692062  2.19389701
  15.1192703  2.23345065
  15.1693335  2.2725718
  15.2193975  2.31298852
  15.2694616  2.35340619
  15.3195248  2.39274263
  15.3695889  2.43164778
  15.4196529  2.47206521
  15.4697161  2.51183462
  15.5197802  2.55160236
  15.5698442  2.59223676
  15.6199083  2.6302762
  15.6699715  2.66809988
  15.7200356  2.7052753
  15.7700996  2.74028969
  15.8201628  2.77573538
  15.8702269  2.80729079
  15.9202909  2.83798337
  15.970355  2.86802459
  16.0204182  2.89417791
  16.0704823  2.91860127
  16.1205463  2.94021487
  16.1706104  2.95966721
  16.2206745  2.97868729
  16.2707367  2.99295282
  16.3208008  3.0063529
  16.3708649  3.02061725
  16.420929  3.02818203
  16.470993  3.0353148
  16.5210571  3.04028583
  16.5711212  3.04266334
  16.6211834  3.04223108
  16.6712475  3.03920531
  16.7213116  3.03445053
  16.7713757  3.02710199
  16.8214397  3.0178082
  16.8715038  3.00332689
  16.921566  2.98776507
  16.9716301  2.96917748
  17.0216942  2.94907618
  17.0717583  2.92486954
  17.1218224  2.89720321
  17.1718864  2.8673768
  17.2219505  2.83603787
  17.2720127  2.80188727
  17.3220768  2.76384735
  17.3721409  2.72472692
  17.422205  2.68301249
  17.4722691  2.6400013
  17.5223331  2.59374833
  17.5723972  2.54900956
  17.6224594  2.50059557
  17.6725235  2.45326138
  17.7225876  2.40290141
  17.7726517  2.35210919
  17.8227158  2.30261421
  17.8727798  2.25138974
  17.9228439  2.20038199
  17.9729061  2.14786053
  18.0229702  2.09577179
  18.0730343  2.04195404
  18.1230984  1.98835182
  18.1731625  1.93626344
  18.2232265  1.88417399
  18.2732906  1.83294988
  18.3233528  1.78388667
  18.3734169  1.73612118
  18.423481  1.69008434
  18.4735451  1.64512765
  18.5236092  1.60211563
  18.5736732  1.56061828
  18.6237373  1.52041721
  18.6737995  1.48259318
  18.7238636  1.44455397
  18.7739277  1.40889168
  18.8239918  1.37409401
  18.8740559  1.341241
  18.9241199  1.31076562
  18.9741821  1.27942634
  19.0242462  1.25262523
  19.0743103  1.22690415
  19.1243744  1.20356226
  19.1744385  1.18281329
  19.2245026  1.16314483
  19.2745667  1.14650202
  19.3246288  1.13288546
  19.3746929  1.12121451
  19.424757  1.10997534
  19.4748211  1.09938478
  19.5248852  1.09246838
  19.5749493  1.08663273
  19.6250134  1.08122909
  19.6750755  1.07777095
  19.7251396  1.07452881
  19.7752037  1.07279968
  19.8252678  1.07301569
  19.8753319  1.07323182
  19.925396  1.07496095
  19.9754601  1.07777083
  20.0255222  1.08014834
  20.0755863  1.08468723
  20.1256504  1.08814538
  20.1757145  1.09246838
  20.2257786  1.09527814
  20.2758427  1.09960079
  20.3259068  1.10370755
  20.3759689  1.10759795
  20.426033  1.11019158
  20.4760971  1.11170447
  20.5261612  1.11192048
  20.5762253  1.11408186
  20.6262894  1.11451411
  20.6763535  1.11537862
  20.7264156  1.11494648
  20.7764797  1.11278522
  20.8265438  1.11083996
  20.8766079  1.10651708
  20.926672  1.10262668
  20.9767361  1.09787178
  21.0267982  1.08857787
  21.0768623  1.08036458
  21.1269264  1.06912541
  21.1769905  1.05875075
  21.2270546  1.04491794
  21.2771187  1.03238201
  21.3271828  1.01660419
  21.3772449  1.00082636
  21.427309  0.983967841
  21.4773731  0.967108965
  21.5274372  0.948953211
  21.5775013  0.92734015
  21.6275654  0.905294418
  21.6776295  0.883464515
  21.7276917  0.859905183
  21.7777557  0.836130679
  21.8278198  0.810842931
  21.8778839  0.78490591
  21.927948  0.758105218
  21.9780121  0.731304646
  22.0280762  0.703638971
  22.0781384  0.677054226
  22.1282024  0.652198732
  22.1782665  0.627775311
  22.2283306  0.60227108
  22.2783947  0.576118648
  22.3284588  0.550614536
  22.3785229  0.526407301
  22.4285851  0.501983821
  22.4786491  0.476479918
  22.5287132  0.454001606
  22.5787773  0.431307465
  22.6288414  0.410342127
  22.6789055  0.3874318
  22.7289677  0.365602225
  22.7790318  0.345933884
  22.8290958  0.325400949
  22.8791599  0.305732489
  22.929224  0.288657635
  22.9792881  0.272015125
  23.0293522  0.254291952
  23.0794144  0.240026951
  23.1294785  0.224681303
  23.1795425  0.212361544
  23.2296066  0.199609518
  23.2796707  0.188586608
  23.3297348  0.179292738
  23.3797989  0.171944112
  23.4298611  0.162001848
  23.4799252  0.153356403
  23.5299892  0.147304609
  23.5800533  0.141468942
  23.6301174  0.135417134
  23.6801815  0.130229875
  23.7302456  0.126555562
  23.7803078  0.121800572
  23.8303719  0.120071501
  23.8804359  0.116613343
  23.9305  0.11445199
  23.9805641  0.11488425
  24.0306282  0.11639718
  24.0806923  0.115748771
  24.1307545  0.115316495
  24.1808186  0.115964904
  24.2308826  0.118342407
  24.2809467  0.118774682
  24.3310108  0.120503776
  24.3810749  0.12309739
  24.431139  0.126123294
  24.4812012  0.127203971
  24.5312653  0.127420098
  24.5813293  0.131526679
  24.6313934  0.134336457
  24.6814575  0.134768739
  24.7315216  0.135633275
  24.7815838  0.136930078
  24.8316479  0.138443023
  24.881712  0.140604392
  24.931776  0.141252801
  24.9818401  0.142765746
  25.0319042  0.145575508
  25.0819683  0.145359382
  25.1320305  0.146223918
  25.1820946  0.145791635
  25.2321587  0.145791635
  25.2822227  0.143198013
  25.3322868  0.142549604
  25.3823509  0.142117336
  25.432415  0.14038825
  25.4824772  0.139091432
  25.5325413  0.13649781
  25.5826054  0.134768724
  25.6326694  0.132607356
  25.6827335  0.128716916
  25.7327976  0.125907153
  25.7828617  0.122016698
  25.8329239  0.11963921
  25.882988  0.116181046
  25.9330521  0.111209944
  25.9831161  0.108184069
  26.0331802  0.103212953
  26.0832443  0.0986741036
  26.1333084  0.0956482291
  26.1833706  0.091325514
  26.2334347  0.086786665
  26.2834988  0.0826800838
  26.3335629  0.0781412125
  26.3836269  0.0736023188
  26.433691  0.068847321
  26.4837551  0.0649568662
  26.5338173  0.0610664077
  26.5838814  0.056959819
  26.6339455  0.0537177734
  26.6840096  0.0493950546
  26.7340736  0.0455046073
  26.7841377  0.0437755138
  26.8341999  0.0407496132
  26.884264  0.0372914523
  26.9343281  0.0368591882
  26.9843922  0.0338332914
  27.0344563  0.0308073927
  27.0845203  0.0292944536
  27.1345844  0.0273492336
  27.1846466  0.0271330997
  27.2347107  0.0267008357
  27.2847748  0.0236749221
  27.3348389  0.0232426468
  27.384903  0.0221619699
  27.434967  0.0217296947
  27.4850311  0.0210812911
  27.5350933  0.0195683297
  27.5851574  0.0195683278
  27.6352215  0.0202167332
  27.6852856  0.0206490085
  27.7353497  0.020649014
  27.7854137  0.0210812856
  27.8354778  0.0217296984
  27.88554  0.0217296984
  27.9356041  0.023242645
  27.9856682  0.0251878668
  28.0357323  0.0258362778
  28.0857964  0.0264846832
  28.1358604  0.0258362722
  28.1859245  0.0269169547
  28.2359867  0.028862169
  28.2860508  0.0301589835
  28.3361149  0.0310235284
  28.386179  0.0323203355
  28.4362431  0.0323203392
  28.4863071  0.0340494215
  28.5363712  0.0342655629
  28.5864334  0.0351301059
  28.6364975  0.0366430543
  28.6865616  0.0370753296
  28.7366257  0.0372914523
  28.7866898  0.0390205309
  28.8367538  0.038804397
  28.886816  0.0385882668
  28.9368801  0.0385882668
  28.9869442  0.0383721292
  29.0370083  0.0372914635
  29.0870724  0.0381560028
  29.1371365  0.0375075974
  29.1872005  0.0375075936
  29.2372627  0.0355623737
  29.2873268  0.0349139646
  29.3373909  0.0342655592
  29.387455  0.0329687446
  29.4375191  0.032320343
  29.4875832  0.0303751286
  29.5376472  0.0284299068
  29.5877094  0.0264846943
  29.6377735  0.0256201494
  29.6878376  0.0241072029
  29.7379017  0.0221619792
  29.7879658  0.0221619811
  29.8380299  0.020865161
  29.8880939  0.0184876546
  29.9381561  0.0178392455
  29.9882202  0.0167585593
  30.0382843  0.0152456099
  30.0883484  0.0156778805
  30.1384125  0.0158940144
  30.1884766  0.0174069703
  30.2385406  0.0165424254
  30.2886028  0.0165424235
  30.3386669  0.0145971999
  30.388731  0.0143810622
  30.4387951  0.0143810632
  30.4888592  0.0122197038
  30.5389233  0.0102744782
  30.5889854  0.00876152702
  30.6390495  0.00638401834
  30.6891136  0.00508720148
  30.7391777  0.00508720009
  30.7892418  0.00422265613
  30.8393059  0.00335811311
  30.88937  0.00379038509
  30.9394321  0.00465492718
  30.9894962  0.0055194702
  31.0395603  0.0055194716
  31.0896244  0.00660015037
  31.1396885  0.00508719729
  31.1897526  0.004871062
  31.2398167  0.00443879096
  31.2898788  0.00314197922
  31.3399429  0.00292584533
  31.390007  0.00400652038
  31.4400711  0.00292584184
  31.4901352  0.00270970655
  31.5401993  0.00270970631
  31.5902634  0.00270970562
  31.6403255  0.00379038439
  31.6903896  0.00487106433
  31.7404537  0.00249356893
  31.7905178  0.00314197759
  31.8405819  0.00400652178
  31.890646  0.00357425027
  31.9407101  0.00465492951
  31.9907722  0.00465492858
  32.0408363  0.00422265846
  32.0909004  0.00465493044
  32.1409645  0.00465493044
  32.1910286  0.0059517487
  32.2410927  0.00530334236
  32.2911568  0.00573561573
  32.3412209  0.00724857254
  32.3912849  0.00660016248
  32.441349  0.00724857021
  32.4914093  0.00681629404
  32.5414734  0.00638401788
  32.5915375  0.00616787979
  32.6416016  0.00573560735
  32.6916656  0.00487106293
  32.7417297  0.00400651945
  32.7917938  0.00638401462
  32.8418579  0.0055194716
  32.891922  0.00487106387
  32.9419861  0.00465492625
  32.9920502  0.00443879003
  33.0421143  0.00400651805
  33.0921783  0.00357424794
  33.1422424  0.0035742498
  33.1923027  0.00270970655
  33.2423668  0.00206129788
  33.2924309  0.00249357033
  33.342495  0.00227743317
  33.3925591  0.00357424887
  33.4426231  0.00249356986
  33.4926872  0.000980621087
  33.5427513  0.000980620622
  33.5928154 -0.000964599487
  33.6428795 -0.000532327394
  33.6929436 -0.00247755251
  33.7430077 -0.00269368873
  33.7930717 -0.00355823291
  33.843132 -0.00334209716
  33.8931961 -0.00334209669
  33.9432602 -0.00420664111
  33.9933243 -0.00355823268
  34.0433884 -0.00290982448
  34.0934525 -0.00399050489
  34.1435165 -0.00528732175
  34.1935806 -0.00615186663
  34.2436447 -0.00593573041
  34.2937088 -0.00593573134
  34.3437729 -0.00571959419
  34.393837 -0.00463891309
  34.4439011 -0.00507118599
  34.4939651 -0.00528732268
  34.5440254 -0.00420664204
  34.5940895 -0.00593573181
  34.6441536 -0.00528732315
  34.6942177 -0.00442277733
  34.7442818 -0.00571959373
  34.7943459 -0.00744868349
  34.8444099 -0.00766481925
  34.894474 -0.00723254681
  34.9445381 -0.00636800192
  34.9946022 -0.00593573041
  35.0446663 -0.00507118553
  35.0947304 -0.00420664111
  35.1447945 -0.00463891355
  35.1948586 -0.00420664204
  35.2449188 -0.0031259614
  35.2949829 -0.00312596117
  35.345047 -0.00355823291
  35.3951111 -0.00550345797
  35.4451752 -0.00420664158
  35.4952393 -0.0044227778
  35.5453033 -0.00442277873
  35.5953674 -0.00399050582
  35.6454315 -0.00247755274
  35.6954956 -0.0020452803
  35.7455597 -0.00247755251
  35.7956238 -0.00247755228
  35.8456879 -0.00334209669
  35.8957481 -0.00247755228
  35.9458122 -0.00399050536
  35.9958763 -0.00399050582
  36.0459404 -0.00399050536
  36.0960045 -0.0044227778
  36.1460686 -0.00463891402
  36.1961327 -0.00463891402
  36.2461967 -0.00485505024
  36.2962608 -0.00507118599
  36.3463249 -0.00420664111
  36.396389 -0.00507118599
  36.4464531 -0.00636800332
  36.4965172 -0.00571959419
  36.5465813 -0.00593573041
  36.5966415 -0.00744868349
  36.6467056 -0.00744868256
  36.6967697 -0.00701641105
  36.7468338 -0.00766481878
  36.7968979 -0.00701641105
  36.846962 -0.00766481925
  36.8970261 -0.00680027483
  36.9470901 -0.00658413908
  36.9971542 -0.00615186663
  37.0472183 -0.00550345844
  37.0972824 -0.00550345844
  37.1473465 -0.00658413861
  37.1974106 -0.00680027576
  37.2474747 -0.00723254727
  37.2975349 -0.00680027576
  37.347599 -0.0100423163
  37.3976631 -0.00852936413
  37.4477272 -0.00939390808
  37.4977913 -0.0100423172
  37.5478554 -0.0104745887
  37.5979195 -0.00982618146
  37.6479836 -0.00917777326
  37.6980476 -0.00874550082
  37.7481117 -0.00939390901
  37.7981758 -0.00917777326
  37.8482399 -0.00874550175
  37.898304 -0.00917777326
  37.9483643 -0.00852936506
  37.9984283 -0.00852936506
  38.0484924 -0.00809709355
  38.0985565 -0.00809709169
  38.1486206 -0.0089616375
  38.1986847 -0.00896163657
  38.2487488 -0.00896163657
  38.2988129 -0.00831322838
  38.348877 -0.00896163564
  38.398941 -0.00852936413
  38.4490051 -0.00896163657
  38.4990692 -0.00939390901
  38.5491333 -0.00917777326
  38.5991974 -0.0096100457
  38.6492577 -0.00982618146
  38.6993217 -0.0111229932
  38.7493858 -0.0106907217
  38.7994499 -0.0109068565
  38.849514 -0.010258452
  38.8995781 -0.0109068574
  38.9496422 -0.0109068574
  38.9997063 -0.0109068593
  39.0497704 -0.0104745869
  39.0998344 -0.00982618146
  39.1498985 -0.0117714014
  39.1999626 -0.0113391308
  39.2500267 -0.0113391299
  39.3000908 -0.0113391299
  39.3501511 -0.012852082
  39.4002151 -0.0128520802
  39.4502792 -0.0135004856
  39.5003433 -0.0143650305
  39.5504074 -0.013068215
  39.6004715 -0.0124198096
  39.6505356 -0.0122036729
  39.7005997 -0.0124198087
  39.7506638 -0.0111229951
  39.8007278 -0.00982618239
  39.8507919 -0.00982617959
  39.900856 -0.00917777233
  39.9509201 -0.00917777233
  40.0009804 -0.00961004384
  40.0510445 -0.0100423153
  40.1011086 -0.0106907235
  40.1511726 -0.0124198096
  40.2012367 -0.0126359472
  40.2513008 -0.011987539
  40.3013649 -0.0135004884
  40.351429 -0.0132843535
  40.4014931 -0.012852082
  40.4515572 -0.0130682169
  40.5016212 -0.0143650332
  40.5516853 -0.0132843535
  40.6017494 -0.0128520802
  40.6518135 -0.0122036729
  40.7018738 -0.0115552675
  40.7519379 -0.0115552684
  40.802002 -0.0117714042
  40.852066 -0.0109068612
  40.9021301 -0.0106907235
  40.9521942 -0.0113391317
  41.0022583 -0.0117714051
  41.0523224 -0.0124198124
  41.1023865 -0.0122036757
  41.1524506 -0.0132843535
  41.2025146 -0.0141488956
  41.2525787 -0.0143650314
  41.3026428 -0.0160941202
  41.3527069 -0.0160941184
  41.4027672 -0.0145811681
  41.4528313 -0.0147973029
  41.5028954 -0.0132843526
  41.5529594 -0.0132843535
  41.6030235 -0.0126359463
  41.6530876 -0.0106907226
  41.7031517 -0.0109068574
  41.7532158 -0.0115552647
  41.8032799 -0.0119875381
  41.853344 -0.0126359463
  41.9034081 -0.0130682178
  41.9534721 -0.0130682178
  42.0035362 -0.0137166232
  42.0535965 -0.0147973038
  42.1036606 -0.0143650305
  42.1537247 -0.0145811671
  42.2037888 -0.0139327608
  42.2538528 -0.0135004884
  42.3039169 -0.0132843535
  42.353981 -0.014797302
  42.4040451 -0.0154457102
  42.4541092 -0.0152295763
  42.5041733 -0.0152295735
  42.5542374 -0.0154457102
  42.6043015 -0.0139327599
  42.6543655 -0.0139327599
  42.7044296 -0.0132843526
  42.7544899 -0.0117714023
  42.804554 -0.0119875371
  42.8546181 -0.0117714014
  42.9046822 -0.011987539
  42.9547462 -0.012852082
  43.0048103 -0.0135004884
  43.0548744 -0.0139327608
  43.1049385 -0.0150134396
  43.1550026 -0.0150134405
  43.2050667 -0.0160941221
  43.2551308 -0.0160941221
  43.3051949 -0.0154457111
  43.3552589 -0.014581169
  43.4053192 -0.0141488975
  43.4553833 -0.0132843498
  43.5054474 -0.0128520802
  43.5555115 -0.012852082
  43.6055756 -0.0124198096
  43.6556396 -0.0135004874
  43.7057037 -0.0132843526
  43.7557678 -0.0139327608
  43.8058319 -0.0135004902
  43.855896 -0.0139327617
  43.9059601 -0.0130682178
  43.9560242 -0.0143650351
  44.0060883 -0.0135004884
  44.0561523 -0.0130682178
  44.1062126 -0.0135004912
  44.1562767 -0.0145811699
  44.2063408 -0.0145811681
  44.2564049 -0.0132843545
  44.306469 -0.0143650351
  44.3565331 -0.0154457148
  44.4065971 -0.0165263899
  44.4566612 -0.0165263899
  44.5067253 -0.016310256
  44.5567894 -0.0154457111
  44.6068535 -0.0156618487
  44.6569176 -0.0152295772
  44.7069817 -0.0143650314
  44.7570457 -0.0141488984
  44.807106 -0.013716626
  44.8571701 -0.0141488984
  44.9072342 -0.012852082
  44.9572983 -0.0132843545
  45.0073624 -0.0141488975
  45.0574265 -0.0139327608
  45.1074905 -0.0143650305
  45.1575546 -0.013932758
  45.2076187 -0.0141488956
  45.2576828 -0.0141488947
  45.3077469 -0.0124198096
  45.357811 -0.0115552666
  45.4078751 -0.0111229951
  45.4579353 -0.0117714042
  45.5079994 -0.012852083
  45.5580635 -0.011987539
  45.6081276 -0.0130682178
  45.6581917 -0.0135004902
  45.7082558 -0.0143650332
  45.7583199 -0.0135004921
  45.8083839 -0.0135004921
  45.858448 -0.0132843563
  45.9085121 -0.0122036776
  45.9585762 -0.0122036776
  46.0086403 -0.0115552684
  46.0587044 -0.0111229969
  46.1087685 -0.0111229969
  46.1588287 -0.0104745897
  46.2088928 -0.010258453
  46.2589569 -0.0111229951
  46.309021 -0.0109068593
  46.3590851 -0.010258453
  46.4091492 -0.0104745897
  46.4592133 -0.0109068602
  46.5092773 -0.0111229941
  46.5593414 -0.0104745887
  46.6094055 -0.0104745869
  46.6594696 -0.00896163657
  46.7095337 -0.00852936413
  46.7595978 -0.00874550082
  46.8096619 -0.0085293632
  46.8597221 -0.00939390808
  46.9097862 -0.0100423163
  46.9598503 -0.010258452
  47.0099144 -0.00961004477
  47.0599785 -0.00874550082
  47.1100426 -0.00788095593
  47.1601067 -0.00852936413
  47.2101707 -0.00961004477
  47.2602348 -0.00917777326
  47.3102989 -0.00896163657
  47.360363 -0.010258452
  47.4104271 -0.00896163657
  47.4604912 -0.00874550082
  47.5105515 -0.00939390808
  47.5606155 -0.00982617866
  47.6106796 -0.0102584511
  47.6607437 -0.010258452
  47.7108078 -0.0100423153
  47.7608719 -0.00939390715
  47.810936 -0.00831322838
  47.8610001 -0.00701641245
  47.9110641 -0.00809709262
  47.9611282 -0.00744868489
  48.0111923 -0.00701641291
  48.0612564 -0.00809709355
  48.1113205 -0.00852936599
  48.1613846 -0.00917777326
  48.2114449 -0.00961004477
  48.2615089 -0.010258453
  48.311573 -0.0109068574
  48.3616371 -0.0126359444
  48.4117012 -0.0124198087
  48.4617653 -0.0117714014
  48.5118294 -0.0104745869
  48.5618935 -0.0109068574
  48.6119576 -0.010258452
  48.6620216 -0.0104745887
  48.7120857 -0.0113391299
  48.7621498 -0.0111229941
  48.8122139 -0.0104745887
  48.862278 -0.010258452
  48.9123383 -0.0106907245
  48.9624023 -0.010258453
  49.0124664 -0.0122036757
  49.0625305 -0.0139327608
  49.1125946 -0.0150134396
  49.1626587 -0.014797302
  49.2127228 -0.015661845
  49.2627869 -0.0154457102
  49.312851 -0.0154457102
  49.362915 -0.0145811653
  49.4129791 -0.0154457092
  49.4630432 -0.0141488938
  49.5131073 -0.0130682159
  49.5631676 -0.0137166232
  49.6132317 -0.0139327571
  49.6632957 -0.0139327571
  49.7133598 -0.0154457092
  49.7634239 -0.0154457092
  49.813488 -0.0143650277
  49.8635521 -0.0152295725
  49.9136162 -0.014797302
  49.9636803 -0.0141488938
  50.0137444 -0.0139327571
  50.0638084 -0.0128520774
  50.1138725 -0.0119875362
  50.1639366 -0.0115552666
  50.2140007 -0.0111229969
  50.264061 -0.0126359472
  50.3141251 -0.0117714042
  50.3641891 -0.0124198105
  50.4142532 -0.0117714051
  50.4643173 -0.0126359453
  50.5143814 -0.0119875381
  50.5644455 -0.0132843498
  50.6145096 -0.0128520774
  50.6645737 -0.0113391299
  50.7146378 -0.0104745859
  50.7647018 -0.0109068565
  50.8147659 -0.00961004477
  50.86483 -0.00939390901
  50.9148941 -0.0106907226
  50.9649544 -0.0100423163
  51.0150185 -0.0115552666
  51.0650826 -0.0111229932
  51.1151466 -0.0115552647
  51.1652107 -0.0115552647
  51.2152748 -0.0119875381
  51.2653389 -0.0124198087
  51.315403 -0.0124198077
  51.3654671 -0.0124198087
  51.4155312 -0.0113391317
  51.4655952 -0.0113391308
  51.5156593 -0.0113391308
  51.5657234 -0.0113391317
  51.6157837 -0.0122036748
  51.6658478 -0.0109068602
  51.7159119 -0.00982618146
  51.765976 -0.0111229941
  51.81604 -0.0115552638
  51.8661041 -0.0122036701
  51.9161682 -0.0117714005
  51.9662323 -0.0130682141
  52.0162964 -0.0143650277
  52.0663605 -0.0145811671
  52.1164246 -0.0152295763
  52.1664886 -0.016310256
  52.2165527 -0.0163102578
  52.2666168 -0.0156618468
  52.3166771 -0.0167425275
  52.3667412 -0.0165263936
  52.4168053 -0.017174799
  52.4668694 -0.0182554796
  52.5169334 -0.0184716154
  52.5669975 -0.0197684318
  52.6170616 -0.0193361584
  52.6671257 -0.0197684318
  52.7171898 -0.0197684318
  52.7672539 -0.0195522979
  52.817318 -0.0204168409
  52.867382 -0.0197684318
  52.9174461 -0.0208491124
  52.9675102 -0.0204168409
  53.0175705 -0.0206329748
  53.0676346 -0.0206329785
  53.1176987 -0.0204168409
  53.1677628 -0.0208491124
  53.2178268 -0.0210652482
  53.2678909 -0.0210652482
  53.317955 -0.0221459288
  53.3680191 -0.0238750186
  53.4180832 -0.0256041083
  53.4681473 -0.0253879689
  53.5182114 -0.0273331944
  53.5682755 -0.0273331944
  53.6183395 -0.0288461484
  53.6683998 -0.0299268309
  53.7184639 -0.0299268309
  53.768528 -0.0312236473
  53.8185921 -0.0301429667
  53.8686562 -0.0290622842
  53.9187202 -0.0301429667
  53.9687843 -0.029710697
  54.0188484 -0.0312236492
  54.0689125 -0.0312236473
  54.1189766 -0.0325204618
  54.1690407 -0.0318720527
  54.2191048 -0.0327365994
  54.2691689 -0.0327365994
  54.3192329 -0.0329527371
  54.3692932 -0.0310075097
  54.4193573 -0.0312236473
  54.4694214 -0.0314397849
  54.5194855 -0.0312236473
  54.5695496 -0.0314397849
  54.6196136 -0.0316559188
  54.6696777 -0.0312236473
  54.7197418 -0.0329527371
  54.7698059 -0.0331688747
  54.81987 -0.035330236
  54.8699341 -0.0344656855
  54.9199982 -0.0346818231
  54.9700623 -0.0348979607
  55.0201263 -0.035330236
  55.0701866 -0.0348979607
  55.1202507 -0.0357625075
  55.1703148 -0.0351140983
  55.2203789 -0.0340334177
  55.270443 -0.0340334177
  55.320507 -0.0344656892
  55.3705711 -0.0346818268
  55.4206352 -0.0351140983
  55.4706993 -0.0336011425
  55.5207634 -0.0329527371
  55.5708275 -0.0329527333
  55.6208916 -0.032088194
  55.6709557 -0.0320881903
  55.7210159 -0.0323043279
  55.77108 -0.0307913739
  55.8211441 -0.0312236473
  55.8712082 -0.03057524
  55.9212723 -0.0301429648
  55.9713364 -0.0305752382
  56.0214005 -0.0312236473
  56.0714645 -0.0320881903
  56.1215286 -0.0314397849
  56.1715927 -0.0316559188
  56.2216568 -0.0323043279
  56.2717209 -0.032088194
  56.321785 -0.0325204656
  56.3718491 -0.0316559188
  56.4219093 -0.0303591006
  56.4719734 -0.0303591024
  56.5220375 -0.0310075134
  56.5721016 -0.032088194
  56.6221657 -0.0329527333
  56.6722298 -0.032088194
  56.7222939 -0.0325204656
  56.7723579 -0.0318720564
  56.822422 -0.0333850086
  56.8724861 -0.0336011425
  56.9225502 -0.0333850086
  56.9726143 -0.0336011425
  57.0226784 -0.0329527371
  57.0727425 -0.0325204618
  57.1228027 -0.0318720527
  57.1728668 -0.0327366032
  57.2229309 -0.0325204656
  57.272995 -0.0329527371
  57.3230591 -0.0338172838
  57.3731232 -0.0351141021
  57.4231873 -0.0346818268
  57.4732513 -0.0357625112
  57.5233154 -0.0357625112
  57.5733795 -0.0359786451
  57.6234436 -0.035330236
  57.6735077 -0.0381400101
  57.7235718 -0.0390045531
  57.773632 -0.0387884267
  57.8236961 -0.0379238762
  57.8737602 -0.0379238725
  57.9238243 -0.0379238725
  57.9738884 -0.0396529622
  58.0239525 -0.0398690999
  58.0740166 -0.0403013714
  58.1240807 -0.0405175053
  58.1741447 -0.0400852337
  58.2242088 -0.0418143235
  58.2742729 -0.0420304686
  58.324337 -0.0433272794
  58.3744011 -0.0435434207
  58.4244652 -0.0444079526
  58.4745255 -0.0437595472
  58.5245895 -0.045056358
  58.5746536 -0.0452724919
  58.6247177 -0.045056358
  58.6747818 -0.0457047708
  58.7248459 -0.044191815
  58.77491 -0.0446240827
  58.8249741 -0.0433272794
  58.8750381 -0.0424627364
  58.9251022 -0.0418143272
  58.9751663 -0.0415981896
  59.0252304 -0.0418143272
  59.0752945 -0.042678874
  59.1253586 -0.0426788777
  59.1754189 -0.0422466062
  59.2254829 -0.0433272831
  59.275547 -0.0433272682
  59.3256111 -0.0435434096
  59.3756752 -0.0433272719
  59.4257393 -0.043111138
  59.4758034 -0.0433272719
  59.5258675 -0.0433272719
  59.5759315 -0.0435434058
  59.6259956 -0.042246595
  59.6760597 -0.0411659144
  59.7261238 -0.0407336392
  59.7761879 -0.0387884118
  59.8262482 -0.038356144
  59.8763123 -0.0379238725
  59.9263763 -0.0381400101
  59.9764404 -0.0379238725
  60.0265045 -0.0364109166
  60.0765686 -0.0355463736
  60.1266327 -0.035330236
  60.1766968 -0.0340334177
  60.2267609 -0.0338172764
  60.276825 -0.0338172764
  60.326889 -0.0325204618
  60.3769531 -0.0323043242
  60.4270172 -0.0325204618
  60.4770813 -0.0316559188
  60.5271416 -0.0312236454
  60.5772057 -0.0305752382
  60.6272697 -0.0316559188
  60.6773338 -0.0310075078
  60.7273979 -0.0312236417
  60.777462 -0.0297106914
  60.8275261 -0.0314397812
  60.8775902 -0.0303590968
  60.9276543 -0.029278418
  60.9777184 -0.0271170568
  61.0277824 -0.0269009192
  61.0778465 -0.0269009192
  61.1279106 -0.0269009173
  61.1779709 -0.0260363761
  61.228035 -0.0277654659
  61.2780991 -0.0271170586
  61.3281631 -0.0264686514
  61.3782272 -0.0258202422
  61.4282913 -0.0269009247
  61.4783554 -0.0258202441
  61.5284195 -0.0256041083
  61.5784836 -0.0249556974
  61.6285477 -0.0253879707
  61.6786118 -0.024307292
  61.7286758 -0.0247395616
  61.7787399 -0.0249557011
  61.828804 -0.0262525175
  61.8788643 -0.0260363799
  61.9289284 -0.0262525175
  61.9789925 -0.0273331981
  62.0290565 -0.0275493339
  62.0791206 -0.0292784218
  62.1291847 -0.0290622842
  62.1792488 -0.0286300108
  62.2293129 -0.0284138769
  62.279377 -0.0286300145
  62.3294411 -0.0279816072
  62.3795052 -0.0284138769
  62.4295692 -0.0269009247
  62.4796333 -0.0275493339
  62.5296974 -0.0266847871
  62.5797577 -0.0251718331
  62.6298218 -0.024523424
  62.6798859 -0.0238750167
  62.72995 -0.0238750167
  62.780014 -0.0238750167
  62.8300781 -0.0227943361
  62.8801422 -0.0232266057
  62.9302063 -0.0243072882
  62.9802704 -0.0245234258
  63.0303345 -0.0269009266
  63.0803986 -0.0273331944
  63.1304626 -0.029062286
  63.1805267 -0.0290622842
  63.230587 -0.0284138769
  63.2806511 -0.0294945557
  63.3307152 -0.029278418
  63.3807793 -0.0279816017
  63.4308434 -0.0273331944
  63.4809074 -0.0279816017
  63.5309715 -0.0286300108
  63.5810356 -0.0281977411
  63.6310997 -0.0279816035
  63.6811638 -0.0284138769
  63.7312279 -0.0281977411
  63.781292 -0.0290622842
  63.831356 -0.0301429648
  63.8814201 -0.029062286
  63.9314804 -0.0292784218
  63.9815445 -0.0286300145
  64.0316086 -0.028413875
  64.0816727 -0.0266847853
  64.1317368 -0.0273331944
  64.1818008 -0.0269009229
  64.2318649 -0.0264686514
  64.281929 -0.025171835
  64.3319931 -0.0243072882
  64.3820572 -0.0236588791
  64.4321213 -0.024523424
  64.4821854 -0.0245234258
  64.5322495 -0.0247395616
  64.5823135 -0.0245234258
  64.6323776 -0.0247395597
  64.6824417 -0.0245234258
  64.7325058 -0.0238750167
  64.7825699 -0.0245234258
  64.832634 -0.0245234258
  64.8826981 -0.0238750186
  64.9327621 -0.0245234258
  64.9828186 -0.0232266057
  65.0328827 -0.0225781966
  65.0829468 -0.0212813821
  65.1330109 -0.0210652463
  65.183075 -0.0206329785
  65.233139 -0.0214975197
  65.2832031 -0.0212813821
  65.3332672 -0.0199845675
  65.3833313 -0.0199845713
  65.4333954 -0.0197684336
  65.4834595 -0.0197684318
  65.5335236 -0.019552296
  65.5835876 -0.0197684318
  65.6336517 -0.0202007052
  65.6837158 -0.0195522979
  65.7337799 -0.0191200245
  65.783844 -0.0191200227
  65.8339081 -0.0178232063
  65.8839722 -0.0189038888
  65.9340363 -0.0193361621
  65.9841003 -0.0189038888
  66.0341644 -0.0191200264
  66.0842285 -0.0189038906
  66.1342926 -0.0204168409
  66.1843567 -0.02106525
  66.2344208 -0.0197684336
  66.2844849 -0.0193361621
  66.3345413 -0.020200707
  66.3846054 -0.0208491124
  66.4346695 -0.0204168409
  66.4847336 -0.020416839
  66.5347977 -0.0212813858
  66.5848618 -0.0212813821
  66.6349258 -0.0197684299
  66.6849899 -0.0199845675
  66.735054 -0.0212813821
  66.7851181 -0.0214975178
  66.8351822 -0.0217136536
  66.8852463 -0.0210652463
  66.9353104 -0.0199845638
  66.9853745 -0.0202006996
  67.0354385 -0.019552296
  67.0855026 -0.0189038888
  67.1355667 -0.0186877511
  67.1856308 -0.0186877493
  67.2356949 -0.0195522979
  67.285759 -0.0199845675
  67.3358231 -0.0221459307
  67.3858871 -0.0225782022
  67.4359512 -0.0225782022
  67.4860153 -0.0227943361
  67.5360794 -0.0230104737
  67.5861435 -0.0243072882
  67.6362076 -0.0238750186
  67.686264 -0.0236588791
  67.7363281 -0.0238750167
  67.7863922 -0.0230104718
  67.8364563 -0.0243072882
  67.8865204 -0.0247395616
  67.9365845 -0.024307292
  67.9866486 -0.0245234277
  68.0367126 -0.0253879707
  68.0867767 -0.0245234258
  68.1368408 -0.0238750186
  68.1869049 -0.0230104718
  68.236969 -0.0232266095
  68.2870331 -0.0227943361
  68.3370972 -0.0230104718
  68.3871613 -0.0232266057
  68.4372253 -0.0238750167
  68.4872894 -0.0240911525
  68.5373535 -0.0243072882
  68.5874176 -0.0238750186
  68.6374817 -0.0230104737
  68.6875458 -0.024307292
  68.7376099 -0.0253879707
  68.787674 -0.0256041046
  68.837738 -0.0247395616
  68.8878021 -0.0230104718
  68.9378662 -0.0230104718
  68.9879303 -0.0234427433
  69.0379868 -0.0217136554
  69.0880508 -0.0232266113
  69.1381149 -0.0236588791
  69.188179 -0.0227943379
  69.2382431 -0.0232266113
  69.2883072 -0.0223620646
  69.3383713 -0.023658881
  69.3884354 -0.0243072882
  69.4384995 -0.0245234277
  69.4885635 -0.0232266132
  69.5386276 -0.0236588847
  69.5886917 -0.0245234277
  69.6387558 -0.0236588847
  69.6888199 -0.0236588847
  69.738884 -0.0243072882
  69.7889481 -0.0238750167
  69.8390121 -0.0230104718
  69.8890762 -0.0238750167
  69.9391403 -0.0236588791
  69.9892044 -0.0230104718
  70.0392685 -0.0225781985
  70.0893326 -0.0227943361
  70.1393967 -0.0234427452
  70.1894608 -0.023658881
  70.2395248 -0.0234427452
  70.2895889 -0.0225782022
  70.339653 -0.0232266095
  70.3897171 -0.0234427433
  70.4397736 -0.0247395616
  70.4898376 -0.024307292
  70.5399017 -0.024307292
  70.5899658 -0.0240911543
  70.6400299 -0.0247395616
  70.690094 -0.0243072882
  70.7401581 -0.0245234258
  70.7902222 -0.0256041046
  70.8402863 -0.0249556974
  70.8903503 -0.0236588791
  70.9404144 -0.02301047
  70.9904785 -0.0232266057
  71.0405426 -0.024523424
  71.0906067 -0.0247395597
  71.1406708 -0.025171835
  71.1907349 -0.0234427452
  71.240799 -0.024307292
  71.290863 -0.0253879707
  71.3409271 -0.0251718368
  71.3909912 -0.0256041083
  71.4410553 -0.0260363799
  71.4911194 -0.0253879726
  71.5411835 -0.0249556974
  71.5912476 -0.025171835
  71.6413116 -0.0256041083
  71.6913757 -0.0253879726
  71.7414398 -0.0249556974
  71.7914963 -0.0234427452
  71.8415604 -0.0230104718
  71.8916245 -0.023658881
  71.9416885 -0.0227943361
  71.9917526 -0.0223620627
  72.0418167 -0.0243072882
  72.0918808 -0.0247395616
  72.1419449 -0.025171835
  72.192009 -0.0245234258
  72.2420731 -0.0247395616
  72.2921371 -0.0256041046
  72.3422012 -0.0264686495
  72.3922653 -0.0258202422
  72.4423294 -0.025171835
  72.4923935 -0.025171835
  72.5424576 -0.0253879689
  72.5925217 -0.0281977393
  72.6425858 -0.0271170586
  72.6926498 -0.0264686514
  72.7427139 -0.0260363761
  72.792778 -0.0258202404
  72.8428421 -0.0253879651
  72.8929062 -0.0251718331
  72.9429703 -0.0251718331
  72.9930344 -0.0247395616
  73.0430984 -0.0249556974
  73.0931625 -0.0240911562
  73.143219 -0.024307292
  73.1932831 -0.0240911525
  73.2433472 -0.0243072882
  73.2934113 -0.0240911543
  73.3434753 -0.0245234277
  73.3935394 -0.0232266095
  73.4436035 -0.0230104718
  73.4936676 -0.0238750167
  73.5437317 -0.0238750167
  73.5937958 -0.0243072864
  73.6438599 -0.0256041028
  73.693924 -0.0256041028
  73.743988 -0.0258202422
  73.7940521 -0.0253879689
  73.8441162 -0.0256041028
  73.8941803 -0.0256041009
  73.9442444 -0.025387967
  73.9943085 -0.0258202422
  74.0443726 -0.0249556955
  74.0944366 -0.0256041083
  74.1445007 -0.0256041083
  74.1945648 -0.0240911543
  74.2446289 -0.024307292
  74.294693 -0.0247395635
  74.3447571 -0.0240911543
  74.3948212 -0.0236588847
  74.4448853 -0.0247395635
  74.4949493 -0.0253879707
  74.5450058 -0.025171835
  74.5950699 -0.0247395616
  74.645134 -0.0256041046
  74.6951981 -0.0249556955
  74.7452621 -0.0247395597
  74.7953262 -0.0236588772
  74.8453903 -0.0225781966
  74.8954544 -0.0210652445
  74.9455185 -0.0219297893
  74.9955826 -0.022145927
  75.0456467 -0.0223620627
  75.0957108 -0.02301047
  75.1457748 -0.0234427433
  75.1958389 -0.0238750167
  75.245903 -0.0240911525
  75.2959671 -0.0247395616
  75.3460312 -0.0262525156
  75.3960953 -0.0275493339
  75.4461594 -0.028197743
  75.4962234 -0.027549332
  75.5462875 -0.0273331944
  75.5963516 -0.0262525156
  75.6464157 -0.026036378
  75.6964798 -0.026036378
  75.7465439 -0.0251718331
  75.796608 -0.0258202422
  75.8466721 -0.0258202422
  75.8967285 -0.0249556955
  75.9467926 -0.0249556974
  75.9968567 -0.0269009247
  76.0469208 -0.026036378
  76.0969849 -0.0269009247
  76.147049 -0.0258202422
  76.197113 -0.0262525156
  76.2471771 -0.026036378
  76.2972412 -0.0258202404
  76.3473053 -0.0256041046
  76.3973694 -0.0264686495
  76.4474335 -0.0275493283
  76.4974976 -0.0264686495
  76.5475616 -0.0262525119
  76.5976257 -0.0271170568
  76.6476898 -0.0262525119
  76.6977539 -0.0264686514
  76.747818 -0.0264686514
  76.7978821 -0.026036378
  76.8479462 -0.0260363799
  76.8980103 -0.0271170624
  76.9480743 -0.028413875
  76.9981384 -0.0273331981
  77.0482025 -0.0264686514
  77.0982666 -0.0266847871
  77.1483307 -0.026036378
  77.1983948 -0.0258202441
  77.2484512 -0.026036378
  77.2985153 -0.0256041083
  77.3485794 -0.0245234258
  77.3986435 -0.0247395616
  77.4487076 -0.0258202422
  77.4987717 -0.026036378
  77.5488358 -0.0277654678
  77.5988998 -0.0279816035
  77.6489639 -0.0284138769
  77.699028 -0.027549332
  77.7490921 -0.0264686514
  77.7991562 -0.0262525156
  77.8492203 -0.0269009247
  77.8992844 -0.0271170605
  77.9493484 -0.0266847871
  77.9994125 -0.0249556955
  78.0494766 -0.0262525119
  78.0995407 -0.0253879689
  78.1496048 -0.024523424
  78.1996689 -0.023658881
  78.249733 -0.023875013
  78.2997971 -0.0243072864
  78.3498611 -0.0247395597
  78.3999252 -0.0256041028
  78.4499893 -0.025387967
  78.5000534 -0.0243072882
  78.5501175 -0.0245234258
  78.6001816 -0.0238750167
  78.650238 -0.0240911506
  78.7003021 -0.0243072864
  78.7503662 -0.0247395597
  78.8004303 -0.0245234258
  78.8504944 -0.0243072882
  78.9005585 -0.0249556974
  78.9506226 -0.0249556974
  79.0006866 -0.0262525156
  79.0507507 -0.0269009247
  79.1008148 -0.0266847871
  79.1508789 -0.0260363799
  79.200943 -0.0258202422
  79.2510071 -0.02625251
  79.3010712 -0.0264686476
  79.3511353 -0.0258202367
  79.4011993 -0.0251718294
  79.4512634 -0.0247395597
  79.5013275 -0.025171835
  79.5513916 -0.0251718331
  79.6014557 -0.0264686514
  79.6515198 -0.0269009229
  79.7015839 -0.026036378
  79.7516479 -0.026036378
  79.801712 -0.02625251
  79.8517761 -0.0264686476
  79.9018402 -0.0262525119
  79.9519043 -0.0256041046
  80.0019608 -0.0249556955
  80.0520248 -0.0243072864
  80.1020889 -0.0236588791
  80.152153 -0.0236588791
  80.2022171 -0.0236588791
  80.2522812 -0.0251718331
  80.3023453 -0.0251718294
  80.3524094 -0.0245234258
  80.4024734 -0.0251718294
  80.4525375 -0.0264686495
  80.5026016 -0.0269009229
  80.5526657 -0.0269009229
  80.6027298 -0.0266847834
  80.6527939 -0.0258202404
  80.702858 -0.0271170586
  80.7529221 -0.0273331944
  80.8029861 -0.026036378
  80.8530502 -0.0245234296
  80.9031143 -0.0249557029
  80.9531784 -0.0253879707
  81.0032425 -0.0256041083
  81.0533066 -0.0247395616
  81.1033707 -0.0247395635
  81.1534348 -0.0253879726
  81.2034988 -0.0256041083
  81.2535629 -0.026036378
  81.303627 -0.0256041046
  81.3536835 -0.0256041028
  81.4037476 -0.0258202404
  81.4538116 -0.0262525156
  81.5038757 -0.0273331944
  81.5539398 -0.0275493339
  81.6040039 -0.0275493339
  81.654068 -0.0262525175
  81.7041321 -0.0271170586
  81.7541962 -0.0279816017
  81.8042603 -0.0279816035
  81.8543243 -0.0275493283
  81.9043884 -0.0279816017
  81.9544525 -0.0279815998
  82.0045166 -0.0284138732
  82.0545807 -0.0273331944
  82.1046448 -0.0266847853
  82.1547089 -0.0256041046
  82.2047729 -0.0277654659
  82.254837 -0.0277654659
  82.3049011 -0.027549332
  82.3549652 -0.0277654696
  82.4050293 -0.0273331981
  82.4550934 -0.0281977411
  82.5051575 -0.0286300108
  82.5552216 -0.028413875
  82.6052856 -0.0286300089
  82.6553497 -0.0294945557
  82.7054138 -0.0290622823
  82.7554703 -0.0286300108
  82.8055344 -0.0294945575
  82.8555984 -0.0273331944
  82.9056625 -0.0275493283
  82.9557266 -0.028413875
  83.0057907 -0.0273331944
  83.0558548 -0.0279816017
  83.1059189 -0.027549332
  83.155983 -0.0264686514
  83.2060471 -0.0277654696
  83.2561111 -0.0273331944
  83.3061752 -0.0281977411
  83.3562393 -0.0273331981
  83.4063034 -0.0269009247
  83.4563675 -0.026036378
  83.5064316 -0.0264686514
  83.5564957 -0.0266847853
  83.6065598 -0.0266847853
  83.6566238 -0.0256041046
  83.7066879 -0.0266847871
  83.756752 -0.0281977411
  83.8068161 -0.0273331944
  83.8568802 -0.0279816035
  83.9069443 -0.028197743
  83.9570084 -0.0275493339
  84.0070724 -0.028197743
  84.0571365 -0.028413875
  84.107193 -0.0277654696
  84.1572571 -0.0271170586
  84.2073212 -0.0264686476
  84.2573853 -0.0266847853
  84.3074493 -0.0273331944
  84.3575134 -0.0269009229
  84.4075775 -0.026036378
  84.4576416 -0.0271170586
  84.5077057 -0.0266847853
  84.5577698 -0.0266847871
  84.6078339 -0.0266847871
  84.6578979 -0.0264686514
  84.707962 -0.0277654659
  84.7580261 -0.0273331925
  84.8080902 -0.0271170586
  84.8581543 -0.0264686495
  84.9082184 -0.0266847853
  84.9582825 -0.0286300108
  85.0083466 -0.0290622842
  85.0584106 -0.0284138732
  85.1084747 -0.0277654659
  85.1585388 -0.0275493264
  85.2086029 -0.029926829
  85.258667 -0.029926829
  85.3087311 -0.0281977393
  85.3587952 -0.028413875
  85.4088593 -0.0281977393
  85.4589157 -0.0279816035
  85.5089798 -0.028413875
  85.5590439 -0.027549332
  85.609108 -0.0277654678
  85.6591721 -0.027549332
  85.7092361 -0.0279816035
  85.7593002 -0.0279816035
  85.8093643 -0.0286300108
  85.8594284 -0.0288461484
  85.9094925 -0.0294945594
  85.9595566 -0.0286300145
  86.0096207 -0.0297106933
  86.0596848 -0.0294945575
  86.1097488 -0.0301429667
  86.1598129 -0.029710697
  86.209877 -0.029062286
  86.2599411 -0.0286300145
  86.3100052 -0.0288461503
  86.3600693 -0.0288461484
  86.4101334 -0.0288461484
  86.4601974 -0.0286300089
  86.5102615 -0.0286300089
  86.5603256 -0.0286300108
  86.6103897 -0.0279816017
  86.6604538 -0.0290622823
  86.7105179 -0.028413875
  86.760582 -0.0281977411
  86.8106384 -0.029926829
  86.8607025 -0.028413875
  86.9107666 -0.027549332
  86.9608307 -0.0277654659
  87.0108948 -0.028413875
  87.0609589 -0.0279816017
  87.1110229 -0.029278418
  87.161087 -0.0286300108
  87.2111511 -0.0279816017
  87.2612152 -0.0294945575
  87.3112793 -0.0290622842
  87.3613434 -0.029710697
  87.4114075 -0.0286300145
  87.4614716 -0.028413875
  87.5115356 -0.0290622823
  87.5615997 -0.029278418
  87.6116638 -0.0286300089
  87.6617279 -0.0281977355
  87.711792 -0.0301429648
  87.7618561 -0.0290622842
  87.8119202 -0.0307913739
  87.8619843 -0.0307913739
  87.9120483 -0.0305752382
  87.9621124 -0.0301429667
  88.0121765 -0.0314397849
  88.0622406 -0.0303591006
  88.1123047 -0.0310075097
  88.1623688 -0.0307913739
  88.2124252 -0.0307913758
  88.2624893 -0.0299268309
  88.3125534 -0.0305752382
  88.3626175 -0.0305752344
  88.4126816 -0.032088194
  88.4627457 -0.0303591024
  88.5128098 -0.0301429667
  88.5628738 -0.0307913758
  88.6129379 -0.0310075134
  88.663002 -0.0292784236
  88.7130661 -0.0294945575
  88.7631302 -0.0286300145
  88.8131943 -0.0284138769
  88.8632584 -0.0288461503
  88.9133224 -0.028413875
  88.9633865 -0.0279816035
  89.0134506 -0.0288461503
  89.0635147 -0.0277654696
  89.1135788 -0.0288461503
  89.1636429 -0.0297106914
  89.213707 -0.0303591024
  89.2637711 -0.03057524
  89.3138351 -0.0307913739
  89.3638992 -0.0310075097
  89.4139633 -0.0294945575
  89.4640274 -0.0292784218
  89.5140915 -0.0288461484
  89.5641479 -0.0273331944
  89.614212 -0.0279816017
  89.6642761 -0.0281977393
  89.7143402 -0.0288461484
  89.7644043 -0.0286300145
  89.8144684 -0.0290622842
  89.8645325 -0.0286300108
  89.9145966 -0.0290622842
  89.9646606 -0.029062286
  90.0147247 -0.0294945594
  90.0647888 -0.0303591061
  90.1148529 -0.0288461503
  90.164917 -0.0292784236
  90.2149811 -0.028197743
  90.2650452 -0.0286300164
  90.3151093 -0.028197743
  90.3651733 -0.0284138788
  90.4152374 -0.0290622897
  90.4653015 -0.0292784236
  90.5153656 -0.0279816072
  90.5654297 -0.0284138769
  90.6154938 -0.029062286
  90.6655579 -0.0292784236
  90.7156219 -0.0288461484
  90.765686 -0.0269009192
  90.8157501 -0.0266847834
  90.8658142 -0.0271170568
  90.9158707 -0.0260363761
  90.9659348 -0.0256041046
  91.0159988 -0.0245234258
  91.0660629 -0.0253879707
  91.116127 -0.0264686532
  91.1661911 -0.0266847908
  91.2162552 -0.0279816035
  91.2663193 -0.028413875
  91.3163834 -0.0281977411
  91.3664474 -0.0277654659
  91.4165115 -0.0269009247
  91.4665756 -0.0264686514
  91.5166397 -0.0258202422
  91.5667038 -0.026036378
  91.6167679 -0.0266847871
  91.666832 -0.0264686532
  91.7168961 -0.0264686532
  91.7669601 -0.0271170605
  91.8170242 -0.0284138769
  91.8670883 -0.0290622842
  91.9171524 -0.0294945557
  91.9672165 -0.0290622823
  92.0172806 -0.0297106896
  92.0673447 -0.029278418
  92.1174088 -0.0292784162
  92.1674728 -0.0288461465
  92.2175369 -0.0275493283
  92.267601 -0.0275493283
  92.3176575 -0.0271170568
  92.3677216 -0.0273331925
  92.4177856 -0.0273331925
  92.4678497 -0.0275493283
  92.5179138 -0.0271170586
  92.5679779 -0.0269009247
  92.618042 -0.026036378
  92.6681061 -0.0269009247
  92.7181702 -0.0273331944
  92.7682343 -0.0260363799
  92.8182983 -0.0262525119
  92.8683624 -0.0262525119
  92.9184265 -0.0271170586
  92.9684906 -0.027549332
  93.0185547 -0.0275493283
  93.0686188 -0.0288461465
  93.1186829 -0.0297106877
  93.1687469 -0.0297106914
  93.218811 -0.0288461465
  93.2688751 -0.0279816035
  93.3189392 -0.028413875
  93.3690033 -0.0284138732
  93.4190674 -0.0288461465
  93.4691315 -0.0303591006
  93.5191956 -0.0314397849
  93.5692596 -0.0301429667
  93.6193237 -0.0297106933
  93.6693802 -0.0286300108
  93.7194443 -0.0279816035
  93.7695084 -0.0271170586
  93.8195724 -0.0269009229
  93.8696365 -0.0264686495
  93.9197006 -0.0266847853
  93.9697647 -0.026036378
  94.0198288 -0.0258202422
  94.0698929 -0.0260363761
  94.119957 -0.0264686514
  94.1700211 -0.0271170586
  94.2200851 -0.0269009229
  94.2701492 -0.0286300089
  94.3202133 -0.0279815998
  94.3702774 -0.027549332
  94.4203415 -0.0271170605
  94.4704056 -0.0271170605
  94.5204697 -0.0273331981
  94.5705338 -0.0277654659
  94.6205978 -0.0279816017
  94.6706619 -0.0279816017
  94.720726 -0.0288461465
  94.7707901 -0.0288461465
  94.8208542 -0.0292784162
  94.8709183 -0.0286300089
  94.9209824 -0.0281977355
  94.9710464 -0.0273331944
  95.0211029 -0.0262525175
  95.071167 -0.025171835
  95.1212311 -0.0253879707
  95.1712952 -0.024523424
  95.2213593 -0.0243072882
  95.2714233 -0.0240911525
  95.3214874 -0.0256041046
  95.3715515 -0.0262525119
  95.4216156 -0.0279816017
  95.4716797 -0.0279816017
  95.5217438 -0.027549332
  95.5718079 -0.0279816035
  95.6218719 -0.0271170586
  95.671936 -0.0264686514
  95.7220001 -0.0266847908
  95.7720642 -0.0266847908
  95.8221283 -0.0260363799
  95.8721924 -0.0264686532
  95.9222565 -0.0266847871
  95.9723206 -0.0279816017
  96.0223846 -0.027549332
  96.0724487 -0.0273331925
  96.1225128 -0.0277654659
  96.1725769 -0.0284138732
  96.222641 -0.028413875
  96.2727051 -0.0281977411
  96.3227692 -0.0288461503
  96.3728333 -0.0281977393
  96.4228897 -0.0279816035
  96.4729538 -0.0290622842
  96.5230179 -0.0284138769
  96.573082 -0.0290622842
  96.6231461 -0.0288461503
  96.6732101 -0.0279816035
  96.7232742 -0.0273331944
  96.7733383 -0.0262525156
  96.8234024 -0.0279816035
  96.8734665 -0.027549332
  96.9235306 -0.0271170605
  96.9735947 -0.0290622842
  97.0236588 -0.029278418
  97.0737228 -0.0286300089
  97.1237869 -0.0288461465
  97.173851 -0.0290622823
  97.2239151 -0.0286300089
  97.2739792 -0.0284138732
  97.3240433 -0.0286300108
  97.3741074 -0.0290622823
  97.4241714 -0.0277654678
  97.4742355 -0.0279816017
  97.5242996 -0.0284138732
  97.5743637 -0.0288461465
  97.6244278 -0.0290622823
  97.6744919 -0.0297106896
  97.724556 -0.0303590987
  97.7746124 -0.0294945538
  97.8246765 -0.0290622823
  97.8747406 -0.0292784218
  97.9248047 -0.0284138769
  97.9748688 -0.0294945557
  98.0249329 -0.029278418
  98.0749969 -0.0297106914
  98.125061 -0.0303590968
  98.1751251 -0.0305752344
  98.2251892 -0.0305752344
  98.2752533 -0.0307913721
  98.3253174 -0.0307913721
  98.3753815 -0.0314397849
  98.4254456 -0.0323043279
  98.4755096 -0.0325204656
  98.5255737 -0.0316559188
  98.5756378 -0.0325204656
  98.6257019 -0.0323043279
  98.675766 -0.0318720564
  98.7258301 -0.0323043279
  98.7758942 -0.0316559188
  98.8259583 -0.0314397775
  98.8760223 -0.0303590987
  98.9260864 -0.0292784162
  98.9761505 -0.0303591006
  99.0262146 -0.0290622842
  99.0762787 -0.0290622823
  99.1263351 -0.029926829
  99.1763992 -0.029926829
  99.2264633 -0.0297106914
  99.2765274 -0.0301429648
  99.3265915 -0.0316559188
  99.3766556 -0.0307913721
  99.4267197 -0.0314397812
  99.4767838 -0.0310075078
  99.5268478 -0.0307913721
  99.5769119 -0.0305752382
  99.626976 -0.0307913702
  99.6770401 -0.0310075078
  99.7271042 -0.0307913721
  99.7771683 -0.0305752344
  99.8272324 -0.0310075097
  99.8772964 -0.0312236473
  99.9273605 -0.0303591006
  99.9774246 -0.0305752382
  100.027489 -0.0305752344
  100.077553 -0.0314397849
  100.127617 -0.0318720564
  100.177681 -0.0316559225
  100.227745 -0.0314397886
  100.277809 -0.0314397849
  100.327873 -0.0314397849
  100.377937 -0.03057524
  100.428001 -0.0303591024
  100.478065 -0.0294945594
  100.528122 -0.029062286
  100.578186 -0.029062286
  100.62825 -0.0297106933
  100.678314 -0.0292784218
  100.728378 -0.0303591006
  100.778442 -0.0316559188
  100.828506 -0.0320881903
  100.878571 -0.0310075078
  100.928635 -0.0307913739
  100.978699 -0.0314397812
  101.028763 -0.0305752382
  101.078827 -0.0303591006
  101.128891 -0.0284138769
  101.178955 -0.0288461484
  101.229019 -0.0281977393
  101.279083 -0.0271170586
  101.329147 -0.0262525156
  101.379211 -0.0258202422
  101.429276 -0.025171835
  101.47934 -0.0264686514
  101.529404 -0.025171835
  101.579468 -0.0253879707
  101.629532 -0.025171835
  101.679596 -0.0266847853
  101.72966 -0.0262525119
  101.779724 -0.0251718331
  101.829788 -0.0256041046
  101.879845 -0.0245234203
  101.929909 -0.0249556936
  101.979973 -0.0251718275
  102.030037 -0.023875013
  102.080101 -0.0234427433
  102.130165 -0.0232266057
  102.180229 -0.0223620627
  102.230293 -0.0217136554
  102.280357 -0.0217136573
  102.330421 -0.0212813858
  102.380486 -0.0206329748
  102.43055 -0.0199845675
  102.480614 -0.0193361584
  102.530678 -0.0184716135
  102.580742 -0.0173909348
  102.630806 -0.0165263899
  102.68087 -0.0147973029
  102.730934 -0.0139327617
  102.780998 -0.013716626
  102.831062 -0.0124198105
  102.881126 -0.0117714014
  102.93119 -0.0119875381
  102.981255 -0.0100423163
  103.031319 -0.0100423153
  103.081383 -0.0100423153
  103.131447 -0.00874550082
  103.181511 -0.00939390901
  103.231567 -0.0100423163
  103.281631 -0.0104745887
  103.331696 -0.00917777326
  103.38176 -0.00874550175
  103.431824 -0.00896163657
  103.481888 -0.00939390901
  103.531952 -0.00917777233
  103.582016 -0.00874550082
  103.63208 -0.0089616375
  103.682144 -0.00917777326
  103.732208 -0.00874550082
  103.782272 -0.00874550082
  103.832336 -0.00874550082
  103.882401 -0.00809709262
  103.932465 -0.00809709262
  103.982529 -0.00874549989
  104.032593 -0.00917777326
  104.082657 -0.00874550082
  104.132721 -0.00831322838
  104.182785 -0.00744868349
  104.232849 -0.00831322744
  104.282913 -0.00852936413
  104.332977 -0.0091777714
  104.383041 -0.0091777714
  104.433105 -0.00917777233
  104.48317 -0.00874550082
  104.533234 -0.00917777233
  104.58329 -0.00788095593
  104.633354 -0.00809709169
  104.683418 -0.00766482018
  104.733482 -0.00831322931
  104.783546 -0.00788095593
  104.833611 -0.00766482018
  104.883675 -0.00809709169
  104.933739 -0.00896163657
  104.983803 -0.00961004477
  105.033867 -0.0100423163
  105.083931 -0.0104745887
  105.133995 -0.00982617959
