  0.0500638075 -0.0332386233
  0.100127615 -0.0320895612
  0.150191426 -0.0320895612
  0.20025523 -0.0332386196
  0.250319034 -0.0329513513
  0.300382853 -0.0320895612
  0.350446641 -0.033813145
  0.40051046 -0.0341004096
  0.450574279 -0.0361112617
  0.500638068 -0.03726032
  0.550701857 -0.0352494679
  0.600765705 -0.0358240008
  0.650829494 -0.0355367362
  0.700893283 -0.0349622034
  0.750957131 -0.0349622034
  0.80102092 -0.0343876779
  0.851084709 -0.0326640941
  0.901148558 -0.0335258879
  0.951212347 -0.0326640941
  1.00127614 -0.0332386233
  1.05133998 -0.0343876816
  1.10140371 -0.0352494717
  1.15146756 -0.0369730555
  1.20153141 -0.0369730555
  1.25159514 -0.0378348529
  1.30165899 -0.038696643
  1.35172284 -0.0375475883
  1.40178657 -0.0381221175
  1.45185041 -0.0384093821
  1.50191426 -0.0389839113
  1.55197799 -0.0378348567
  1.60204184 -0.03553674
  1.65210569 -0.03553674
  1.70216942 -0.0343876816
  1.75223327 -0.034100417
  1.80229712 -0.0326640978
  1.85236084 -0.0358240083
  1.90242469 -0.0361112729
  1.95248854 -0.0358240083
  2.00255227 -0.0355367437
  2.05261612 -0.03553674
  2.10267997 -0.0352494717
  2.15274382 -0.0352494717
  2.20280743 -0.0355367362
  2.25287127 -0.0358240008
  2.30293512 -0.0358240046
  2.35299897 -0.0381221138
  2.40306282 -0.0372603238
  2.45312667 -0.0395584367
  2.50319028 -0.0381221175
  2.55325413 -0.0372603275
  2.60331798 -0.0375475921
  2.65338182 -0.0378348529
  2.70344567 -0.0375475846
  2.75350952 -0.0381221138
  2.80357313 -0.0381221138
  2.85363698 -0.0378348529
  2.90370083 -0.0375475958
  2.95376468 -0.0386966504
  3.00382853 -0.038122125
  3.05389237 -0.0369730666
  3.10395598 -0.0375475921
  3.15401983 -0.0384093858
  3.20408368 -0.0378348567
  3.25414753 -0.0366857983
  3.30421138 -0.0369730629
  3.35427499 -0.0369730629
  3.40433884 -0.0358240008
  3.45440269 -0.0349622034
  3.50446653 -0.0349622071
  3.55453038 -0.0355367362
  3.60459423 -0.0378348529
  3.65465784 -0.0375475921
  3.70472169 -0.0378348604
  3.75478554 -0.0378348604
  3.80484939 -0.0375475921
  3.85491323 -0.0375475883
  3.90497708 -0.0384093784
  3.95504069 -0.0366857983
  4.00510454 -0.0361112691
  4.05516863 -0.0363985375
  4.10523224 -0.033238627
  4.15529585 -0.0329513624
  4.20535994 -0.0346749499
  4.25542355 -0.0343876816
  4.30548763 -0.0346749425
  4.35555124 -0.0369730592
  4.40561485 -0.0378348567
  4.45567894 -0.0361112654
  4.50574255 -0.0352494717
  4.55580664 -0.0366857946
  4.60587025 -0.039558433
  4.65593433 -0.0369730629
  4.70599794 -0.0361112729
  4.75606155 -0.0363985337
  4.80612564 -0.0372603238
  4.85618925 -0.0372603275
  4.90625334 -0.0372603275
  4.95631695 -0.0355367362
  5.00638056 -0.0355367362
  5.05644464 -0.0349622071
  5.10650826 -0.0335258916
  5.15657234 -0.0326640978
  5.20663595 -0.0315150395
  5.25669956 -0.0306532476
  5.30676365 -0.0295041893
  5.35682726 -0.0289296582
  5.40689135 -0.0292169247
  5.45695496 -0.0283551328
  5.50701904 -0.0274933353
  5.55708265 -0.027780598
  5.60714626 -0.0286423918
  5.65721035 -0.0286423918
  5.70727396 -0.027206067
  5.75733805 -0.0269188024
  5.80740166 -0.0251952205
  5.85746527 -0.0257697459
  5.90752935 -0.0257697459
  5.95759296 -0.0243334249
  6.00765705 -0.0223225765
  6.05772066 -0.0214607827
  6.10778475 -0.0191626679
  6.15784836 -0.0177263487
  6.20791197 -0.0177263487
  6.25797606 -0.0151409712
  6.30803967 -0.0160027649
  6.35810375 -0.0160027649
  6.40816736 -0.0162900295
  6.45823097 -0.0128428591
  6.50829506 -0.0134173864
  6.55835867 -0.0134173864
  6.60842276 -0.0128428573
  6.65848637 -0.0111192726
  6.70854998 -0.0102574807
  6.75861406 -0.00853389502
  6.80867767 -0.00738483854
  6.85874176 -0.00537398783
  6.90880537 -0.00479946053
  6.95886946 -0.00278860913
  7.00893307 -0.00135228736
  7.05899668 -0.00278860866
  7.10906076 -0.00192681549
  7.15912437 -0.000777760113
  7.20918846 -0.0013522869
  7.25925207 -0.00221408042
  7.30931568 -0.00106502348
  7.35937977 -0.000203230957
  7.40944338 -0.00106502406
  7.45950747 -0.000490495644
  7.50957108  8.40335488E-05
  7.55963516  0.000945825537
  7.60969877  0.0029566749
  7.65976238  0.00525478413
  7.70982647  0.00669110473
  7.75989008  0.00554204779
  7.80995417  0.00554204639
  7.86001778  0.00525478506
  7.91008139  0.00669110473
  7.96014547  0.00755289569
  8.01020908  0.00870194659
  8.06027317  0.0110000577
  8.11033726  0.00956373848
  8.16040039  0.00927647483
  8.21046448  0.00985100027
  8.26052856  0.0101382658
  8.3105917  0.0110000568
  8.36065578  0.0121491123
  8.41071987  0.0147344852
  8.460783  0.0167453326
  8.51084709  0.0190434586
  8.56091118  0.0199052542
  8.61097527  0.0242142268
  8.6610384  0.0273741335
  8.71110249  0.0290977117
  8.76116657  0.0311085545
  8.81122971  0.0345557332
  8.86129379  0.03857743
  8.91135788  0.0400137454
  8.96142197  0.0425991155
  9.0114851  0.0492061898
  9.06154919  0.0546642132
  9.11161327  0.0586858802
  9.16167641  0.063856639
  9.21174049  0.070463717
  9.26180458  0.078219898
  9.31186867  0.0876996666
  9.3619318  0.0951685384
  9.41199589  0.104648232
  9.46205997  0.115276985
  9.51212311  0.125043944
  9.56218719  0.137108997
  9.61225128  0.148886785
  9.66231441  0.161526442
  9.7123785  0.177038699
  9.76244259  0.191689119
  9.81250668  0.207488701
  9.86256981  0.224724606
  9.9126339  0.243971214
  9.96269798  0.26350534
  10.0127611  0.283039212
  10.0628252  0.30544576
  10.1128893  0.32986328
  10.1629534  0.352844447
  10.2130165  0.37553829
  10.2630806  0.401679248
  10.3131447  0.428969413
  10.3632078  0.457695901
  10.4132719  0.487283915
  10.463336  0.517159104
  10.5133991  0.547896683
  10.5634632  0.57834667
  10.6135273  0.60965842
  10.6635914  0.642406762
  10.7136545  0.676878393
  10.7637186  0.712786376
  10.8137827  0.747545362
  10.8638458  0.781155229
  10.9139099  0.817924976
  10.963974  0.854981899
  11.0140381  0.890890002
  11.0641012  0.925649405
  11.1141653  0.960408092
  11.1642294  0.993443489
  11.2142925  1.02734053
  11.2643566  1.05951357
  11.3144207  1.09111285
  11.3644838  1.12070143
  11.4145479  1.14914072
  11.464612  1.17815471
  11.5146761  1.20573175
  11.5647392  1.23187268
  11.6148033  1.25657701
  11.6648674  1.27984548
  11.7149305  1.301965
  11.7649946  1.32465851
  11.8150587  1.34591615
  11.8651228  1.36315238
  11.9151859  1.38326108
  11.96525  1.39992249
  12.0153141  1.41256213
  12.0653772  1.42635012
  12.1154413  1.43611717
  12.1655054  1.44789529
  12.2155695  1.45708764
  12.2656326  1.46398234
  12.3156967  1.46656775
  12.3657608  1.46685517
  12.4158239  1.4674294
  12.465888  1.46570575
  12.5159521  1.46340775
  12.5660152  1.45794952
  12.6160793  1.45220435
  12.6661434  1.44387329
  12.7162075  1.43439388
  12.7662706  1.42778683
  12.8163347  1.41744554
  12.8663988  1.40652955
  12.9164619  1.39302814
  12.966526  1.38153744
  13.0165901  1.36688697
  13.0666542  1.35137463
  13.1167173  1.33787322
  13.1667814  1.32178628
  13.2168455  1.30771065
  13.2669086  1.29306006
  13.3169727  1.27840912
  13.3670368  1.26347136
  13.4171  1.25169373
  13.467164  1.23876691
  13.5172281  1.22785103
  13.5672922  1.21750975
  13.6173553  1.20975363
  13.6674194  1.20601916
  13.7174835  1.20171022
  13.7675467  1.19682682
  13.8176107  1.19625223
  13.8676748  1.19998682
  13.9177389  1.20343387
  13.967802  1.21147716
  14.0178661  1.22153127
  14.0679302  1.23359621
  14.1179934  1.25083208
  14.1680574  1.26605666
  14.2181215  1.29133606
  14.2681856  1.31690216
  14.3182487  1.34677815
  14.3683128  1.37895143
  14.4183769  1.41543448
  14.4684401  1.45881081
  14.5185041  1.5001775
  14.5685682  1.54958665
  14.6186314  1.60071969
  14.6686954  1.6552999
  14.7187595  1.71131623
  14.7688236  1.77049208
  14.8188868  1.83225501
  14.8689508  1.89574063
  14.9190149  1.96181023
  14.9690781  2.02845597
  15.0191422  2.09854889
  15.0692062  2.16979027
  15.1192703  2.24160624
  15.1693335  2.31715703
  15.2193975  2.39414382
  15.2694616  2.46825719
  15.3195248  2.55041528
  15.3695889  2.62711453
  15.4196529  2.70783567
  15.4697161  2.78941774
  15.5197802  2.86755538
  15.5698442  2.94655132
  15.6199083  3.02181673
  15.6699715  3.09535456
  15.7200356  3.16803241
  15.7700996  3.23640108
  15.8201628  3.30276084
  15.8702269  3.36882973
  15.9202909  3.42973185
  15.970355  3.48632145
  16.0204182  3.54118752
  16.0704823  3.58916211
  16.1205463  3.6354115
  16.1706104  3.67333007
  16.2206745  3.70981216
  16.2707367  3.73968935
  16.3208008  3.76353073
  16.3708649  3.7842145
  16.420929  3.7957046
  16.470993  3.80575871
  16.5210571  3.81093001
  16.5711212  3.81121778
  16.6211834  3.80805802
  16.6712475  3.79857802
  16.7213116  3.78277779
  16.7713757  3.76324439
  16.8214397  3.73825169
  16.8715038  3.70693994
  16.921566  3.67361784
  16.9716301  3.62794328
  17.0216942  3.58312941
  17.0717583  3.52941108
  17.1218224  3.46908569
  17.1718864  3.40560055
  17.2219505  3.33751869
  17.2720127  3.2651279
  17.3220768  3.19072628
  17.3721409  3.10885644
  17.422205  3.02554965
  17.4722691  2.94080687
  17.5223331  2.85117936
  17.5723972  2.76097989
  17.6224594  2.66704464
  17.6725235  2.57224751
  17.7225876  2.4771626
  17.7726517  2.37949276
  17.8227158  2.28325915
  17.8727798  2.18817472
  17.9228439  2.09366512
  17.9729061  1.99972999
  18.0229702  1.90579438
  18.0730343  1.81473184
  18.1230984  1.72338116
  18.1731625  1.63375497
  18.2232265  1.54671431
  18.2732906  1.46082175
  18.3233528  1.37464273
  18.3734169  1.29478323
  18.423481  1.21434975
  18.4735451  1.1373626
  18.5236092  1.06353569
  18.5736732  0.996890962
  18.6237373  0.93139416
  18.6737995  0.870206892
  18.7238636  0.816201508
  18.7739277  0.766504824
  18.8239918  0.721116781
  18.8740559  0.678314805
  18.9241199  0.643268228
  18.9741821  0.611956775
  19.0242462  0.584379256
  19.0743103  0.561972439
  19.1243744  0.543012917
  19.1744385  0.530660689
  19.2245026  0.520606399
  19.2745667  0.516010225
  19.3246288  0.512850285
  19.3746929  0.51572299
  19.424757  0.522329986
  19.4748211  0.528937101
  19.5248852  0.538991332
  19.5749493  0.554216504
  19.6250134  0.568005264
  19.6750755  0.586964548
  19.7251396  0.609083951
  19.7752037  0.632065117
  19.8252678  0.656482697
  19.8753319  0.68492204
  19.925396  0.713360906
  19.9754601  0.742949367
  20.0255222  0.772824407
  20.0755863  0.804710746
  20.1256504  0.836022258
  20.1757145  0.8699193
  20.2257786  0.902668238
  20.2758427  0.936278343
  20.3259068  0.968451619
  20.3759689  1.00062501
  20.426033  1.02906394
  20.4760971  1.05664098
  20.5261612  1.08306944
  20.5762253  1.10576344
  20.6262894  1.1275959
  20.6763535  1.14598083
  20.7264156  1.16005719
  20.7764797  1.17556953
  20.8265438  1.18504906
  20.8766079  1.19280541
  20.926672  1.19826341
  20.9767361  1.20084858
  21.0267982  1.20113587
  21.0768623  1.19797599
  21.1269264  1.19194341
  21.1769905  1.18246341
  21.2270546  1.17039835
  21.2771187  1.15402436
  21.3271828  1.13621378
  21.3772449  1.11323237
  21.427309  1.08824015
  21.4773731  1.05893934
  21.5274372  1.03021336
  21.5775013  0.998327374
  21.6275654  0.965578973
  21.6776295  0.927659869
  21.7276917  0.892038941
  21.7777557  0.853545427
  21.8278198  0.815914273
  21.8778839  0.777708232
  21.927948  0.738927245
  21.9780121  0.699572384
  22.0280762  0.659355044
  22.0781384  0.622010946
  22.1282024  0.583230197
  22.1782665  0.542151213
  22.2283306  0.505381584
  22.2783947  0.467175633
  22.3284588  0.426958561
  22.3785229  0.389039785
  22.4285851  0.352844417
  22.4786491  0.317223608
  22.5287132  0.283326417
  22.5787773  0.250003844
  22.6288414  0.220128328
  22.6789055  0.190827399
  22.7289677  0.163537279
  22.7790318  0.136247218
  22.8290958  0.112978883
  22.8791599  0.0905722827
  22.929224  0.0675911158
  22.9792881  0.0480571277
  23.0293522  0.0267995987
  23.0794144  0.0110000595
  23.1294785 -0.00652304525
  23.1795425 -0.0214607846
  23.2296066 -0.0349622071
  23.2796707 -0.0455909818
  23.3297348 -0.0553579628
  23.3797989 -0.0622523092
  23.4298611 -0.0665612817
  23.4799252 -0.0665612891
  23.5299892 -0.0714447722
  23.5800533 -0.0714447722
  23.6301174 -0.0697211772
  23.6801815 -0.0697211772
  23.7302456 -0.0665612742
  23.7803078 -0.0625395775
  23.8303719 -0.058805149
  23.8804359 -0.0516235344
  23.9305 -0.0461655073
  23.9805641 -0.0389839113
  24.0306282 -0.029791452
  24.0806923 -0.0228971094
  24.1307545 -0.0137046501
  24.1808186 -0.0033631369
  24.2308826  0.0058293133
  24.2809467  0.0150217516
  24.3310108  0.0256505422
  24.3810749  0.0359920561
  24.431139  0.0469080806
  24.4812012  0.0563877784
  24.5312653  0.0661547631
  24.5813293  0.0736236423
  24.6313934  0.0862633362
  24.6814575  0.0928704217
  24.7315216  0.0997647643
  24.7815838  0.108382665
  24.8316479  0.114415206
  24.881712  0.120160475
  24.931776  0.125043944
  24.9818401  0.127054796
  25.0319042  0.132225528
  25.0819683  0.134236366
  25.1320305  0.135959953
  25.1820946  0.136534482
  25.2321587  0.136534482
  25.2822227  0.137396261
  25.3322868  0.134236366
  25.3823509  0.132512778
  25.432415  0.128778353
  25.4824772  0.125331208
  25.5325413  0.119298674
  25.5826054  0.114702456
  25.6326694  0.107808128
  25.6827335  0.102924645
  25.7327976  0.0957430527
  25.7828617  0.0891359821
  25.8329239  0.0825288817
  25.882988  0.0739109069
  25.9330521  0.0678783432
  25.9831161  0.0612712689
  26.0331802  0.054664202
  26.0832443  0.0480571277
  26.1333084  0.0408755355
  26.1833706  0.0345557258
  26.2334347  0.0276613813
  26.2834988  0.0204797722
  26.3335629  0.0144472243
  26.3836269  0.00640384341
  26.433691  0.00152035081
  26.4837551 -0.00508672278
  26.5338173 -0.00939568691
  26.5838814 -0.0154282348
  26.6339455 -0.0200244617
  26.6840096 -0.0251952261
  26.7340736 -0.0306532457
  26.7841377 -0.0335258916
  26.8341999 -0.0392711759
  26.884264 -0.0418565497
  26.9343281 -0.0444419198
  26.9843922 -0.0470273048
  27.0344563 -0.0478890948
  27.0845203 -0.0490381457
  27.1345844 -0.0496126711
  27.1846466 -0.0496126711
  27.2347107 -0.0504744761
  27.2847748 -0.0490381531
  27.3348389 -0.0478890985
  27.384903 -0.0467400365
  27.434967 -0.0447291881
  27.4850311 -0.0424310789
  27.5350933 -0.0409947596
  27.5851574 -0.0384093858
  27.6352215 -0.0372603312
  27.6852856 -0.0361112729
  27.7353497 -0.0326640941
  27.7854137 -0.0303659793
  27.8354778 -0.026918808
  27.88554 -0.0234716348
  27.9356041 -0.0194499362
  27.9856682 -0.0162900295
  28.0357323 -0.0148537084
  28.0857964 -0.0114065371
  28.1358604 -0.00681030937
  28.1859245 -0.00336313737
  28.2359867  0.000371296162
  28.2860508  0.00324393506
  28.3361149  0.00697836606
  28.386179  0.009851004
  28.4362431  0.0104255332
  28.4863071  0.0161708072
  28.5363712  0.0193307269
  28.5864334  0.0196179878
  28.6364975  0.0193307213
  28.6865616  0.0213415697
  28.7366257  0.0222033653
  28.7866898  0.0216288362
  28.8367538  0.0207670461
  28.886816  0.0196179915
  28.9368801  0.0199052561
  28.9869442  0.0204797871
  29.0370083  0.0190434568
  29.0870724  0.017894391
  29.1371365  0.0181816667
  29.1872005  0.0173198618
  29.2372627  0.0155962761
  29.2873268  0.0118618459
  29.3373909  0.0115745841
  29.387455  0.00985099934
  29.4375191  0.00812742021
  29.4875832  0.00554204779
  29.5376472  0.00266940775
  29.5877094 -0.00106502313
  29.6377735 -0.00393766537
  29.6878376 -0.00508672465
  29.7379017 -0.00594851654
  29.7879658 -0.00910842512
  29.8380299 -0.010832008
  29.8880939 -0.0142791793
  29.9381561 -0.0145664429
  29.9882202 -0.0200244654
  30.0382843 -0.0214607846
  30.0883484 -0.0240461621
  30.1384125 -0.0246206932
  30.1884766 -0.0280678626
  30.2385406 -0.0306532402
  30.2886028 -0.0320895649
  30.3386669 -0.0341004133
  30.388731 -0.0335258804
  30.4387951 -0.0343876779
  30.4888592 -0.0343876779
  30.5389233 -0.0335258842
  30.5889854 -0.0343876779
  30.6390495 -0.0358240008
  30.6891136 -0.0366857946
  30.7391777 -0.0369730629
  30.7892418 -0.0378348567
  30.8393059 -0.0384093821
  30.88937 -0.0381221101
  30.9394321 -0.0384093784
  30.9894962 -0.0386966355
  31.0395603 -0.040132951
  31.0896244 -0.0386966392
  31.1396885 -0.0389839076
  31.1897526 -0.0375475921
  31.2398167 -0.0361112691
  31.2898788 -0.0358240046
  31.3399429 -0.034100417
  31.390007 -0.0320895649
  31.4400711 -0.0309405066
  31.4901352 -0.0289296564
  31.5401993 -0.0277805999
  31.5902634 -0.0257697515
  31.6403255 -0.0283551309
  31.6903896 -0.0274933353
  31.7404537 -0.0260570161
  31.7905178 -0.0260570142
  31.8405819 -0.0251952205
  31.890646 -0.0231843721
  31.9407101 -0.02203531
  31.9907722 -0.0211735182
  32.0408363 -0.0197371989
  32.0909004 -0.0188754071
  32.1409645 -0.0180136152
  32.1910286 -0.0177263487
  32.2410927 -0.0171518214
  32.2911568 -0.0165772941
  32.3412209 -0.0160027668
  32.3912849 -0.0160027649
  32.441349 -0.0157155003
  32.4914093 -0.0154282385
  32.5414734 -0.0157155003
  32.5915375 -0.0168645587
  32.6416016 -0.0171518233
  32.6916656 -0.0185881425
  32.7417297 -0.0177263506
  32.7917938 -0.0191626698
  32.8418579 -0.0226098411
  32.891922 -0.0226098411
  32.9419861 -0.0240461621
  32.9920502 -0.0246206932
  33.0421143 -0.0246206932
  33.0921783 -0.0254824851
  33.1422424 -0.0243334267
  33.1923027 -0.0234716348
  33.2423668 -0.0243334267
  33.2924309 -0.0254824888
  33.342495 -0.0251952205
  33.3925591 -0.026918808
  33.4426231 -0.0283551347
  33.4926872 -0.0277806018
  33.5427513 -0.0266315434
  33.5928154 -0.0277806018
  33.6428795 -0.0280678589
  33.6929436 -0.0272060651
  33.7430077 -0.0286423936
  33.7930717 -0.0295041874
  33.843132 -0.0318023041
  33.8931961 -0.033238627
  33.9432602 -0.033238627
  33.9933243 -0.033238627
  34.0433884 -0.0358240046
  34.0934525 -0.0346749462
  34.1435165 -0.0355367362
  34.1935806 -0.0363985337
  34.2436447 -0.0358240008
  34.2937088 -0.0343876816
  34.3437729 -0.0343876891
  34.393837 -0.0341004245
  34.4439011 -0.0323768333
  34.4939651 -0.0312277731
  34.5440254 -0.030653242
  34.5940895 -0.0315150395
  34.6441536 -0.0315150395
  34.6942177 -0.0300787147
  34.7442818 -0.0309405103
  34.7943459 -0.0318023041
  34.8444099 -0.0312277731
  34.894474 -0.0303659774
  34.9445381 -0.0300787129
  34.9946022 -0.0312277712
  35.0446663 -0.0297914483
  35.0947304 -0.0292169172
  35.1447945 -0.0303659756
  35.1948586 -0.030078711
  35.2449188 -0.0286423918
  35.2949829 -0.0274933334
  35.345047 -0.0254824832
  35.3951111 -0.024907954
  35.4451752 -0.0237588957
  35.4952393 -0.0208862554
  35.5453033 -0.0208862517
  35.5953674 -0.0211735182
  35.6454315 -0.020598989
  35.6954956 -0.0191626698
  35.7455597 -0.0188754052
  35.7956238 -0.0194499362
  35.8456879 -0.0200244635
  35.8957481 -0.02117352
  35.9458122 -0.0208862554
  35.9958763 -0.0237588976
  36.0459404 -0.0251952205
  36.0960045 -0.0260570142
  36.1460686 -0.0254824851
  36.1961327 -0.0269188043
  36.2461967 -0.0274933334
  36.2962608 -0.0257697497
  36.3463249 -0.0234716367
  36.396389 -0.0243334305
  36.4464531 -0.0263442788
  36.4965172 -0.0257697515
  36.5465813 -0.0257697534
  36.5966415 -0.0251952261
  36.6467056 -0.0243334305
  36.6967697 -0.0257697515
  36.7468338 -0.0243334267
  36.7968979 -0.0263442807
  36.846962 -0.0269188099
  36.8970261 -0.0277806018
  36.9470901 -0.0280678663
  36.9971542 -0.0289296601
  37.0472183 -0.0309405103
  37.0972824 -0.0312277749
  37.1473465 -0.0315150395
  37.1974106 -0.0312277731
  37.2474747 -0.0315150358
  37.2975349 -0.0297914483
  37.347599 -0.0309405066
  37.3976631 -0.0309405066
  37.4477272 -0.0323768258
  37.4977913 -0.0306532402
  37.5478554 -0.0303659774
  37.5979195 -0.0326640904
  37.6479836 -0.0312277712
  37.6980476 -0.0318022966
  37.7481117 -0.0332386196
  37.7981758 -0.0341004133
  37.8482399 -0.0338131487
  37.898304 -0.0346749462
  37.9483643 -0.0358240008
  37.9984283 -0.0355367362
  38.0484924 -0.0352494679
  38.0985565 -0.0335258879
  38.1486206 -0.0346749425
  38.1986847 -0.0318023004
  38.2487488 -0.0312277712
  38.2988129 -0.0320895649
  38.348877 -0.0297914483
  38.398941 -0.0300787129
  38.4490051 -0.0297914483
  38.4990692 -0.0286423936
  38.5491333 -0.0297914483
  38.5991974 -0.0303659774
  38.6492577 -0.0320895649
  38.6993217 -0.0309405066
  38.7493858 -0.0303659774
  38.7994499 -0.0300787147
  38.849514 -0.0318023004
  38.8995781 -0.0295041893
  38.9496422 -0.0286423936
  38.9997063 -0.0295041818
  39.0497704 -0.026918808
  39.0998344 -0.0274933334
  39.1498985 -0.0274933334
  39.1999626 -0.0266315378
  39.2500267 -0.0289296526
  39.3000908 -0.0286423899
  39.3501511 -0.0283551235
  39.4002151 -0.0280678626
  39.4502792 -0.0295041837
  39.5003433 -0.029216921
  39.5504074 -0.0297914483
  39.6004715 -0.0283551291
  39.6505356 -0.0289296582
  39.7005997 -0.0283551309
  39.7506638 -0.0277806018
  39.8007278 -0.027493339
  39.8507919 -0.0266315471
  39.900856 -0.0249079578
  39.9509201 -0.0266315471
  40.0009804 -0.027493339
  40.0510445 -0.0272060763
  40.1011086 -0.0280678663
  40.1511726 -0.0297914483
  40.2012367 -0.0289296526
  40.2513008 -0.0292169172
  40.3013649 -0.0289296545
  40.351429 -0.0283551253
  40.4014931 -0.027780598
  40.4515572 -0.027780598
  40.5016212 -0.0280678663
  40.5516853 -0.027780598
  40.6017494 -0.0272060707
  40.6518135 -0.0286423899
  40.7018738 -0.028067857
  40.7519379 -0.0277805943
  40.802002 -0.026631536
  40.852066 -0.026631536
  40.9021301 -0.0277805962
  40.9521942 -0.0277805943
  41.0022583 -0.0280678589
  41.0523224 -0.0292169154
  41.1023865 -0.0306532402
  41.1524506 -0.0312277731
  41.2025146 -0.0309405085
  41.2525787 -0.029791452
  41.3026428 -0.0303659793
  41.3527069 -0.0297914501
  41.4027672 -0.0306532457
  41.4528313 -0.0297914501
  41.5028954 -0.0303659793
  41.5529594 -0.0312277731
  41.6030235 -0.0323768333
  41.6530876 -0.0323768295
  41.7031517 -0.0323768295
  41.7532158 -0.0329513587
  41.8032799 -0.0326640867
  41.853344 -0.0329513513
  41.9034081 -0.0323768221
  41.9534721 -0.0335258767
  42.0035362 -0.0335258767
  42.0535965 -0.0332386121
  42.1036606 -0.0326640867
  42.1537247 -0.0318023004
  42.2037888 -0.0329513587
  42.2538528 -0.0326640978
  42.3039169 -0.0343876891
  42.353981 -0.0355367474
  42.4040451 -0.0355367474
  42.4541092 -0.0332386307
  42.5041733 -0.032376837
  42.5542374 -0.0332386307
  42.6043015 -0.0329513624
  42.6543655 -0.0303659774
  42.7044296 -0.0312277731
  42.7544899 -0.0300787129
  42.804554 -0.0289296582
  42.8546181 -0.0272060707
  42.9046822 -0.0289296601
  42.9547462 -0.0283551291
  43.0048103 -0.0280678626
  43.0548744 -0.0297914501
  43.1049385 -0.029791452
  43.1550026 -0.0306532457
  43.2050667 -0.0283551309
  43.2551308 -0.0274933353
  43.3051949 -0.0272060707
  43.3552589 -0.029216921
  43.4053192 -0.0292169247
  43.4553833 -0.0292169247
  43.5054474 -0.0274933372
  43.5555115 -0.0286423955
  43.6055756 -0.0295041893
  43.6556396 -0.0312277749
  43.7057037 -0.0323768295
  43.7557678 -0.0318023041
  43.8058319 -0.0323768333
  43.855896 -0.0326640941
  43.9059601 -0.0323768295
  43.9560242 -0.0329513587
  44.0060883 -0.0326640978
  44.0561523 -0.0329513587
  44.1062126 -0.0315150395
  44.1562767 -0.0329513624
  44.2063408 -0.0329513624
  44.2564049 -0.0329513662
  44.306469 -0.0320895687
  44.3565331 -0.0335258916
  44.4065971 -0.0326640941
  44.4566612 -0.0332386233
  44.5067253 -0.0332386233
  44.5567894 -0.0352494754
  44.6068535 -0.0358240008
  44.6569176 -0.0361112654
  44.7069817 -0.0343876816
  44.7570457 -0.0338131487
  44.807106 -0.0338131487
  44.8571701 -0.0335258804
  44.9072342 -0.0326640904
  44.9572983 -0.0335258842
  45.0073624 -0.0315150395
  45.0574265 -0.0315150395
  45.1074905 -0.0320895687
  45.1575546 -0.0323768295
  45.2076187 -0.0338131525
  45.2576828 -0.0329513587
  45.3077469 -0.0335258879
  45.357811 -0.0329513587
  45.4078751 -0.034100417
  45.4579353 -0.0332386233
  45.5079994 -0.0326640904
  45.5580635 -0.0326640941
  45.6081276 -0.0320895649
  45.6581917 -0.0326640904
  45.7082558 -0.0338131487
  45.7583199 -0.0326640941
  45.8083839 -0.0309405066
  45.858448 -0.029216921
  45.9085121 -0.0309405085
  45.9585762 -0.0292169191
  46.0086403 -0.0312277712
  46.0587044 -0.0332386233
  46.1087685 -0.0320895649
  46.1588287 -0.0312277712
  46.2088928 -0.0318023004
  46.2589569 -0.0326640978
  46.309021 -0.0323768333
  46.3590851 -0.0323768295
  46.4091492 -0.0335258916
  46.4592133 -0.0335258916
  46.5092773 -0.033238627
  46.5593414 -0.0326640978
  46.6094055 -0.0326640978
  46.6594696 -0.0312277731
  46.7095337 -0.0309405085
  46.7595978 -0.0303659774
  46.8096619 -0.0300787147
  46.8597221 -0.0306532402
  46.9097862 -0.0320895649
  46.9598503 -0.0320895649
  47.0099144 -0.0312277731
  47.0599785 -0.0320895687
  47.1100426 -0.0326640904
  47.1601067 -0.0329513513
  47.2101707 -0.0312277619
  47.2602348 -0.02950418
  47.3102989 -0.0312277656
  47.360363 -0.0306532402
  47.4104271 -0.0283551235
  47.4604912 -0.0269188024
  47.5105515 -0.0272060633
  47.5606155 -0.0272060651
  47.6106796 -0.0272060651
  47.6607437 -0.0263442751
  47.7108078 -0.0274933334
  47.7608719 -0.0283551235
  47.810936 -0.0277805962
  47.8610001 -0.0274933316
  47.9110641 -0.027780598
  47.9611282 -0.0280678608
  48.0111923 -0.0269188005
  48.0612564 -0.0266315397
  48.1113205 -0.0254824795
  48.1613846 -0.0249079503
  48.2114449 -0.0240461584
  48.2615089 -0.0223225746
  48.311573 -0.0226098392
  48.3616371 -0.0231843665
  48.4117012 -0.0254824813
  48.4617653 -0.0254824813
  48.5118294 -0.0266315378
  48.5618935 -0.0260570087
  48.6119576 -0.0269188005
  48.6620216 -0.0277805962
  48.7120857 -0.0274933316
  48.7621498 -0.0283551216
  48.8122139 -0.0289296526
  48.862278 -0.0289296526
  48.9123383 -0.0277805943
  48.9624023 -0.0272060633
  49.0124664 -0.0272060651
  49.0625305 -0.0283551253
  49.1125946 -0.0303659756
  49.1626587 -0.0309405066
  49.2127228 -0.0300787129
  49.2627869 -0.0320895612
  49.312851 -0.0329513513
  49.362915 -0.0329513513
  49.4129791 -0.0326640904
  49.4630432 -0.0329513587
  49.5131073 -0.0338131525
  49.5631676 -0.0335258842
  49.6132317 -0.0332386196
  49.6632957 -0.0320895612
  49.7133598 -0.0315150321
  49.7634239 -0.0312277712
  49.813488 -0.0297914501
  49.8635521 -0.0312277712
  49.9136162 -0.0309405066
  49.9636803 -0.0323768258
  50.0137444 -0.0332386196
  50.0638084 -0.0326640941
  50.1138725 -0.0315150321
  50.1639366 -0.0323768258
  50.2140007 -0.0332386196
  50.264061 -0.0320895612
  50.3141251 -0.032951355
  50.3641891 -0.0309405029
  50.4142532 -0.0309404992
  50.4643173 -0.030940501
  50.5143814 -0.0309404992
  50.5644455 -0.0315150321
  50.6145096 -0.0323768221
  50.6645737 -0.0318022966
  50.7146378 -0.0323768258
  50.7647018 -0.0323768258
  50.8147659 -0.0318023004
  50.86483 -0.0309405085
  50.9148941 -0.0300787147
  50.9649544 -0.0303659774
  51.0150185 -0.0297914483
  51.0650826 -0.0297914445
  51.1151466 -0.0297914427
  51.1652107 -0.0286423899
  51.2152748 -0.0277805943
  51.2653389 -0.0283551235
  51.315403 -0.0286423918
  51.3654671 -0.029216921
  51.4155312 -0.027780598
  51.4655952 -0.0272060726
  51.5156593 -0.0274933372
  51.5657234 -0.0286423936
  51.6157837 -0.030365983
  51.6658478 -0.0292169247
  51.7159119 -0.0295041874
  51.765976 -0.0263442788
  51.81604 -0.0272060744
  51.8661041 -0.0277805999
  51.9161682 -0.0263442788
  51.9662323 -0.0260570161
  52.0162964 -0.0266315434
  52.0663605 -0.026918808
  52.1164246 -0.0243334305
  52.1664886 -0.024046164
  52.2165527 -0.0251952205
  52.2666168 -0.0249079559
  52.3166771 -0.0254824813
  52.3667412 -0.0254824795
  52.4168053 -0.0257697441
  52.4668694 -0.0266315397
  52.5169334 -0.0269188024
  52.5669975 -0.0286423918
  52.6170616 -0.0280678663
  52.6671257 -0.0274933353
  52.7171898 -0.0295041893
  52.7672539 -0.0283551291
  52.817318 -0.0283551309
  52.867382 -0.0295041893
  52.9174461 -0.0300787166
  52.9675102 -0.0289296582
  53.0175705 -0.0315150395
  53.0676346 -0.0312277749
  53.1176987 -0.0320895687
  53.1677628 -0.0323768333
  53.2178268 -0.0323768333
  53.2678909 -0.0326640978
  53.317955 -0.0318023004
  53.3680191 -0.0320895687
  53.4180832 -0.0312277749
  53.4681473 -0.030365983
  53.5182114 -0.0306532495
  53.5682755 -0.0309405103
  53.6183395 -0.0312277749
  53.6683998 -0.0338131562
  53.7184639 -0.0349622145
  53.768528 -0.0369730629
  53.8185921 -0.0378348567
  53.8686562 -0.0389839076
  53.9187202 -0.040420223
  53.9687843 -0.0407074951
  54.0188484 -0.0415692814
  54.0689125 -0.0395584404
  54.1189766 -0.038696643
  54.1690407 -0.0389839113
  54.2191048 -0.0386966392
  54.2691689 -0.0384093709
  54.3192329 -0.038696643
  54.3692932 -0.0398457013
  54.4193573 -0.0401329622
  54.4694214 -0.0412820168
  54.5194855 -0.0424310751
  54.5695496 -0.0424310751
  54.6196136 -0.0438674092
  54.6696777 -0.0441546701
  54.7197418 -0.044729203
  54.7698059 -0.0458782613
  54.81987 -0.0453037322
  54.8699341 -0.0432928838
  54.9199982 -0.0427183509
  54.9700623 -0.0444419421
  55.0201263 -0.0455909893
  55.0701866 -0.0455909856
  55.1202507 -0.0450164601
  55.1703148 -0.0458782539
  55.2203789 -0.0453037173
  55.270443 -0.0438673981
  55.320507 -0.043580126
  55.3705711 -0.0427183397
  55.4206352 -0.0424310751
  55.4706993 -0.0424310789
  55.5207634 -0.0412820242
  55.5708275 -0.041282028
  55.6208916 -0.0421438217
  55.6709557 -0.0427183472
  55.7210159 -0.0427183434
  55.77108 -0.0430056043
  55.8211441 -0.0430056043
  55.8712082 -0.0421438143
  55.9212723 -0.041282028
  55.9713364 -0.0407074988
  56.0214005 -0.0398457013
  56.0714645 -0.0398457013
  56.1215286 -0.0389839076
  56.1715927 -0.0389839076
  56.2216568 -0.0401329696
  56.2717209 -0.0398457013
  56.321785 -0.0401329622
  56.3718491 -0.0392711684
  56.4219093 -0.0392711759
  56.4719734 -0.0369730666
  56.5220375 -0.0375475921
  56.5721016 -0.0369730666
  56.6221657 -0.0384093821
  56.6722298 -0.03553674
  56.7222939 -0.0343876816
  56.7723579 -0.0349622108
  56.822422 -0.0358240008
  56.8724861 -0.0349622145
  56.9225502 -0.0329513587
  56.9726143 -0.0315150321
  57.0226784 -0.0318022966
  57.0727425 -0.0312277656
  57.1228027 -0.0303659756
  57.1728668 -0.0300787073
  57.2229309 -0.0312277693
  57.272995 -0.0300787054
  57.3230591 -0.0283551216
  57.3731232 -0.0289296526
  57.4231873 -0.0289296526
  57.4732513 -0.0277805943
  57.5233154 -0.0295041781
  57.5733795 -0.0295041781
  57.6234436 -0.0289296489
  57.6735077 -0.0292169172
  57.7235718 -0.0303659756
  57.773632 -0.0303659737
  57.8236961 -0.0300787073
  57.8737602 -0.030078711
  57.9238243 -0.0318023004
  57.9738884 -0.0312277712
  58.0239525 -0.0295041874
  58.0740166 -0.0297914483
  58.1240807 -0.0312277693
  58.1741447 -0.0312277693
  58.2242088 -0.0306532402
  58.2742729 -0.0326640904
  58.324337 -0.0329513587
  58.3744011 -0.032951355
  58.4244652 -0.0346749462
  58.4745255 -0.0343876816
  58.5245895 -0.0361112691
  58.5746536 -0.0384093821
  58.6247177 -0.0384093821
  58.6747818 -0.0381221175
  58.7248459 -0.0392711759
  58.77491 -0.0407074951
  58.8249741 -0.0401329622
  58.8750381 -0.0389839038
  58.9251022 -0.0401329547
  58.9751663 -0.039558433
  59.0252304 -0.0392711684
  59.0752945 -0.0398456976
  59.1253586 -0.0381221138
  59.1754189 -0.0398457013
  59.2254829 -0.0407074951
  59.275547 -0.0407074951
  59.3256111 -0.0407074951
  59.3756752 -0.0412820205
  59.4257393 -0.0409947596
  59.4758034 -0.0412820205
  59.5258675 -0.0401329733
  59.5759315 -0.0392711759
  59.6259956 -0.0407074988
  59.6760597 -0.0415692925
  59.7261238 -0.0407074951
  59.7761879 -0.0409947596
  59.8262482 -0.0418565534
  59.8763123 -0.0427183472
  59.9263763 -0.041282028
  59.9764404 -0.0418565534
  60.0265045 -0.0409947596
  60.0765686 -0.0404202268
  60.1266327 -0.0407074876
  60.1766968 -0.0401329622
  60.2267609 -0.0378348567
  60.276825 -0.0384093858
  60.326889 -0.0378348567
  60.3769531 -0.0372603275
  60.4270172 -0.0361112691
  60.4770813 -0.0343876816
  60.5271416 -0.0341004208
  60.5772057 -0.0338131562
  60.6272697 -0.0318023078
  60.6773338 -0.029216921
  60.7273979 -0.027780598
  60.777462 -0.0272060726
  60.8275261 -0.0272060707
  60.8775902 -0.0263442751
  60.9276543 -0.0234716386
  60.9777184 -0.0240461677
  61.0277824 -0.0237589013
  61.0778465 -0.0237589013
  61.1279106 -0.023184374
  61.1779709 -0.0211735219
  61.228035 -0.0208862573
  61.2780991 -0.0208862573
  61.3281631 -0.0197371989
  61.3782272 -0.0177263524
  61.4282913 -0.0171518195
  61.4783554 -0.0180136152
  61.5284195 -0.0157155003
  61.5784836 -0.0142791793
  61.6285477 -0.0142791793
  61.6786118 -0.0131301219
  61.7286758 -0.010832008
  61.7787399 -0.010832008
  61.828804 -0.0108320098
  61.8788643 -0.00939568784
  61.9289284 -0.00939568784
  61.9789925 -0.00681030937
  62.0290565 -0.00709757442
  62.0791206 -0.00709757395
  62.1291847 -0.00508672511
  62.1792488 -0.00594851607
  62.2293129 -0.00623578066
  62.279377 -0.00623578019
  62.3294411 -0.00623578066
  62.3795052 -0.00623577926
  62.4295692 -0.00537398644
  62.4796333 -0.0047994582
  62.5296974 -0.00393766444
  62.5797577 -0.00422492856
  62.6298218 -0.00365040009
  62.6798859 -0.00652304292
  62.72995 -0.00681030704
  62.780014 -0.00767210126
  62.8300781 -0.00767210219
  62.8801422 -0.00767210172
  62.9302063 -0.00853389502
  62.9802704 -0.00997021701
  63.0303345 -0.0111192726
  63.0803986 -0.0111192726
  63.1304626 -0.0125555936
  63.1805267 -0.01226833
  63.230587 -0.0116938017
  63.2806511 -0.0128428573
  63.3307152 -0.0122683309
  63.3807793 -0.0108320098
  63.4308434 -0.0111192726
  63.4809074 -0.0116938017
  63.5309715 -0.0131301219
  63.5810356 -0.01226833
  63.6310997 -0.0116938008
  63.6811638 -0.0148537066
  63.7312279 -0.0151409712
  63.781292 -0.0168645587
  63.831356 -0.0188754071
  63.8814201 -0.0211735182
  63.9314804 -0.0243334267
  63.9815445 -0.0249079578
  64.0316086 -0.0251952205
  64.0816727 -0.0251952205
  64.1317368 -0.0234716348
  64.1818008 -0.0249079559
  64.2318649 -0.0254824851
  64.281929 -0.026344277
  64.3319931 -0.026918808
  64.3820572 -0.0266315434
  64.4321213 -0.0266315416
  64.4821854 -0.0277805999
  64.5322495 -0.0260570142
  64.5823135 -0.026344277
  64.6323776 -0.027780598
  64.6824417 -0.0286423918
  64.7325058 -0.0283551291
  64.7825699 -0.0272060726
  64.832634 -0.0272060707
  64.8826981 -0.0269188099
  64.9327621 -0.0260570142
  64.9828186 -0.0266315416
  65.0328827 -0.0263442807
  65.0829468 -0.0260570142
  65.1330109 -0.0257697459
  65.183075 -0.0260570124
  65.233139 -0.026344277
  65.2832031 -0.0280678608
  65.3332672 -0.026344277
  65.3833313 -0.0257697497
  65.4333954 -0.0260570142
  65.4834595 -0.0257697497
  65.5335236 -0.0272060726
  65.5835876 -0.0260570161
  65.6336517 -0.0237588976
  65.6837158 -0.0231843684
  65.7337799 -0.0226098411
  65.783844 -0.0214607846
  65.8339081 -0.0220353138
  65.8839722 -0.0217480473
  65.9340363 -0.0228971094
  65.9841003 -0.0228971094
  66.0341644 -0.0228971094
  66.0842285 -0.0226098429
  66.1342926 -0.0228971094
  66.1843567 -0.0223225802
  66.2344208 -0.0220353156
  66.2844849 -0.0228971038
  66.3345413 -0.02203531
  66.3846054 -0.0214607827
  66.4346695 -0.0217480473
  66.4847336 -0.0214607846
  66.5347977 -0.0203117263
  66.5848618 -0.0188754071
  66.6349258 -0.0177263506
  66.6849899 -0.0180136152
  66.735054 -0.0174390879
  66.7851181 -0.0183008816
  66.8351822 -0.0177263524
  66.8852463 -0.016577296
  66.9353104 -0.0168645587
  66.9853745 -0.0197372008
  67.0354385 -0.0191626698
  67.0855026 -0.0203117281
  67.1355667 -0.0223225784
  67.1856308 -0.021748051
  67.2356949 -0.0197371989
  67.285759 -0.0223225765
  67.3358231 -0.02203531
  67.3858871 -0.0226098374
  67.4359512 -0.0243334211
  67.4860153 -0.0246206876
  67.5360794 -0.0240461584
  67.5861435 -0.0240461584
  67.6362076 -0.0234716292
  67.686264 -0.024907954
  67.7363281 -0.027206067
  67.7863922 -0.0266315378
  67.8364563 -0.0269188043
  67.8865204 -0.0249079578
  67.9365845 -0.0257697515
  67.9866486 -0.0260570142
  68.0367126 -0.0269188043
  68.0867767 -0.027206067
  68.1368408 -0.027206067
  68.1869049 -0.0274933334
  68.236969 -0.0295041874
  68.2870331 -0.0300787184
  68.3370972 -0.0303659867
  68.3871613 -0.0309405178
  68.4372253 -0.0318023115
  68.4872894 -0.0329513662
  68.5373535 -0.0329513624
  68.5874176 -0.0318023041
  68.6374817 -0.0320895724
  68.6875458 -0.0306532476
  68.7376099 -0.0292169191
  68.787674 -0.0312277731
  68.837738 -0.0315150395
  68.8878021 -0.0306532457
  68.9378662 -0.0335258879
  68.9879303 -0.0343876816
  69.0379868 -0.0338131525
  69.0880508 -0.0341004208
  69.1381149 -0.0338131562
  69.188179 -0.0343876854
  69.2382431 -0.0349622145
  69.2883072 -0.0329513662
  69.3383713 -0.0332386307
  69.3884354 -0.0318023078
  69.4384995 -0.0335258916
  69.4885635 -0.033238627
  69.5386276 -0.0338131562
  69.5886917 -0.0352494791
  69.6387558 -0.0349622145
  69.6888199 -0.0361112654
  69.738884 -0.0358240046
  69.7889481 -0.0361112654
  69.8390121 -0.0349622108
  69.8890762 -0.0346749425
  69.9391403 -0.0326640941
  69.9892044 -0.0323768258
  70.0392685 -0.0320895649
  70.0893326 -0.0309405066
  70.1393967 -0.0292169172
  70.1894608 -0.0289296545
  70.2395248 -0.0289296545
  70.2895889 -0.0274933279
  70.339653 -0.028067857
  70.3897171 -0.0263442751
  70.4397736 -0.0280678589
  70.4898376 -0.0277805943
  70.5399017 -0.0297914445
  70.5899658 -0.030078711
  70.6400299 -0.030078711
  70.690094 -0.0303659774
  70.7401581 -0.030940501
  70.7902222 -0.029791452
  70.8402863 -0.0292169247
  70.8903503 -0.0303659849
  70.9404144 -0.0300787166
  70.9904785 -0.0292169247
  71.0405426 -0.0303659793
  71.0906067 -0.0303659793
  71.1406708 -0.0289296545
  71.1907349 -0.0315150321
  71.240799 -0.030653242
  71.290863 -0.032951355
  71.3409271 -0.0326640904
  71.3909912 -0.0326640904
  71.4410553 -0.0338131562
  71.4911194 -0.0335258916
  71.5411835 -0.0309405085
  71.5912476 -0.0295041893
  71.6413116 -0.0306532457
  71.6913757 -0.0295041893
  71.7414398 -0.0297914539
  71.7914963 -0.0312277731
  71.8415604 -0.0326640941
  71.8916245 -0.0329513587
  71.9416885 -0.0346749462
  71.9917526 -0.0358240046
  72.0418167 -0.0349622071
  72.0918808 -0.0352494717
  72.1419449 -0.0341004133
  72.192009 -0.0363985337
  72.2420731 -0.0346749425
  72.2921371 -0.0338131487
  72.3422012 -0.0323768295
  72.3922653 -0.030653242
  72.4423294 -0.0300787166
  72.4923935 -0.0312277731
  72.5424576 -0.0318023004
  72.5925217 -0.0335258916
  72.6425858 -0.0326640941
  72.6926498 -0.0326640978
  72.7427139 -0.0326640978
  72.792778 -0.0338131562
  72.8428421 -0.0326640941
  72.8929062 -0.0303659774
  72.9429703 -0.0295041837
  72.9930344 -0.0300787147
  73.0430984 -0.0318023041
  73.0931625 -0.0326640978
  73.143219 -0.0315150358
  73.1932831 -0.0312277656
  73.2433472 -0.0320895612
  73.2934113 -0.0341004133
  73.3434753 -0.0338131487
  73.3935394 -0.032951355
  73.4436035 -0.0346749462
  73.4936676 -0.0332386196
  73.5437317 -0.030940501
  73.5937958 -0.0300787129
  73.6438599 -0.0306532402
  73.693924 -0.0300787129
  73.743988 -0.0309405103
  73.7940521 -0.0306532457
  73.8441162 -0.0309405103
  73.8941803 -0.0315150395
  73.9442444 -0.0318023004
  73.9943085 -0.0306532457
  74.0443726 -0.0318023041
  74.0944366 -0.030653242
  74.1445007 -0.0300787129
  74.1945648 -0.0309405029
  74.2446289 -0.0332386196
  74.294693 -0.0335258879
  74.3447571 -0.034100417
  74.3948212 -0.0346749499
  74.4448853 -0.0332386233
  74.4949493 -0.0343876816
  74.5450058 -0.0349622145
  74.5950699 -0.0349622145
  74.645134 -0.0343876816
  74.6951981 -0.0335258842
  74.7452621 -0.0326640904
  74.7953262 -0.0320895649
  74.8453903 -0.0309405103
  74.8954544 -0.030365983
  74.9455185 -0.0315150432
  74.9955826 -0.0300787166
  75.0456467 -0.0312277749
  75.0957108 -0.030365983
  75.1457748 -0.0300787147
  75.1958389 -0.0315150395
  75.245903 -0.0315150358
  75.2959671 -0.0312277731
  75.3460312 -0.0303659774
  75.3960953 -0.0309405085
  75.4461594 -0.0309405066
  75.4962234 -0.0289296526
  75.5462875 -0.0309405066
  75.5963516 -0.0320895649
  75.6464157 -0.0309405066
  75.6964798 -0.0323768333
  75.7465439 -0.030653242
  75.796608 -0.0315150358
  75.8466721 -0.0318023004
  75.8967285 -0.0329513587
  75.9467926 -0.0320895649
  75.9968567 -0.0323768333
  76.0469208 -0.0326640941
  76.0969849 -0.0323768333
  76.147049 -0.0303659774
  76.197113 -0.0309405066
  76.2471771 -0.030365983
  76.2972412 -0.0300787184
  76.3473053 -0.0292169265
  76.3973694 -0.0280678682
  76.4474335 -0.0272060744
  76.4974976 -0.0283551309
  76.5475616 -0.0283551309
  76.5976257 -0.0300787166
  76.6476898 -0.0318023004
  76.6977539 -0.0320895649
  76.747818 -0.0326640904
  76.7978821 -0.0329513587
  76.8479462 -0.0346749462
  76.8980103 -0.0335258842
  76.9480743 -0.0326640941
  76.9981384 -0.0320895649
  77.0482025 -0.0323768333
  77.0982666 -0.0320895724
  77.1483307 -0.0312277768
  77.1983948 -0.0312277749
  77.2484512 -0.0315150395
  77.2985153 -0.0309405103
  77.3485794 -0.0309405122
  77.3986435 -0.0329513624
  77.4487076 -0.0318023041
  77.4987717 -0.0326640941
  77.5488358 -0.0323768295
  77.5988998 -0.0329513587
  77.6489639 -0.0326640978
  77.699028 -0.0309405122
  77.7490921 -0.029791452
  77.7991562 -0.0289296601
  77.8492203 -0.0272060744
  77.8992844 -0.0266315434
  77.9493484 -0.0272060744
  77.9994125 -0.0280678626
  78.0494766 -0.0283551253
  78.0995407 -0.0280678626
  78.1496048 -0.0292169191
  78.1996689 -0.030653242
  78.249733 -0.0320895649
  78.2997971 -0.0320895612
  78.3498611 -0.0332386233
  78.3999252 -0.0343876816
  78.4499893 -0.0346749462
  78.5000534 -0.0335258842
  78.5501175 -0.0338131525
  78.6001816 -0.0343876816
  78.650238 -0.0349622071
  78.7003021 -0.0343876816
  78.7503662 -0.0341004208
  78.8004303 -0.0318023041
  78.8504944 -0.0315150432
  78.9005585 -0.030365983
  78.9506226 -0.0292169247
  79.0006866 -0.026918808
  79.0507507 -0.0266315416
  79.1008148 -0.026344277
  79.1508789 -0.026918808
  79.200943 -0.0280678608
  79.2510071 -0.027780598
  79.3010712 -0.0280678608
  79.3511353 -0.0280678626
  79.4011993 -0.0292169172
  79.4512634 -0.0297914445
  79.5013275 -0.0323768258
  79.5513916 -0.0329513624
  79.6014557 -0.0312277749
  79.6515198 -0.0318023004
  79.7015839 -0.0306532402
  79.7516479 -0.0300787129
  79.801712 -0.0297914445
  79.8517761 -0.0286423862
  79.9018402 -0.026631536
  79.9519043 -0.0266315378
  80.0019608 -0.0266315378
  80.0520248 -0.0263442732
  80.1020889 -0.0266315378
  80.152153 -0.027780598
  80.2022171 -0.0283551309
  80.2522812 -0.0274933353
  80.3023453 -0.0289296564
  80.3524094 -0.0309405085
  80.4024734 -0.0306532457
  80.4525375 -0.0318023041
  80.5026016 -0.030365983
  80.5526657 -0.0309405085
  80.6027298 -0.0306532457
  80.6527939 -0.0303659793
  80.702858 -0.0289296582
  80.7529221 -0.0297914539
  80.8029861 -0.0300787166
  80.8530502 -0.0306532457
  80.9031143 -0.0309405085
  80.9531784 -0.0315150395
  81.0032425 -0.0303659793
  81.0533066 -0.0309405085
  81.1033707 -0.0300787166
  81.1534348 -0.0323768258
  81.2034988 -0.032951355
  81.2535629 -0.0341004096
  81.303627 -0.0332386196
  81.3536835 -0.0323768295
  81.4037476 -0.0323768295
  81.4538116 -0.0323768333
  81.5038757 -0.0329513624
  81.5539398 -0.0326640941
  81.6040039 -0.0318023004
  81.654068 -0.0315150321
  81.7041321 -0.0320895649
  81.7541962 -0.0320895649
  81.8042603 -0.0318023004
  81.8543243 -0.0320895649
  81.9043884 -0.0312277712
  81.9544525 -0.0318023004
  82.0045166 -0.0335258842
  82.0545807 -0.0320895649
  82.1046448 -0.0318023041
  82.1547089 -0.0323768295
  82.2047729 -0.0329513587
  82.254837 -0.0332386196
  82.3049011 -0.0306532457
  82.3549652 -0.0318023004
  82.4050293 -0.0318023004
  82.4550934 -0.0297914501
  82.5051575 -0.0300787129
  82.5552216 -0.0309405029
  82.6052856 -0.0312277712
  82.6553497 -0.0318023004
  82.7054138 -0.0312277749
  82.7554703 -0.0309405103
  82.8055344 -0.0320895687
  82.8555984 -0.0326640978
  82.9056625 -0.0318023004
  82.9557266 -0.0312277693
  83.0057907 -0.0312277693
  83.0558548 -0.0315150321
  83.1059189 -0.0332386196
  83.155983 -0.0320895575
  83.2060471 -0.0315150283
  83.2561111 -0.0306532346
  83.3061752 -0.0315150283
  83.3562393 -0.030940501
  83.4063034 -0.0318022966
  83.4563675 -0.030940501
  83.5064316 -0.0318022929
  83.5564957 -0.0323768258
  83.6065598 -0.0318022966
  83.6566238 -0.0332386233
  83.7066879 -0.0346749462
  83.756752 -0.0332386233
  83.8068161 -0.0349622071
  83.8568802 -0.0363985337
  83.9069443 -0.0358240008
  83.9570084 -0.0349622071
  84.0070724 -0.0346749499
  84.0571365 -0.0346749499
  84.107193 -0.0352494754
  84.1572571 -0.033238627
  84.2073212 -0.0318022966
  84.2573853 -0.0312277712
  84.3074493 -0.0318023004
  84.3575134 -0.0312277731
  84.4075775 -0.0320895649
  84.4576416 -0.0338131525
  84.5077057 -0.0349622108
  84.5577698 -0.0343876816
  84.6078339 -0.0372603238
  84.6578979 -0.0375475921
  84.707962 -0.0381221138
  84.7580261 -0.0381221138
  84.8080902 -0.0369730592
  84.8581543 -0.0372603238
  84.9082184 -0.03639853
  84.9582825 -0.0375475883
  85.0083466 -0.0352494754
  85.0584106 -0.0349622071
  85.1084747 -0.0346749425
  85.1585388 -0.0335258879
  85.2086029 -0.0343876816
  85.258667 -0.0318023004
  85.3087311 -0.0306532476
  85.3587952 -0.0309405103
  85.4088593 -0.0315150358
  85.4589157 -0.0318023041
  85.5089798 -0.0323768333
  85.5590439 -0.0323768333
  85.609108 -0.0315150395
  85.6591721 -0.0326640978
  85.7092361 -0.0326640904
  85.7593002 -0.0318022966
  85.8093643 -0.0326640904
  85.8594284 -0.0343876816
  85.9094925 -0.0318023004
  85.9595566 -0.0323768258
  86.0096207 -0.0323768221
  86.0596848 -0.0318022929
  86.1097488 -0.0329513513
  86.1598129 -0.0329513513
  86.209877 -0.0338131487
  86.2599411 -0.0332386233
  86.3100052 -0.0306532457
  86.3600693 -0.0309405085
  86.4101334 -0.0320895649
  86.4601974 -0.0326640978
  86.5102615 -0.0335258916
  86.5603256 -0.0338131562
  86.6103897 -0.0335258916
  86.6604538 -0.0343876854
  86.7105179 -0.0361112729
  86.760582 -0.0361112691
  86.8106384 -0.0372603275
  86.8607025 -0.0361112691
  86.9107666 -0.0358240046
  86.9608307 -0.0358240046
  87.0108948 -0.034100417
  87.0609589 -0.0346749499
  87.1110229 -0.0315150395
  87.161087 -0.0323768295
  87.2111511 -0.0315150358
  87.2612152 -0.0329513587
  87.3112793 -0.0329513587
  87.3613434 -0.0335258842
  87.4114075 -0.0343876816
  87.4614716 -0.0366857946
  87.5115356 -0.0372603238
  87.5615997 -0.0363985375
  87.6116638 -0.0361112691
  87.6617279 -0.03553674
  87.711792 -0.0335258953
  87.7618561 -0.0320895724
  87.8119202 -0.0329513624
  87.8619843 -0.0315150395
  87.9120483 -0.0318023041
  87.9621124 -0.0326640904
  88.0121765 -0.034100417
  88.0622406 -0.0343876816
  88.1123047 -0.0335258879
  88.1623688 -0.0361112654
  88.2124252 -0.0361112654
  88.2624893 -0.0366857946
  88.3125534 -0.0361112654
  88.3626175 -0.0355367362
  88.4126816 -0.0358240008
  88.4627457 -0.0358240008
  88.5128098 -0.0335258842
  88.5628738 -0.0338131487
  88.6129379 -0.0338131525
  88.663002 -0.0329513624
  88.7130661 -0.033238627
  88.7631302 -0.0349622145
  88.8131943 -0.0343876854
  88.8632584 -0.0343876816
  88.9133224 -0.0346749425
  88.9633865 -0.0329513587
  89.0134506 -0.0326640941
  89.0635147 -0.0323768295
  89.1135788 -0.0318023004
  89.1636429 -0.0318023004
  89.213707 -0.0318023004
  89.2637711 -0.0335258879
  89.3138351 -0.0361112691
  89.3638992 -0.0352494754
  89.4139633 -0.0375475921
  89.4640274 -0.0363985337
  89.5140915 -0.0375475921
  89.5641479 -0.0366857983
  89.614212 -0.0361112729
  89.6642761 -0.0352494754
  89.7143402 -0.0363985337
  89.7644043 -0.0361112654
  89.8144684 -0.0355367362
  89.8645325 -0.0338131525
  89.9145966 -0.0352494754
  89.9646606 -0.0366857909
  90.0147247 -0.0361112617
  90.0647888 -0.0355367362
  90.1148529 -0.0346749425
  90.164917 -0.0349622071
  90.2149811 -0.0363985337
  90.2650452 -0.0358240008
  90.3151093 -0.0341004133
  90.3651733 -0.0346749388
  90.4152374 -0.03639853
  90.4653015 -0.03639853
  90.5153656 -0.0366857983
  90.5654297 -0.0352494717
  90.6154938 -0.0352494717
  90.6655579 -0.0355367362
  90.7156219 -0.0361112617
  90.765686 -0.0363985337
  90.8157501 -0.03553674
  90.8658142 -0.0352494754
  90.9158707 -0.0349622071
  90.9659348 -0.0355367362
  91.0159988 -0.0349622034
  91.0660629 -0.0366857946
  91.116127 -0.0363985263
  91.1661911 -0.0366857946
  91.2162552 -0.0381221138
  91.2663193 -0.0372603238
  91.3163834 -0.0381221138
  91.3664474 -0.0366857983
  91.4165115 -0.03553674
  91.4665756 -0.03553674
  91.5166397 -0.03553674
  91.5667038 -0.0346749462
  91.6167679 -0.034100417
  91.666832 -0.0320895649
  91.7168961 -0.0323768258
  91.7669601 -0.034100417
  91.8170242 -0.0329513587
  91.8670883 -0.0349622071
  91.9171524 -0.0352494754
  91.9672165 -0.0349622071
  92.0172806 -0.0343876854
  92.0673447 -0.0346749499
  92.1174088 -0.0352494791
  92.1674728 -0.0341004208
  92.2175369 -0.0338131525
  92.267601 -0.034100417
  92.3176575 -0.0338131487
  92.3677216 -0.0332386196
  92.4177856 -0.0346749462
  92.4678497 -0.0338131487
  92.5179138 -0.0329513587
  92.5679779 -0.0335258879
  92.618042 -0.0338131525
  92.6681061 -0.0318023004
  92.7181702 -0.0338131562
  92.7682343 -0.0346749499
  92.8182983 -0.0335258916
  92.8683624 -0.0352494791
  92.9184265 -0.0343876854
  92.9684906 -0.0343876816
  93.0185547 -0.0343876854
  93.0686188 -0.0346749499
  93.1186829 -0.0335258916
  93.1687469 -0.0335258916
  93.218811 -0.034100417
  93.2688751 -0.0349622071
  93.3189392 -0.0363985263
  93.3690033 -0.0361112654
  93.4190674 -0.0366857946
  93.4691315 -0.0381221175
  93.5191956 -0.0361112691
  93.5692596 -0.0361112729
  93.6193237 -0.0366857983
  93.6693802 -0.0358240008
  93.7194443 -0.0346749499
  93.7695084 -0.0349622108
  93.8195724 -0.0352494754
  93.8696365 -0.0358240008
  93.9197006 -0.0358240008
  93.9697647 -0.0366857946
  94.0198288 -0.0358239934
  94.0698929 -0.0346749425
  94.119957 -0.0352494717
  94.1700211 -0.0355367362
  94.2200851 -0.0358239971
  94.2701492 -0.0358240008
  94.3202133 -0.0352494717
  94.3702774 -0.0352494754
  94.4203415 -0.0329513587
  94.4704056 -0.0329513624
  94.5204697 -0.0320895649
  94.5705338 -0.0335258916
  94.6205978 -0.0335258916
  94.6706619 -0.0326640978
  94.720726 -0.030653242
  94.7707901 -0.0312277731
  94.8208542 -0.0323768295
  94.8709183 -0.0329513624
  94.9209824 -0.0335258916
  94.9710464 -0.0341004208
  95.0211029 -0.0335258953
  95.071167 -0.0352494828
  95.1212311 -0.0352494791
  95.1712952 -0.0343876816
  95.2213593 -0.034100417
  95.2714233 -0.0346749425
  95.3214874 -0.0352494717
  95.3715515 -0.0338131525
  95.4216156 -0.0326640904
  95.4716797 -0.0326640904
  95.5217438 -0.0335258842
  95.5718079 -0.0346749425
  95.6218719 -0.0358240008
  95.671936 -0.0366857946
  95.7220001 -0.0355367362
  95.7720642 -0.0358240008
  95.8221283 -0.0363985337
  95.8721924 -0.0381221175
  95.9222565 -0.0369730629
  95.9723206 -0.0366857983
  96.0223846 -0.0346749499
  96.0724487 -0.0341004208
  96.1225128 -0.0329513587
  96.1725769 -0.0329513587
  96.222641 -0.0349622108
  96.2727051 -0.0343876816
  96.3227692 -0.0343876816
  96.3728333 -0.034100417
  96.4228897 -0.034100417
  96.4729538 -0.032951355
  96.5230179 -0.0329513513
  96.573082 -0.0326640904
  96.6231461 -0.0323768258
  96.6732101 -0.0346749425
  96.7232742 -0.0343876779
  96.7733383 -0.0346749462
  96.8234024 -0.0358240008
  96.8734665 -0.0358240083
  96.9235306 -0.0363985375
  96.9735947 -0.0369730666
  97.0236588 -0.0352494791
  97.0737228 -0.0335258916
  97.1237869 -0.0355367437
  97.173851 -0.0361112691
  97.2239151 -0.0346749425
  97.2739792 -0.0329513587
  97.3240433 -0.0335258916
  97.3741074 -0.0318023004
  97.4241714 -0.0315150358
  97.4742355 -0.0315150395
  97.5242996 -0.0338131562
  97.5743637 -0.0341004208
  97.6244278 -0.0346749499
  97.6744919 -0.0346749462
  97.724556 -0.0349622108
  97.7746124 -0.0332386233
  97.8246765 -0.033238627
  97.8747406 -0.0338131562
  97.9248047 -0.0335258879
  97.9748688 -0.0338131525
  98.0249329 -0.0338131525
  98.0749969 -0.0355367437
  98.125061 -0.0355367437
  98.1751251 -0.0341004208
  98.2251892 -0.0335258953
  98.2752533 -0.0343876854
  98.3253174 -0.0335258953
  98.3753815 -0.0332386307
  98.4254456 -0.0329513624
  98.4755096 -0.0318023041
  98.5255737 -0.0329513624
  98.5756378 -0.0335258916
  98.6257019 -0.0363985375
  98.675766 -0.038122125
  98.7258301 -0.0386966541
  98.7758942 -0.0378348604
  98.8259583 -0.0378348567
  98.8760223 -0.0404202342
  98.9260864 -0.0409947485
  98.9761505 -0.0389839076
  99.0262146 -0.0375475921
  99.0762787 -0.0372603238
  99.1263351 -0.0369730592
  99.1763992 -0.0358240008
  99.2264633 -0.0346749425
  99.2765274 -0.0358240008
  99.3265915 -0.0349622071
  99.3766556 -0.0361112691
  99.4267197 -0.0369730592
  99.4767838 -0.0369730592
  99.5268478 -0.0372603275
  99.5769119 -0.0361112729
  99.626976 -0.0352494791
  99.6770401 -0.0346749462
  99.7271042 -0.0349622108
  99.7771683 -0.0346749425
  99.8272324 -0.0346749425
  99.8772964 -0.0363985263
  99.9273605 -0.0361112617
  99.9774246 -0.0358240008
  100.027489 -0.0363985337
  100.077553 -0.0361112729
  100.127617 -0.0349622145
  100.177681 -0.0363985375
  100.227745 -0.0361112729
  100.277809 -0.0363985375
  100.327873 -0.0361112691
  100.377937 -0.0369730666
  100.428001 -0.0363985337
  100.478065 -0.0378348567
  100.528122 -0.0389839113
  100.578186 -0.039845705
  100.62825 -0.0375475921
  100.678314 -0.0366857983
  100.728378 -0.0358240008
  100.778442 -0.0352494717
  100.828506 -0.0358240046
  100.878571 -0.0349622145
  100.928635 -0.0361112654
  100.978699 -0.0346749462
  101.028763 -0.0361112654
  101.078827 -0.0355367362
  101.128891 -0.0363985263
  101.178955 -0.0349622071
  101.229019 -0.0361112654
  101.279083 -0.0369730592
  101.329147 -0.0392711684
  101.379211 -0.0395584367
  101.429276 -0.0384093784
  101.47934 -0.0392711684
  101.529404 -0.0404202268
  101.579468 -0.0384093784
  101.629532 -0.0366857983
  101.679596 -0.0372603275
  101.72966 -0.0375475921
  101.779724 -0.0372603238
  101.829788 -0.0346749462
  101.879845 -0.0346749425
  101.929909 -0.0369730629
  101.979973 -0.0372603238
  102.030037 -0.0386966504
  102.080101 -0.0375475921
  102.130165 -0.0378348567
  102.180229 -0.0378348567
  102.230293 -0.038122125
  102.280357 -0.0378348567
  102.330421 -0.0375475883
  102.380486 -0.0381221175
  102.43055 -0.0392711796
  102.480614 -0.0366857983
  102.530678 -0.0358240046
  102.580742 -0.0363985337
  102.630806 -0.03726032
  102.68087 -0.036111258
  102.730934 -0.0384093709
  102.780998 -0.0369730517
  102.831062 -0.03639853
  102.881126 -0.0369730592
  102.93119 -0.0361112617
  102.981255 -0.0355367325
  103.031319 -0.0343876779
  103.081383 -0.0352494717
  103.131447 -0.0349622071
  103.181511 -0.0346749425
  103.231567 -0.0343876816
  103.281631 -0.0366857946
  103.331696 -0.0384093821
  103.38176 -0.0392711684
  103.431824 -0.0381221138
  103.481888 -0.0386966392
  103.531952 -0.0392711684
  103.582016 -0.0375475846
  103.63208 -0.0366857946
  103.682144 -0.0358240008
  103.732208 -0.0343876816
  103.782272 -0.0335258916
  103.832336 -0.0332386233
  103.882401 -0.0335258879
  103.932465 -0.0320895649
  103.982529 -0.0323768295
  104.032593 -0.0315150321
  104.082657 -0.0306532402
  104.132721 -0.0315150321
  104.182785 -0.032951355
  104.232849 -0.0323768258
  104.282913 -0.034100417
  104.332977 -0.0346749462
  104.383041 -0.03553674
  104.433105 -0.0363985337
  104.48317 -0.0335258842
  104.533234 -0.0338131487
  104.58329 -0.0338131487
  104.633354 -0.0329513587
  104.683418 -0.0335258879
  104.733482 -0.0326640941
  104.783546 -0.0326640904
  104.833611 -0.0312277637
  104.883675 -0.0315150321
  104.933739 -0.0315150321
  104.983803 -0.0320895612
  105.033867 -0.0315150283
  105.083931 -0.0315150321
  105.133995 -0.0326640904
