  0.0500706136  0.00716534397
  0.100141227  0.00716534443
  0.150211841  0.00762906298
  0.200282454  0.00840192661
  0.250353068  0.00840192661
  0.300423682  0.00824735407
  0.350494295  0.00778363552
  0.400564909  0.00902021956
  0.450635523  0.0097930897
  0.500706136  0.0105659589
  0.55077672  0.012111689
  0.600847363  0.0127299782
  0.650918007  0.0127299782
  0.700988591  0.0142757092
  0.751059175  0.0145848589
  0.801129818  0.0148940003
  0.851200461  0.0155122895
  0.901271045  0.0152031444
  0.951341629  0.0161305871
  1.00141227  0.0156668685
  1.05148292  0.0156668723
  1.10155344  0.0162851624
  1.15162408  0.0164397322
  1.20169473  0.0156668704
  1.25176537  0.0159760136
  1.30183601  0.0162851606
  1.35190654  0.0172125958
  1.40197718  0.0175217427
  1.45204782  0.0167488791
  1.50211835  0.0169034544
  1.55218899  0.0175217483
  1.60225964  0.0181400422
  1.65233028  0.0182946138
  1.70240092  0.0192220453
  1.75247145  0.0187583305
  1.80254209  0.0189128965
  1.85261273  0.0196857601
  1.90268326  0.0206131954
  1.9527539  0.0206131954
  2.00282454  0.0203040503
  2.05289507  0.0203040447
  2.10296583  0.0195311848
  2.15303636  0.0187583212
  2.20310688  0.0181400348
  2.25317764  0.0181400385
  2.30324817  0.0175217465
  2.35331893  0.0176763143
  2.40338945  0.0182946082
  2.45345998  0.0182946101
  2.50353074  0.017985465
  2.55360126  0.017058026
  2.60367203  0.0164397378
  2.65374255  0.0152031584
  2.70381308  0.014430292
  2.75388384  0.0144302892
  2.80395436  0.0144302929
  2.85402489  0.0139665753
  2.90409565  0.0136574218
  2.95416617  0.0138119943
  3.0042367  0.0128845563
  3.05430746  0.0131937051
  3.10437799  0.0130391298
  3.15444875  0.0135028483
  3.20451927  0.0136574209
  3.2545898  0.013348273
  3.30466056  0.0127299819
  3.35473108  0.0122662615
  3.40480185  0.0125754131
  3.45487237  0.0125754084
  3.50494289  0.0122662652
  3.55501366  0.0121116908
  3.60508418  0.012575414
  3.65515471  0.0118025476
  3.70522547  0.0119571174
  3.75529599  0.0110296812
  3.80536652  0.0105659636
  3.85543728  0.0105659608
  3.9055078  0.01133883
  3.95557857  0.0110296803
  4.00564909  0.0104113892
  4.05571985  0.0107205361
  4.10579014  0.0107205361
  4.1558609  0.0107205333
  4.20593166  0.0107205333
  4.25600195  0.0107205305
  4.30607271  0.0101022394
  4.35614347  0.0104113854
  4.40621376  0.00963851903
  4.45628452  0.00902021956
  4.50635529  0.00948394462
  4.55642605  0.00917479303
  4.60649633  0.00855650008
  4.6565671  0.00855650008
  4.70663786  0.0097930925
  4.75670815  0.00963851623
  4.80677891  0.0094839409
  4.85684967  0.0105659533
  4.90691996  0.0107205268
  4.95699072  0.0122662634
  5.00706148  0.0116479667
  5.05713177  0.0116479713
  5.10720253  0.0108751068
  5.15727329  0.00902022049
  5.20734406  0.00886564609
  5.25741434  0.00855650008
  5.3074851  0.00809278153
  5.35755587  0.00855650008
  5.40762615  0.008247355
  5.45769691  0.00701077236
  5.50776768  0.00747449044
  5.55783796  0.00716534443
  5.60790873  0.00670162588
  5.65797949  0.00747449044
  5.70804977  0.00793820806
  5.75812054  0.00840192661
  5.8081913  0.00886564516
  5.85826159  0.00855650008
  5.90833235  0.00886564609
  5.95840311  0.00886564609
  6.0084734  0.00840192754
  6.05854416  0.00840192754
  6.10861492  0.008247355
  6.15868568  0.00793820899
  6.20875597  0.00747449044
  6.25882673  0.00762906438
  6.3088975  0.00762906298
  6.35896778  0.00840192754
  6.40903854  0.00824735593
  6.45910931  0.008247355
  6.50917959  0.00932936743
  6.55925035  0.00855650101
  6.60932112  0.00948393997
  6.6593914  0.00886564609
  6.70946217  0.00932936743
  6.75953293  0.00902021956
  6.80960369  0.00886564795
  6.85967398  0.00948393904
  6.90974474  0.0091747921
  6.9598155  0.00902021863
  7.00988579  0.00871107262
  7.05995655  0.00994766783
  7.11002731  0.0102568185
  7.1600976  0.0110296831
  7.21016836  0.0111842528
  7.26023912  0.0119571183
  7.31030941  0.0135028474
  7.36038017  0.0135028465
  7.41045094  0.0139665641
  7.46052122  0.0150485728
  7.51059198  0.0156668667
  7.56066275  0.0161305889
  7.61073303  0.0167488772
  7.66080379  0.0178308915
  7.71087456  0.0178308934
  7.76094532  0.0176763218
  7.81101561  0.0181400403
  7.86108637  0.0181400403
  7.91115713  0.0193766188
  7.96122742  0.0204586331
  8.01129818  0.0210769251
  8.06136894  0.022313498
  8.1114397  0.0237046517
  8.16151047  0.0244775172
  8.21158028  0.0264869537
  8.26165104  0.0271052476
  8.3117218  0.028650973
  8.36179256  0.030042123
  8.41186333  0.0314332843
  8.46193409  0.0335973091
  8.5120039  0.0349884629
  8.56207466  0.0380799212
  8.61214542  0.0417896733
  8.66221619  0.0433353931
  8.71228695  0.0459631346
  8.76235771  0.0479725711
  8.81242752  0.0532280505
  8.86249828  0.056628637
  8.91256905  0.0609566793
  8.96263981  0.0649755746
  9.01271057  0.0691490471
  9.06278133  0.0748682469
  9.1128521  0.0805874541
  9.16292191  0.0856883749
  9.21299267  0.0917167291
  9.26306343  0.0971268117
  9.31313419  0.103309751
  9.36320496  0.10949266
  9.41327572  0.115984708
  9.46334553  0.122785904
  9.51341629  0.130978271
  9.56348705  0.139479786
  9.61355782  0.14875409
  9.66362858  0.158955842
  9.71369934  0.169312224
  9.7637701  0.179668605
  9.81383991  0.190797806
  9.86391068  0.203781858
  9.91398144  0.214911133
  9.9640522  0.22727707
  10.014123  0.23902458
  10.0641937  0.251854181
  10.1142635  0.264838308
  10.1643343  0.27797693
  10.2144051  0.29204312
  10.2644758  0.30610925
  10.3145466  0.31955713
  10.3646173  0.335323393
  10.4146881  0.349544078
  10.4647579  0.364228576
  10.5148287  0.37906763
  10.5648994  0.394370288
  10.6149702  0.410291225
  10.665041  0.426366866
  10.7151117  0.443679065
  10.7651815  0.460372806
  10.8152523  0.479076147
  10.8653231  0.496697485
  10.9153938  0.515091658
  10.9654646  0.533640325
  11.0155354  0.552034736
  11.0656052  0.571047187
  11.1156759  0.590832353
  11.1657467  0.610308468
  11.2158175  0.628548086
  11.2658882  0.647560418
  11.315959  0.667036712
  11.3660297  0.68527633
  11.4160995  0.703824937
  11.4661703  0.721909821
  11.5162411  0.739531279
  11.5663118  0.75792563
  11.6163826  0.775856256
  11.6664534  0.791931987
  11.7165232  0.809552908
  11.7665939  0.82593751
  11.8166647  0.842322528
  11.8667355  0.856542647
  11.9168062  0.870917857
  11.966877  0.886684656
  12.0169468  0.900595963
  12.0670176  0.914507747
  12.1170883  0.927028418
  12.1671591  0.939703166
  12.2172298  0.952841938
  12.2673006  0.962579966
  12.3173714  0.975718558
  12.3674412  0.986075103
  12.4175119  0.996276855
  12.4675827  1.00508773
  12.5176535  1.01528955
  12.5677242  1.02363634
  12.617795  1.03151953
  12.6678648  1.03986621
  12.7179356  1.04682207
  12.7680063  1.05609667
  12.8180771  1.0628978
  12.8681479  1.0712446
  12.9182186  1.0777365
  12.9682894  1.0857743
  13.0183592  1.09334826
  13.0684299  1.1010772
  13.1185007  1.10849655
  13.1685715  1.11467934
  13.2186422  1.1222533
  13.268713  1.12936378
  13.3187828  1.13647413
  13.3688536  1.14281189
  13.4189243  1.15054059
  13.4689951  1.15626001
  13.5190659  1.1642977
  13.5691366  1.17156267
  13.6192074  1.17913675
  13.6692772  1.18686533
  13.719348  1.19583058
  13.7694187  1.20386851
  13.8194895  1.21298802
  13.8695602  1.22303522
  13.919631  1.23230994
  13.9697008  1.24328446
  14.0197716  1.25194049
  14.0698423  1.26415145
  14.1199131  1.27419865
  14.1699839  1.28579152
  14.2200546  1.29707563
  14.2701244  1.30897784
  14.3201952  1.32196188
  14.370266  1.33448219
  14.4203367  1.34777558
  14.4704075  1.36261451
  14.5204782  1.37791681
  14.570549  1.39244652
  14.6206188  1.40836823
  14.6706896  1.42444408
  14.7207603  1.43990123
  14.7708311  1.45736766
  14.8209019  1.47344315
  14.8709726  1.49075472
  14.9210424  1.50868547
  14.9711132  1.52708006
  15.021184  1.54562867
  15.0712547  1.56479526
  15.1213255  1.58442605
  15.1713963  1.6043663
  15.2214661  1.62538862
  15.2715368  1.64548242
  15.3216076  1.66480374
  15.3716784  1.68536234
  15.4217491  1.70592105
  15.4718199  1.7257061
  15.5218906  1.74719131
  15.5719604  1.76651311
  15.6220312  1.78753495
  15.672102  1.80871189
  15.7221727  1.82865167
  15.7722435  1.84936392
  15.8223143  1.87023175
  15.8723841  1.88955379
  15.9224548  1.90748429
  15.9725256  1.92726886
  16.0225964  1.94442654
  16.0726662  1.96112061
  16.1227379  1.97766018
  16.1728077  1.9929626
  16.2228794  2.00888395
  16.2729492  2.02109432
  16.3230209  2.03500605
  16.3730907  2.04706287
  16.4231606  2.05819225
  16.4732323  2.06839395
  16.5233021  2.07766843
  16.5733738  2.08539724
  16.6234436  2.09219813
  16.6735134  2.09791708
  16.7235851  2.10270882
  16.7736549  2.10626411
  16.8237267  2.10889196
  16.8737965  2.10950994
  16.9238682  2.10997391
  16.973938  2.10811901
  17.0240078  2.10610986
  17.0740795  2.10270905
  17.1241493  2.09853578
  17.174221  2.09328032
  17.2242908  2.08771539
  17.2743626  2.08122373
  17.3244324  2.07395864
  17.3745022  2.06514835
  17.4245739  2.05572009
  17.4746437  2.04458976
  17.5247154  2.03284192
  17.5747852  2.01985812
  17.624855  2.00548315
  17.6749268  1.99095333
  17.7249966  1.97549605
  17.7750683  1.95772016
  17.8251381  1.94102585
  17.8752098  1.92294133
  17.9252796  1.90516508
  17.9753494  1.88615286
  18.0254211  1.86667597
  18.075491  1.84843671
  18.1255627  1.82942426
  18.1756325  1.80933011
  18.2257042  1.79000807
  18.275774  1.7714597
  18.3258438  1.75043738
  18.3759155  1.73111582
  18.4259853  1.71133113
  18.4760571  1.69247258
  18.5261269  1.67330551
  18.5761986  1.6542927
  18.6262684  1.63651764
  18.6763382  1.61750484
  18.7264099  1.59787416
  18.7764797  1.57978928
  18.8265514  1.5612402
  18.8766212  1.54361916
  18.9266911  1.52599788
  18.9767628  1.50837636
  19.0268326  1.49137318
  19.0769043  1.47452486
  19.1269741  1.4592222
  19.1770458  1.44407439
  19.2271156  1.43031776
  19.2771854  1.41686964
  19.3272572  1.40512145
  19.377327  1.3933742
  19.4273987  1.38178182
  19.4774685  1.36987972
  19.5275402  1.35874963
  19.57761  1.34808445
  19.6276798  1.33757341
  19.6777515  1.32768083
  19.7278214  1.31825209
  19.7778931  1.30897784
  19.8279629  1.29954875
  19.8780327  1.29166555
  19.9281044  1.28393698
  19.9781742  1.2763629
  20.0282459  1.26847982
  20.0783157  1.26183307
  20.1283875  1.2558049
  20.1784573  1.24792159
  20.2285271  1.24189341
  20.2785988  1.2340101
  20.3286686  1.22782719
  20.3787403  1.22102582
  20.4288101  1.21391547
  20.4788818  1.20788729
  20.5289516  1.20046771
  20.5790215  1.19382107
  20.6290932  1.18825662
  20.679163  1.18037343
  20.7292347  1.17326295
  20.7793045  1.1667707
  20.8293762  1.15919685
  20.879446  1.15270436
  20.9295158  1.14420307
  20.9795876  1.13662887
  21.0296574  1.12905455
  21.0797291  1.11978018
  21.1297989  1.11251533
  21.1798687  1.10293198
  21.2299404  1.09334826
  21.2800102  1.08515584
  21.3300819  1.07387233
  21.3801517  1.0645982
  21.4302235  1.05393279
  21.4802933  1.04218519
  21.5303631  1.03028297
  21.5804348  1.01915383
  21.6305046  1.00524199
  21.6805763  0.991330624
  21.7306461  0.978655696
  21.7807178  0.963971198
  21.8307877  0.949595869
  21.8808575  0.934293211
  21.9309292  0.918371916
  21.980999  0.902451038
  22.0310707  0.887148142
  22.0811405  0.870918274
  22.1312103  0.854224443
  22.181282  0.838921666
  22.2313519  0.821609735
  22.2814236  0.804761469
  22.3314934  0.787758172
  22.3815651  0.77137363
  22.4316349  0.754215598
  22.4817047  0.735821366
  22.5317764  0.716345251
  22.5818462  0.698260427
  22.631918  0.67940253
  22.6819878  0.661162972
  22.7320595  0.64245975
  22.7821293  0.623601735
  22.8321991  0.604125559
  22.8822708  0.586040676
  22.9323406  0.567801297
  22.9824123  0.549252331
  23.0324821  0.53116703
  23.082552  0.514164269
  23.1326237  0.497779489
  23.1826935  0.483249545
  23.2327652  0.467947036
  23.282835  0.452798873
  23.3329067  0.439505607
  23.3829765  0.424975723
  23.4330463  0.411063969
  23.4831181  0.396688938
  23.5331879  0.384168595
  23.5832596  0.371493459
  23.6333294  0.357272655
  23.6834011  0.344906807
  23.7334709  0.332386672
  23.7835407  0.320020854
  23.8336124  0.309200674
  23.8836823  0.297916889
  23.933754  0.286169291
  23.9838238  0.276894957
  24.0338936  0.266383946
  24.0839653  0.257418752
  24.1340351  0.248608097
  24.1841068  0.239024594
  24.2341766  0.230523065
  24.2842484  0.223412722
  24.3343182  0.214601994
  24.384388  0.207337037
  24.4344597  0.200226694
  24.4845295  0.193889216
  24.5346012  0.186778933
  24.584671  0.180905208
  24.6347427  0.175031394
  24.6848125  0.168539315
  24.7348824  0.165138721
  24.7849541  0.158182934
  24.8350239  0.154627755
  24.8850956  0.149990618
  24.9351654  0.145353511
  24.9852371  0.142416641
  25.0353069  0.138088614
  25.0853767  0.132524028
  25.1354485  0.12912342
  25.1855183  0.12618652
  25.23559  0.122476786
  25.2856598  0.118612438
  25.3357296  0.115675561
  25.3858013  0.113202401
  25.4358711  0.111502104
  25.4859428  0.110883817
  25.5360126  0.108874366
  25.5860844  0.106710345
  25.6361542  0.105319187
  25.686224  0.102691449
  25.7362957  0.101300292
  25.7863655  0.0992908403
  25.8364372  0.0957356393
  25.886507  0.0924896076
  25.9365788  0.0914076045
  25.9866486  0.0886252746
  26.0367184  0.0869249701
  26.0867901  0.0855338126
  26.1368599  0.0839880854
  26.1869316  0.0821332037
  26.2370014  0.0807420462
  26.2870712  0.0799691677
  26.3371429  0.0788871571
  26.3872128  0.0779597163
  26.4372845  0.075022839
  26.4873543  0.0737862438
  26.537426  0.0727042332
  26.5874958  0.0705402046
  26.6375656  0.0693036169
  26.6876373  0.0665213093
  26.7377071  0.0640481338
  26.7877789  0.061111249
  26.8378487  0.0595655143
  26.8879204  0.0581743568
  26.9379902  0.0561649017
  26.98806  0.0543100275
  27.0381317  0.0530734509
  27.0882015  0.0516822971
  27.1382732  0.0501365811
  27.188343  0.0493637174
  27.2384148  0.0489000045
  27.2884846  0.0484362915
  27.3385544  0.0467359945
  27.3886261  0.046581421
  27.4386959  0.0464268439
  27.4887676  0.0453448333
  27.5388374  0.0436445288
  27.5889072  0.0434899554
  27.638979  0.0420987979
  27.6890488  0.0414805077
  27.7391205  0.0400893539
  27.7891903  0.0386982039
  27.839262  0.0377707556
  27.8893318  0.0362250283
  27.9394016  0.034988448
  27.9894733  0.0349884555
  28.0395432  0.0326698609
  28.0896149  0.0325152911
  28.1396847  0.0314332843
  28.1897564  0.0311241392
  28.2398262  0.0301966947
  28.289896  0.0300421193
  28.3399677  0.0286509637
  28.3900375  0.0286509693
  28.4401093  0.0281872526
  28.4901791  0.027414389
  28.5402489  0.0264869537
  28.5903206  0.0250958055
  28.6403904  0.0255595185
  28.6904621  0.0240137987
  28.7405319  0.0238592234
  28.7906036  0.0237046517
  28.8406734  0.0235500745
  28.8907433  0.0232409351
  28.940815  0.0223135017
  28.9908848  0.0221589282
  29.0409565  0.0213860702
  29.0910263  0.0210769214
  29.141098  0.0206131972
  29.1911678  0.0193766207
  29.2412376  0.0190674774
  29.2913094  0.0195311978
  29.3413792  0.0187583342
  29.3914509  0.017830899
  29.4415207  0.017521752
  29.4915905  0.017212607
  29.5416622  0.0165943168
  29.591732  0.0158214532
  29.6418037  0.0148940142
  29.6918736  0.0159760211
  29.7419453  0.0162851699
  29.7920151  0.0164397433
  29.8420849  0.0158214513
  29.8921566  0.0155123072
  29.9422264  0.0153577328
  29.9922981  0.0161306001
  30.0423679  0.0161305964
  30.0924397  0.0150485914
  30.1425095  0.015203163
  30.1925793  0.0147394482
  30.242651  0.0144302957
  30.2927208  0.014121145
  30.3427925  0.0136574274
  30.3928623  0.0127299903
  30.4429321  0.0121116992
  30.4930038  0.0111842509
  30.5430737  0.0101022385
  30.5931454  0.00948393997
  30.6432152  0.00948393904
  30.6932869  0.00886564422
  30.7433567  0.00824735407
  30.7934265  0.00824735314
  30.8434982  0.00778363459
  30.893568  0.00731991651
  30.9436398  0.0071653435
  30.9937096  0.00685619749
  31.0437813  0.00623790594
  31.0938511  0.00577418739
  31.1439209  0.00531046931
  31.1939926  0.00546504324
  31.2440624  0.00531046884
  31.2941341  0.00469217869
  31.3442039  0.004383035
  31.3942757  0.00453760801
  31.4443455  0.00407388853
  31.4944153  0.00361017068
  31.544487  0.00361017114
  31.5945568  0.00361017184
  31.6446285  0.00299188052
  31.6946983  0.00299187982
  31.7447681  0.00422846247
  31.7948399  0.00391931692
  31.8449097  0.00361017161
  31.8949814  0.00376474392
  31.9450512  0.00268273405
  31.9951229  0.0017552994
  32.0451927  0.00190987182
  32.0952644  0.00113701005
  32.1453323  0.00067329203
  32.1954041  0.000364146166
  32.2454758  0.000209571619
  32.2955475 -0.000254146493
  32.3456154 -9.95728115E-05
  32.3956871  5.49980832E-05
  32.4457588 -0.000254145794
  32.4958267 -0.000872435165
  32.5458984 -0.00179987226
  32.5959702 -0.00164529926
  32.6460419 -0.0014907266
  32.6961098 -0.00164529937
  32.7461815 -0.00164529972
  32.7962532 -0.000872435106
  32.8463211 -0.00179987215
  32.8963928 -0.00210901862
  32.9464645 -0.00272730971
  32.9965363 -0.00288188201
  33.0466042 -0.00303645455
  33.0966759 -0.00411846442
  33.1467476 -0.00380931888
  33.1968155 -0.00427303789
  33.2468872 -0.00380931934
  33.2969589 -0.00334560103
  33.3470268 -0.00396389281
  33.3970985 -0.00411846489
  33.4471703 -0.00396389142
  33.497242 -0.00489132898
  33.5473099 -0.00442760997
  33.5973816 -0.00458218297
  33.6474533 -0.00520047499
  33.6975212 -0.00489132991
  33.7475929 -0.005509621
  33.7976646 -0.00550962193
  33.8477364 -0.00597333955
  33.8978043 -0.00581876654
  33.947876 -0.00566419447
  33.9979477 -0.00535504799
  34.0480156 -0.00628248602
  34.0980873 -0.00690077757
  34.148159 -0.00643705809
  34.1982307 -0.0067462041
  34.2482986 -0.0067462041
  34.2983704 -0.00690077711
  34.3484421 -0.00612791255
  34.39851 -0.00705534918
  34.4485817 -0.00751906913
  34.4986534 -0.00798278861
  34.5487251 -0.00813736208
  34.598793 -0.00798278861
  34.6488647 -0.00798278861
  34.6989365 -0.00782821607
  34.7490044 -0.00767364306
  34.7990761 -0.00767364353
  34.8491478 -0.00782821607
  34.8992195 -0.00767364213
  34.9492874 -0.00736449612
  34.9993591 -0.00690077711
  35.0494308 -0.00690077711
  35.0994987 -0.00705534965
  35.1495705 -0.0067462041
  35.1996422 -0.0067462041
  35.2497101 -0.00628248416
  35.2997818 -0.00566419307
  35.3498535 -0.00550962053
  35.3999252 -0.00550962053
  35.4499931 -0.00535504799
  35.5000648 -0.00550962053
  35.5501366 -0.00643705949
  35.6002045 -0.00612791348
  35.6502762 -0.00751907052
  35.7003479 -0.00813736208
  35.7504196 -0.00829193555
  35.8004875 -0.00891022664
  35.8505592 -0.0087556541
  35.900631 -0.00937394612
  35.9506989 -0.00906480104
  36.0007706 -0.00921937171
  36.0508423 -0.00844650902
  36.100914 -0.007828217
  36.1509819 -0.00782821607
  36.2010536 -0.00860108156
  36.2511253 -0.00829193555
  36.3011932 -0.00844650902
  36.351265 -0.00937394332
  36.4013367 -0.00952851679
  36.4514084 -0.00906479917
  36.5014763 -0.00968309026
  36.551548 -0.00937394332
  36.6016197 -0.0107650962
  36.6516876 -0.0103013776
  36.7017593 -0.00983766094
  36.7518311 -0.00999223441
  36.8019028 -0.0096830884
  36.8519707 -0.00999223441
  36.9020424 -0.00968308933
  36.9521141 -0.00999223441
  37.002182 -0.0106105246
  37.0522537 -0.010455952
  37.1023254 -0.00983766094
  37.1523972 -0.00952851679
  37.2024651 -0.0096830884
  37.2525368 -0.00999223441
  37.3026085 -0.00937394518
  37.3526764 -0.010455952
  37.4027481 -0.010146806
  37.4528198 -0.0115379561
  37.5028877 -0.0113833835
  37.5529594 -0.0116925295
  37.6030312 -0.0127745364
  37.6531029 -0.0133928247
  37.7031708 -0.0133928247
  37.7532425 -0.0133928265
  37.8033142 -0.0135473972
  37.8533821 -0.0132382549
  37.9034538 -0.0127745401
  37.9535255 -0.0137019726
  38.0035973 -0.0126199666
  38.0536652 -0.0123108225
  38.1037369 -0.0121562481
  38.1538086 -0.0124653932
  38.2038765 -0.0126199638
  38.2539482 -0.0123108188
  38.3040199 -0.0137019707
  38.3540916 -0.0141656892
  38.4041595 -0.0146294087
  38.4542313 -0.0140111186
  38.504303 -0.0138565479
  38.5543709 -0.014165692
  38.6044426 -0.0135474009
  38.6545143 -0.0130836833
  38.704586 -0.0120016728
  38.7546539 -0.0123108197
  38.8047256 -0.0121562472
  38.8547974 -0.0103013786
  38.9048653 -0.0107650962
  38.954937 -0.0109196696
  39.0050087 -0.0110742431
  39.0550804 -0.0118471058
  39.1051483 -0.012465395
  39.15522 -0.012465395
  39.2052917 -0.0126199685
  39.2553596 -0.0138565488
  39.3054314 -0.0143202655
  39.3555031 -0.0147839822
  39.4055748 -0.0149385538
  39.4556427 -0.0144748362
  39.5057144 -0.0154022714
  39.5557861 -0.0152476961
  39.605854 -0.0143202627
  39.6559258 -0.0144748334
  39.7059975 -0.0143202627
  39.7560654 -0.0143202618
  39.8061371 -0.0140111186
  39.8562088 -0.013856547
  39.9062805 -0.0135474009
  39.9563484 -0.0124653904
  40.0064201 -0.0123108188
  40.0564919 -0.0126199638
  40.1065598 -0.0115379579
  40.1566315 -0.0116925305
  40.2067032 -0.0115379579
  40.2567749 -0.0120016756
  40.3068428 -0.0133928275
  40.3569145 -0.0132382549
  40.4069862 -0.0147839803
  40.4570541 -0.0147839803
  40.5071259 -0.015556843
  40.5571976 -0.0169479977
  40.6072693 -0.0167934261
  40.6573372 -0.0163297076
  40.7074089 -0.016484281
  40.7574806 -0.0163297076
  40.8075485 -0.0163297094
  40.8576202 -0.0150931301
  40.907692 -0.0146294106
  40.9577637 -0.0140111195
  41.0078316 -0.014165692
  41.0579033 -0.0146294106
  41.107975 -0.0146294124
  41.1580429 -0.0149385557
  41.2081146 -0.0149385547
  41.2581863 -0.0155568449
  41.3082581 -0.0154022723
  41.358326 -0.0150931273
  41.4083977 -0.0157114193
  41.4584694 -0.0157114174
  41.5085373 -0.0161751341
  41.558609 -0.0160205625
  41.6086807 -0.0164842829
  41.6587524 -0.0169480015
  41.7088203 -0.0171025693
  41.7588921 -0.0169479977
  41.8089638 -0.0172571447
  41.8590317 -0.0161751322
  41.9091034 -0.0166388489
  41.9591751 -0.0169479959
  42.009243 -0.0161751322
  42.0593147 -0.0161751341
  42.1093864 -0.0157114156
  42.1594582 -0.0157114174
  42.2095261 -0.0154022723
  42.2595978 -0.0157114174
  42.3096695 -0.0154022686
  42.3597374 -0.015247697
  42.4098091 -0.015556843
  42.4598808 -0.0157114137
  42.5099525 -0.0157114118
  42.5600204 -0.0172571409
  42.6100922 -0.0180300046
  42.6601639 -0.0177208576
  42.7102318 -0.0181845762
  42.7603035 -0.0175662842
  42.8103752 -0.017566286
  42.8604469 -0.0177208595
  42.9105148 -0.0171025656
  42.9605865 -0.0171025693
  43.0106583 -0.0171025712
  43.0607262 -0.0171025693
  43.1107979 -0.0169479959
  43.1608696 -0.0177208595
  43.2109413 -0.0181845799
  43.2610092 -0.018184578
  43.3110809 -0.018493725
  43.3611526 -0.0174117163
  43.4112206 -0.017875433
  43.4612923 -0.0171025693
  43.511364 -0.0175662879
  43.5614357 -0.0163297076
  43.6115036 -0.0160205625
  43.6615753 -0.0161751341
  43.711647 -0.0160205625
  43.7617149 -0.0161751341
  43.8117867 -0.0160205625
  43.8618584 -0.015556844
  43.9119263 -0.016175136
  43.961998 -0.0163297076
  44.0120697 -0.0167934243
  44.0621414 -0.0167934243
  44.1122093 -0.0175662842
  44.162281 -0.0177208539
  44.2123528 -0.0177208576
  44.2624207 -0.0175662842
  44.3124924 -0.0171025656
  44.3625641 -0.0172571372
  44.4126358 -0.0177208576
  44.4627037 -0.0171025656
  44.5127754 -0.0171025656
  44.5628471 -0.0171025656
  44.612915 -0.0167934205
  44.6629868 -0.0163297039
  44.7130585 -0.016947994
  44.7631302 -0.0172571372
  44.8131981 -0.0183391459
  44.8632698 -0.0180300009
  44.9133415 -0.0171025675
  44.9634094 -0.0180300027
  45.0134811 -0.016947994
  45.0635529 -0.0178754292
  45.1136246 -0.016947994
  45.1636925 -0.0163297039
  45.2137642 -0.0169479921
  45.2638359 -0.016947994
  45.3139038 -0.0158659853
  45.3639755 -0.0166388489
  45.4140472 -0.0164842792
  45.464119 -0.0163297057
  45.5141869 -0.0149385529
  45.5642586 -0.0155568412
  45.6143303 -0.0154022705
  45.6643982 -0.014938551
  45.7144699 -0.0141656883
  45.7645416 -0.0133928265
  45.8146133 -0.0133928237
  45.8646812 -0.0127745355
  45.914753 -0.0130836796
  45.9648247 -0.0135473972
  46.0148926 -0.0135473991
  46.0649643 -0.0137019707
  46.115036 -0.0143202618
  46.1651039 -0.0143202618
  46.2151756 -0.013238254
  46.2652473 -0.013238254
  46.3153191 -0.0135474
  46.365387 -0.0141656902
  46.4154587 -0.0140111176
  46.4655304 -0.0137019716
  46.5155983 -0.013238254
  46.56567 -0.0135474009
  46.6157417 -0.0137019744
  46.6658134 -0.0140111186
  46.7158813 -0.0146294078
  46.7659531 -0.0147839794
  46.8160248 -0.0144748352
  46.8660927 -0.0140111186
  46.9161644 -0.0135474009
  46.9662361 -0.0135474009
  47.0163078 -0.0135474009
  47.0663757 -0.0132382549
  47.1164474 -0.0132382549
  47.1665192 -0.0133928265
  47.2165871 -0.0130836824
  47.2666588 -0.0130836824
  47.3167305 -0.0124653941
  47.3668022 -0.0127745382
  47.4168701 -0.0129291117
  47.4669418 -0.013856547
  47.5170135 -0.0146294078
  47.5670815 -0.0147839803
  47.6171532 -0.0147839803
  47.6672249 -0.0144748362
  47.7172966 -0.0152476989
  47.7673645 -0.015556844
  47.8174362 -0.0150931273
  47.8675079 -0.0154022686
  47.9175758 -0.0149385501
  47.9676476 -0.0144748362
  48.0177193 -0.0144748362
  48.0677872 -0.0143202608
  48.1178589 -0.0147839794
  48.1679306 -0.0146294069
  48.2180023 -0.0157114137
  48.2680702 -0.0160205606
  48.3181419 -0.0152476979
  48.3682137 -0.0157114174
  48.4182816 -0.0157114156
  48.4683533 -0.0161751341
  48.518425 -0.0150931273
  48.5684967 -0.0149385547
  48.6185646 -0.0147839822
  48.6686363 -0.0138565479
  48.718708 -0.0138565442
  48.7687759 -0.0137019735
  48.8188477 -0.0141656911
  48.8689194 -0.0149385547
  48.9189911 -0.0149385547
  48.969059 -0.0152476989
  49.0191307 -0.0155568458
  49.0692024 -0.016175136
  49.1192703 -0.0155568458
  49.169342 -0.0150931301
  49.2194138 -0.0155568458
  49.2694855 -0.0140111214
  49.3195534 -0.0133928303
  49.3696251 -0.0137019744
  49.4196968 -0.0141656939
  49.4697647 -0.0146294106
  49.5198364 -0.015093131
  49.5699081 -0.0154022742
  49.6199799 -0.0152477007
  49.6700478 -0.0157114174
  49.7201195 -0.015865989
  49.7701912 -0.0158659909
  49.8202591 -0.0155568449
  49.8703308 -0.0160205644
  49.9204025 -0.0152476989
  49.9704742 -0.0150931282
  50.0205421 -0.0158659928
  50.0706139 -0.0154022733
  50.1206856 -0.016484281
  50.1707535 -0.0169479996
  50.2208252 -0.0169479996
  50.2708969 -0.0160205644
  50.3209648 -0.0160205625
  50.3710365 -0.0157114193
  50.4211082 -0.0152476989
  50.47118 -0.0149385538
  50.5212479 -0.0160205625
  50.5713196 -0.0147839822
  50.6213913 -0.0146294078
  50.6714592 -0.0141656892
  50.7215309 -0.0130836833
  50.7716026 -0.0130836824
  50.8216743 -0.0132382549
  50.8717422 -0.0137019716
  50.921814 -0.0140111139
  50.9718857 -0.0138565442
  51.0219536 -0.0140111139
  51.0720253 -0.0150931235
  51.122097 -0.0157114156
  51.1721687 -0.0155568412
  51.2222366 -0.015247697
  51.2723083 -0.015556843
  51.3223801 -0.0163297057
  51.372448 -0.0154022714
  51.4225197 -0.0160205625
  51.4725914 -0.0169479996
  51.5226631 -0.0169479996
  51.572731 -0.0167934243
  51.6228027 -0.015865989
  51.6728745 -0.0160205625
  51.7229424 -0.0167934261
  51.7730141 -0.0166388527
  51.8230858 -0.0169479977
  51.8731575 -0.0167934243
  51.9232254 -0.0163297057
  51.9732971 -0.0166388527
  52.0233688 -0.0171025693
  52.0734367 -0.0178754311
  52.1235085 -0.0172571409
  52.1735802 -0.0178754311
  52.2236519 -0.0177208595
  52.2737198 -0.0177208595
  52.3237915 -0.0180300046
  52.3738632 -0.0184937231
  52.4239311 -0.0186482966
  52.4740028 -0.0188028701
  52.5240746 -0.0192665886
  52.5741425 -0.0197303053
  52.6242142 -0.0186482966
  52.6742859 -0.0178754292
  52.7243576 -0.0186482947
  52.7744255 -0.0184937231
  52.8244972 -0.0189574435
  52.8745689 -0.0192665905
  52.9246368 -0.0191120189
  52.9747086 -0.0189574435
  53.0247803 -0.019730309
  53.074852 -0.0201940276
  53.1249199 -0.0194211639
  53.1749916 -0.019730309
  53.2250633 -0.0208123233
  53.2751312 -0.0208123233
  53.3252029 -0.02127604
  53.3752747 -0.020657748
  53.4253464 -0.0215851832
  53.4754143 -0.0212760381
  53.525486 -0.0211214647
  53.5755577 -0.0214306097
  53.6256256 -0.0212760381
  53.6756973 -0.0205031727
  53.725769 -0.0218943339
  53.7758408 -0.0229763463
  53.8259087 -0.0243675001
  53.8759804 -0.0237492044
  53.9260521 -0.0248312205
  53.97612 -0.0259132311
  54.0261917 -0.0269952416
  54.0762634 -0.0274589565
  54.1263351 -0.0283863954
  54.176403 -0.0283863973
  54.2264748 -0.0286955461
  54.2765465 -0.0291592646
  54.3266144 -0.0290046949
  54.3766861 -0.0296229813
  54.4267578 -0.0285409726
  54.4768295 -0.0290046912
  54.5268974 -0.0285409708
  54.5769691 -0.0285409708
  54.6270409 -0.0286955461
  54.6771088 -0.0291592646
  54.7271805 -0.0291592609
  54.7772522 -0.0290046893
  54.8273201 -0.0290046874
  54.8773918 -0.0305504203
  54.9274635 -0.0302412752
  54.9775352 -0.0303958487
  55.0276031 -0.0310141332
  55.0776749 -0.030395845
  55.1277466 -0.0303958468
  55.1778145 -0.0302412715
  55.2278862 -0.0288501084
  55.2779579 -0.0277681053
  55.3280296 -0.0274589583
  55.3780975 -0.0271498151
  55.4281693 -0.0279226769
  55.478241 -0.0279226806
  55.5283089 -0.0268406719
  55.5783806 -0.0273043867
  55.6284523 -0.0273043886
  55.678524 -0.0279226806
  55.7285919 -0.0273043886
  55.7786636 -0.027768109
  55.8287354 -0.0279226806
  55.8788033 -0.0279226806
  55.928875 -0.0290046912
  55.9789467 -0.0291592684
  56.0290184 -0.0293138362
  56.0790863 -0.0296229813
  56.129158 -0.030086698
  56.1792297 -0.0297775529
  56.2292976 -0.0308595672
  56.2793694 -0.0317870043
  56.3294411 -0.0324052945
  56.3795128 -0.0319415778
  56.4295807 -0.0319415778
  56.4796524 -0.0311687142
  56.5297241 -0.0303958468
  56.579792 -0.0307049919
  56.6298637 -0.0305504166
  56.6799355 -0.0297775492
  56.7300034 -0.0297775473
  56.7800751 -0.0293138307
  56.8301468 -0.0297775567
  56.8802185 -0.0291592665
  56.9302864 -0.0303958505
  56.9803581 -0.0303958487
  57.0304298 -0.0308595672
  57.0804977 -0.0311687142
  57.1305695 -0.0313232876
  57.1806412 -0.032096155
  57.2307129 -0.033332739
  57.2807808 -0.0339510292
  57.3308525 -0.0341056027
  57.3809242 -0.0327144451
  57.4309921 -0.0344147496
  57.4810638 -0.033796452
  57.5311356 -0.033796452
  57.5812073 -0.0337964483
  57.6312752 -0.0336418711
  57.6813469 -0.0341055952
  57.7314186 -0.0344147384
  57.7814865 -0.0342601687
  57.8315582 -0.035342183
  57.8816299 -0.0354967527
  57.9317017 -0.035187602
  57.9817696 -0.0358058959
  58.0318413 -0.0358058959
  58.081913 -0.0358058959
  58.1319809 -0.0362696126
  58.1820526 -0.0359604694
  58.2321243 -0.0353421867
  58.282196 -0.0359604731
  58.3322639 -0.0361150429
  58.3823357 -0.0356513262
  58.4324074 -0.036578767
  58.4824753 -0.0364241935
  58.532547 -0.0356513299
  58.5826187 -0.0356513262
  58.6326904 -0.035342183
  58.6827583 -0.0359604731
  58.73283 -0.0354967564
  58.7829018 -0.0356513262
  58.8329697 -0.0365787596
  58.8830414 -0.036733333
  58.9331131 -0.0361150429
  58.983181 -0.0351876058
  59.0332527 -0.0361150503
  59.0833244 -0.0356513262
  59.1333961 -0.0361150429
  59.1834641 -0.0368879028
  59.2335358 -0.036733333
  59.2836075 -0.0371970534
  59.3336754 -0.0362696126
  59.3837471 -0.0362696126
  59.4338188 -0.0361150391
  59.4838905 -0.0359604657
  59.5339584 -0.0356513225
  59.5840302 -0.0351876058
  59.6341019 -0.0365787707
  59.6841698 -0.0365787633
  59.7342415 -0.0359604694
  59.7843132 -0.0359604694
  59.8343849 -0.0367333367
  59.8844528 -0.0368879139
  59.9345245 -0.0370424762
  59.9845963 -0.0364241898
  60.0346642 -0.0351876058
  60.0847359 -0.0353421755
  60.1348076 -0.0351876058
  60.1848793 -0.035033036
  60.2349472 -0.0342601687
  60.2850189 -0.0341055989
  60.3350906 -0.0339510255
  60.3851585 -0.0350330397
  60.4352303 -0.0347238928
  60.485302 -0.0339510292
  60.5353737 -0.0330235921
  60.5854416 -0.0330235884
  60.6355133 -0.0319415815
  60.685585 -0.032096155
  60.7356529 -0.0319415815
  60.7857246 -0.0314778611
  60.8357964 -0.0310141407
  60.8858643 -0.0313232876
  60.935936 -0.0305504147
  60.9860077 -0.0307049882
  61.0360794 -0.0314778499
  61.0861473 -0.0316324271
  61.136219 -0.0322507247
  61.1862907 -0.0330235846
  61.2363586 -0.0317870043
  61.2864304 -0.0313232876
  61.3365021 -0.0311687142
  61.3865738 -0.0302412771
  61.4366417 -0.0300867017
  61.4867134 -0.0303958468
  61.5367851 -0.0290046912
  61.586853 -0.0288501196
  61.6369247 -0.0290046893
  61.6869965 -0.0293138362
  61.7370682 -0.0283863973
  61.7871361 -0.028540967
  61.8372078 -0.0283863936
  61.8872795 -0.0290046874
  61.9373474 -0.0296229813
  61.9874191 -0.0288501177
  62.0374908 -0.0291592609
  62.0875626 -0.0282318257
  62.1376305 -0.0282318238
  62.1877022 -0.0286955461
  62.2377739 -0.0279226806
  62.2878418 -0.0273043867
  62.3379135 -0.0283863973
  62.3879852 -0.0277681071
  62.4380569 -0.0283863973
  62.4881248 -0.0280772522
  62.5381966 -0.0271498132
  62.5882683 -0.0276135299
  62.6383362 -0.0271498132
  62.6884079 -0.0266860928
  62.7384796 -0.027304383
  62.7885513 -0.0271498114
  62.8386192 -0.0271498114
  62.8886909 -0.0276135318
  62.9387627 -0.027768109
  62.9888306 -0.0274589639
  63.0389023 -0.0283863973
  63.088974 -0.0286955424
  63.1390419 -0.0285409652
  63.1891136 -0.0283863973
  63.2391853 -0.0290046893
  63.289257 -0.0291592646
  63.339325 -0.0297775604
  63.3893967 -0.02931384
  63.4394684 -0.028695548
  63.4895363 -0.0277681109
  63.539608 -0.0286955461
  63.5896797 -0.0285409708
  63.6397514 -0.0296229832
  63.6898193 -0.0286955461
  63.7398911 -0.02931384
  63.7899628 -0.0280772559
  63.8400307 -0.0280772503
  63.8901024 -0.0286955405
  63.9401741 -0.0280772466
  63.9902458 -0.0280772503
  64.0403137 -0.0277681071
  64.0903854 -0.0268406663
  64.1404572 -0.0263769496
  64.1905289 -0.0273043867
  64.2406006 -0.027304383
  64.2906647 -0.0269952361
  64.3407364 -0.0263769496
  64.3908081 -0.0273043849
  64.4408798 -0.0279226769
  64.4909515 -0.0266860947
  64.5410233 -0.0263769496
  64.591095 -0.0263769515
  64.6411591 -0.027149817
  64.6912308 -0.0268406719
  64.7413025 -0.0254495107
  64.7913742 -0.0252949353
  64.8414459 -0.0256040823
  64.8915176 -0.0256040841
  64.9415894 -0.0256040823
  64.9916534 -0.0249857884
  65.0417252 -0.0252949353
  65.0917969 -0.0254495125
  65.1418686 -0.0263769515
  65.1919403 -0.026222378
  65.242012 -0.025604086
  65.2920837 -0.0248312224
  65.3421478 -0.0251403712
  65.3922195 -0.0246766508
  65.4422913 -0.0245220754
  65.492363 -0.0239037797
  65.5424347 -0.0229763407
  65.5925064 -0.0223580506
  65.6425781 -0.0220489036
  65.6926422 -0.0205031727
  65.7427139 -0.0212760381
  65.7927856 -0.0211214647
  65.8428574 -0.0214306135
  65.8929291 -0.0214306097
  65.9430008 -0.02127604
  65.9930725 -0.02127604
  66.0431366 -0.0214306135
  66.0932083 -0.0220489018
  66.14328 -0.0217397548
  66.1933517 -0.0212760381
  66.2434235 -0.0206577424
  66.2934952 -0.0200394541
  66.3435593 -0.0208123196
  66.393631 -0.0209668931
  66.4437027 -0.020657748
  66.4937744 -0.0201940294
  66.5438461 -0.0194211658
  66.5939178 -0.0194211639
  66.6439896 -0.0206577498
  66.6940536 -0.0208123215
  66.7441254 -0.0209668949
  66.7941971 -0.0218943339
  66.8442688 -0.0231309142
  66.8943405 -0.0232854877
  66.9444122 -0.0242129229
  66.9944839 -0.0240583494
  67.044548 -0.0240583513
  67.0946198 -0.0248312168
  67.1446915 -0.0252949353
  67.1947632 -0.0243674964
  67.2448349 -0.0240583513
  67.2949066 -0.024058355
  67.3449783 -0.0228217747
  67.3950424 -0.0229763463
  67.4451141 -0.0234400611
  67.4951859 -0.0229763445
  67.5452576 -0.0225126259
  67.5953293 -0.0229763463
  67.645401 -0.0225126222
  67.6954727 -0.0229763389
  67.7455368 -0.0239037815
  67.7956085 -0.0231309142
  67.8456802 -0.0231309142
  67.895752 -0.0228217673
  67.9458237 -0.0235946346
  67.9958954 -0.0237492062
  68.0459671 -0.023440063
  68.0960312 -0.0231309179
  68.1461029 -0.0243675057
  68.1961746 -0.0242129285
  68.2462463 -0.0242129304
  68.2963181 -0.0234400686
  68.3463898 -0.0237492118
  68.3964615 -0.0234400649
  68.4465256 -0.0226671994
  68.4965973 -0.0228217691
  68.546669 -0.0243674982
  68.5967407 -0.0237492044
  68.6468124 -0.022976337
  68.6968842 -0.0232854821
  68.7469559 -0.0229763389
  68.79702 -0.0240583532
  68.8470917 -0.0248312224
  68.8971634 -0.0240583569
  68.9472351 -0.0254495125
  68.9973068 -0.025604086
  69.0473785 -0.0252949391
  69.0974503 -0.0252949409
  69.1475143 -0.025604086
  69.1975861 -0.0248312186
  69.2476578 -0.0245220698
  69.2977295 -0.0245220698
  69.3478012 -0.0234400593
  69.3978729 -0.0226671919
  69.4479446 -0.0229763407
  69.4980087 -0.0218943283
  69.5480804 -0.0223580431
  69.5981522 -0.0239037797
  69.6482239 -0.0243675001
  69.6982956 -0.024058355
  69.7483673 -0.0239037815
  69.798439 -0.0240583513
  69.8485031 -0.0248312149
  69.8985748 -0.0240583513
  69.9486465 -0.0235946309
  69.9987183 -0.022976337
  70.04879 -0.0235946327
  70.0988617 -0.0237492099
  70.1489334 -0.0228217691
  70.1989975 -0.0222034752
  70.2490692 -0.0228217691
  70.2991409 -0.0228217673
  70.3492126 -0.0235946327
  70.3992844 -0.0225126222
  70.4493561 -0.022512624
  70.4994202 -0.0222034808
  70.5494919 -0.0222034808
  70.5995636 -0.022203479
  70.6496353 -0.022512624
  70.699707 -0.0222034752
  70.7497787 -0.0231309161
  70.7998505 -0.0234400611
  70.8499146 -0.024058355
  70.8999863 -0.0243675038
  70.950058 -0.0249857921
  71.0001297 -0.0246766452
  71.0502014 -0.0248312205
  71.1002731 -0.0243674982
  71.1503448 -0.0245220736
  71.2004089 -0.0243675001
  71.2504807 -0.0239037815
  71.3005524 -0.0234400593
  71.3506241 -0.0228217673
  71.4006958 -0.0231309105
  71.4507675 -0.0223580506
  71.5008392 -0.0212760381
  71.5509033 -0.021894332
  71.600975 -0.0211214665
  71.6510468 -0.021894332
  71.7011185 -0.0215851869
  71.7511902 -0.0226671956
  71.8012619 -0.0231309179
  71.8513336 -0.0226671975
  71.9013977 -0.0246766489
  71.9514694 -0.0245220754
  72.0015411 -0.024985794
  72.0516129 -0.0254495125
  72.1016846 -0.0245220736
  72.1517563 -0.0243674964
  72.201828 -0.0248312149
  72.2518921 -0.0243674964
  72.3019638 -0.0248312168
  72.3520355 -0.0252949391
  72.4021072 -0.024676647
  72.452179 -0.0251403637
  72.5022507 -0.0240583532
  72.5523224 -0.0240583494
  72.6023865 -0.0240583513
  72.6524582 -0.0246766414
  72.7025299 -0.0252949353
  72.7526016 -0.0248312168
  72.8026733 -0.0254495051
  72.8527451 -0.0254495051
  72.9028168 -0.0257586539
  72.9528809 -0.0251403619
  73.0029526 -0.0256040841
  73.0530243 -0.025758652
  73.103096 -0.0259132255
  73.1531677 -0.0249857865
  73.2032394 -0.0257586502
  73.2533112 -0.0254495107
  73.3033752 -0.0256040879
  73.353447 -0.0251403693
  73.4035187 -0.0248312168
  73.4535904 -0.0248312149
  73.5036621 -0.0248312112
  73.5537338 -0.0243674926
  73.6038055 -0.0237492006
  73.6538696 -0.0240583513
  73.7039413 -0.0249857921
  73.7540131 -0.0257586595
  73.8040848 -0.0257586539
  73.8541565 -0.0256040841
  73.9042282 -0.0259132273
  73.9542999 -0.0252949335
  74.004364 -0.0252949316
  74.0544357 -0.0245220643
  74.1045074 -0.0252949297
  74.1545792 -0.0240583457
  74.2046509 -0.0234400593
  74.2547226 -0.0237492044
  74.3047943 -0.0234400611
  74.3548584 -0.0235946346
  74.4049301 -0.0237492099
  74.4550018 -0.0246766452
  74.5050735 -0.0246766414
  74.5551453 -0.023903776
  74.605217 -0.0237492062
  74.6552887 -0.0234400593
  74.7053528 -0.0229763445
  74.7554245 -0.0228217691
  74.8054962 -0.0235946309
  74.8555679 -0.0232854858
  74.9056396 -0.0234400593
  74.9557114 -0.0235946309
  75.0057755 -0.0239037797
  75.0558472 -0.023903776
  75.1059189 -0.0245220754
  75.1559906 -0.0249857921
  75.2060623 -0.0254495125
  75.256134 -0.0248312224
  75.3062057 -0.0246766489
  75.3562698 -0.0251403656
  75.4063416 -0.0252949391
  75.4564133 -0.0248312186
  75.506485 -0.024676647
  75.5565567 -0.0254495069
  75.6066284 -0.0246766452
  75.6567001 -0.0240583513
  75.7067642 -0.0239037797
  75.7568359 -0.0249857921
  75.8069077 -0.0246766489
  75.8569794 -0.02514036
  75.9070511 -0.02514036
  75.9571228 -0.0251403637
  76.0071945 -0.0252949391
  76.0572586 -0.0249857921
  76.1073303 -0.0242129266
  76.157402 -0.0234400611
  76.2074738 -0.0232854877
  76.2575455 -0.0225126259
  76.3076172 -0.0222034734
  76.3576889 -0.0228217691
  76.407753 -0.0226671956
  76.4578247 -0.0223580506
  76.5078964 -0.0226671975
  76.5579681 -0.0231309161
  76.6080399 -0.0231309142
  76.6581116 -0.0229763407
  76.7081833 -0.0232854877
  76.7582474 -0.0232854858
  76.8083191 -0.0234400649
  76.8583908 -0.0237492118
  76.9084625 -0.0232854895
  76.9585342 -0.0231309179
  77.008606 -0.0229763463
  77.0586777 -0.0234400649
  77.1087418 -0.0231309179
  77.1588135 -0.0229763463
  77.2088852 -0.0232854914
  77.2589569 -0.0226672031
  77.3090286 -0.022358058
  77.3591003 -0.0229763482
  77.4091721 -0.0225126278
  77.4592361 -0.0226671975
  77.5093079 -0.022976337
  77.5593796 -0.0220488999
  77.6094513 -0.0228217673
  77.659523 -0.0231309142
  77.7095947 -0.0237492062
  77.7596664 -0.0232854895
  77.8097305 -0.0239037815
  77.8598022 -0.0237492062
  77.909874 -0.0235946327
  77.9599457 -0.0228217654
  78.0100174 -0.0226671938
  78.0600891 -0.0228217654
  78.1101608 -0.0232854877
  78.1602249 -0.0223580506
  78.2102966 -0.0223580506
  78.2603683 -0.022512624
  78.3104401 -0.0228217691
  78.3605118 -0.0226671938
  78.4105835 -0.0237492044
  78.4606552 -0.0245220698
  78.5107193 -0.0252949353
  78.560791 -0.0249857921
  78.6108627 -0.0245220736
  78.6609344 -0.0245220754
  78.7110062 -0.0248312205
  78.7610779 -0.0245220736
  78.8111496 -0.0254495107
  78.8612137 -0.0263769496
  78.9112854 -0.026067799
  78.9613571 -0.0252949316
  79.0114288 -0.0259132255
  79.0615005 -0.0259132273
  79.1115723 -0.0259132273
  79.1616364 -0.0266860928
  79.2117081 -0.026067799
  79.2617798 -0.0259132273
  79.3118515 -0.0252949316
  79.3619232 -0.0257586539
  79.4119949 -0.0252949391
  79.4620667 -0.0246766452
  79.5121307 -0.0245220736
  79.5622025 -0.0245220736
  79.6122742 -0.0251403637
  79.6623459 -0.0249857884
  79.7124176 -0.0257586557
  79.7624893 -0.0259132292
  79.812561 -0.0254495107
  79.8626251 -0.0243674945
  79.9126968 -0.023903776
  79.9627686 -0.0235946309
  80.0128403 -0.0232854858
  80.062912 -0.0234400611
  80.1129837 -0.0237492062
  80.1630554 -0.024676647
  80.2131195 -0.0248312186
  80.2631912 -0.0240583532
  80.3132629 -0.0243674964
  80.3633347 -0.0257586557
  80.4134064 -0.0257586576
  80.4634781 -0.0263769515
  80.5135498 -0.0259132311
  80.5636139 -0.0262223799
  80.6136856 -0.027149817
  80.6637573 -0.0265315231
  80.713829 -0.0262223762
  80.7639008 -0.0266860947
  80.8139725 -0.0259132273
  80.8640442 -0.0263769496
  80.9141083 -0.0259132273
  80.96418 -0.0256040841
  81.0142517 -0.0259132273
  81.0643234 -0.0252949409
  81.1143951 -0.024676647
  81.1644669 -0.0245220736
  81.2145386 -0.0246766452
  81.2646027 -0.0246766414
  81.3146744 -0.0256040823
  81.3647461 -0.0251403693
  81.4148178 -0.0254495163
  81.4648895 -0.0256040897
  81.5149612 -0.0254495144
  81.565033 -0.0260678064
  81.615097 -0.0257586595
  81.6651688 -0.0252949391
  81.7152405 -0.0251403637
  81.7653122 -0.0257586557
  81.8153839 -0.0254495069
  81.8654556 -0.0246766452
  81.9155273 -0.0254495107
  81.9655914 -0.0254495051
  82.0156631 -0.0248312168
  82.0657349 -0.02514036
  82.1158066 -0.0256040767
  82.1658783 -0.0256040841
  82.21595 -0.0248312205
  82.2660217 -0.0246766489
  82.3160858 -0.0246766489
  82.3661575 -0.0248312186
  82.4162292 -0.024676647
  82.466301 -0.0249857921
  82.5163727 -0.0263769496
  82.5664444 -0.0263769478
  82.6165161 -0.0269952398
  82.6665802 -0.0279226787
  82.7166519 -0.0280772503
  82.7667236 -0.0285409708
  82.8167953 -0.0282318238
  82.8668671 -0.0280772522
  82.9169388 -0.0271498151
  82.9670105 -0.0273043867
  83.0170746 -0.0262223762
  83.0671463 -0.0256040841
  83.117218 -0.0251403637
  83.1672897 -0.0248312186
  83.2173615 -0.0252949391
  83.2674332 -0.0254495125
  83.3175049 -0.0263769459
  83.367569 -0.027304383
  83.4176407 -0.0268406626
  83.4677124 -0.0269952361
  83.5177841 -0.0271498058
  83.5678558 -0.0277680978
  83.6179276 -0.0271498058
  83.6679916 -0.0276135281
  83.7180634 -0.0269952361
  83.7681351 -0.0262223743
  83.8182068 -0.0266860947
  83.8682785 -0.0256040823
  83.9183502 -0.0260678045
  83.9684219 -0.0268406644
  84.018486 -0.0274589583
  84.0685577 -0.0265315175
  84.1186295 -0.0268406663
  84.1687012 -0.02684067
  84.2187729 -0.0273043904
  84.2688446 -0.0262223799
  84.3189163 -0.024985794
  84.3689804 -0.025604086
  84.4190521 -0.0254495107
  84.4691238 -0.0257586539
  84.5191956 -0.0251403656
  84.5692673 -0.0265315231
  84.619339 -0.0269952435
  84.6694107 -0.0277681127
  84.7194748 -0.0282318294
  84.7695465 -0.0279226787
  84.8196182 -0.0290046893
  84.8696899 -0.0294684097
  84.9197617 -0.0302412733
  84.9698334 -0.0297775529
  85.0199051 -0.0294684079
  85.0699692 -0.0290046893
  85.1200409 -0.0282318257
  85.1701126 -0.0282318257
  85.2201843 -0.0288501196
  85.270256 -0.0288501251
  85.3203278 -0.0288501214
  85.3703995 -0.0282318313
  85.4204636 -0.0279226769
  85.4705353 -0.0285409708
  85.520607 -0.0277681015
  85.5706787 -0.0280772503
  85.6207504 -0.0286955405
  85.6708221 -0.0286955424
  85.7208939 -0.0285409745
  85.7709579 -0.0288501196
  85.8210297 -0.0291592665
  85.8711014 -0.0285409745
  85.9211731 -0.0293138381
  85.9712448 -0.0296229832
  86.0213165 -0.0290046949
  86.0713882 -0.0290046893
  86.1214523 -0.0290046893
  86.171524 -0.0285409708
  86.2215958 -0.0276135318
  86.2716675 -0.0266860947
  86.3217392 -0.0263769496
  86.3718109 -0.0266860947
  86.4218826 -0.0265315231
  86.4719467 -0.0263769515
  86.5220184 -0.027149817
  86.5720901 -0.02684067
  86.6221619 -0.0263769533
  86.6722336 -0.0265315231
  86.7223053 -0.0254495163
  86.772377 -0.0246766452
  86.8224411 -0.0259132292
  86.8725128 -0.0260678064
  86.9225845 -0.0260678064
  86.9726562 -0.0262223799
  87.022728 -0.0262223836
  87.0727997 -0.0265315305
  87.1228714 -0.0274589602
  87.1729355 -0.0280772485
  87.2230072 -0.0293138362
  87.2730789 -0.0290046837
  87.3231506 -0.0283863936
  87.3732224 -0.0285409614
  87.4232941 -0.0282318182
  87.4733658 -0.0279226694
  87.5234299 -0.0290046819
  87.5735016 -0.0291592553
  87.6235733 -0.0273043849
  87.673645 -0.0266860947
  87.7237167 -0.026531525
  87.7737885 -0.0265315231
  87.8238525 -0.026531525
  87.8739243 -0.026222378
  87.923996 -0.0260678045
  87.9740677 -0.0268406626
  88.0241394 -0.0268406607
  88.0742111 -0.0268406644
  88.1242828 -0.0274589583
  88.1743469 -0.0285409726
  88.2244186 -0.028386401
  88.2744904 -0.0291592684
  88.3245621 -0.0279226806
  88.3746338 -0.027768109
  88.4247055 -0.0285409708
  88.4747772 -0.0285409708
  88.5248413 -0.0286955442
  88.574913 -0.0283863954
  88.6249847 -0.0274589583
  88.6750565 -0.0282318238
  88.7251282 -0.0282318238
  88.7751999 -0.0276135318
  88.8252716 -0.0274589583
  88.8753357 -0.0285409652
  88.9254074 -0.0285409708
  88.9754791 -0.027768109
  89.0255508 -0.027768109
  89.0756226 -0.0288501214
  89.1256943 -0.0291592609
  89.175766 -0.0296229776
  89.2258301 -0.0288501121
  89.2759018 -0.0279226787
  89.3259735 -0.0279226787
  89.3760452 -0.0276135355
  89.4261169 -0.0274589565
  89.4761887 -0.0280772503
  89.5262604 -0.0274589583
  89.5763245 -0.0276135281
  89.6263962 -0.0277680978
  89.6764679 -0.0280772466
  89.7265396 -0.0286955442
  89.7766113 -0.0291592646
  89.826683 -0.0290046874
  89.8767548 -0.0293138325
  89.9268188 -0.0296229888
  89.9768906 -0.0290046912
  90.0269623 -0.0282318257
  90.077034 -0.027149817
  90.1271057 -0.0257586576
  90.1771774 -0.0262223743
  90.2272491 -0.0263769478
  90.2773132 -0.0260678008
  90.3273849 -0.026222378
  90.3774567 -0.0260678045
  90.4275284 -0.0257586557
  90.4776001 -0.0256040841
  90.5276718 -0.0262223743
  90.5777435 -0.0256040823
  90.6278076 -0.0254495069
  90.6778793 -0.0248312168
  90.727951 -0.0249857903
  90.7780228 -0.0248312168
  90.8280945 -0.0249857903
  90.8781662 -0.0256040823
  90.9282379 -0.0265315194
  90.978302 -0.0263769496
  91.0283737 -0.0259132273
  91.0784454 -0.0274589546
  91.1285172 -0.0277680997
  91.1785889 -0.0268406644
  91.2286606 -0.0273043849
  91.2787323 -0.027768109
  91.3287964 -0.0271498151
  91.3788681 -0.0268406738
  91.4289398 -0.0273043867
  91.4790115 -0.026686091
  91.5290833 -0.0274589546
  91.579155 -0.0271498114
  91.6292267 -0.0269952361
  91.6792908 -0.0279226769
  91.7293625 -0.0274589583
  91.7794342 -0.028231822
  91.8295059 -0.0283863917
  91.8795776 -0.0286955368
  91.9296494 -0.0283863936
  91.9797134 -0.027458949
  92.0297852 -0.027304383
  92.0798569 -0.0265315194
  92.1299286 -0.0260678045
  92.1800003 -0.0257586557
  92.230072 -0.0249857903
  92.2801437 -0.0249857921
  92.3302078 -0.0235946346
  92.3802795 -0.0245220736
  92.4303513 -0.0252949353
  92.480423 -0.0254495069
  92.5304947 -0.0257586576
  92.5805664 -0.0262223743
  92.6306381 -0.0260678008
  92.6807022 -0.0274589565
  92.7307739 -0.0273043886
  92.7808456 -0.0273043849
  92.8309174 -0.0265315175
  92.8809891 -0.0266860891
  92.9310608 -0.0271498114
  92.9811325 -0.0265315212
  93.0311966 -0.0259132236
  93.0812683 -0.0252949335
  93.13134 -0.0246766377
  93.1814117 -0.0248312112
  93.2314835 -0.0262223687
  93.2815552 -0.0268406607
  93.3316269 -0.0269952361
  93.381691 -0.0266860891
  93.4317627 -0.0274589565
  93.4818344 -0.0277681053
  93.5319061 -0.0274589565
  93.5819778 -0.026686091
  93.6320496 -0.0274589565
  93.6821213 -0.0271498151
  93.7321854 -0.0260678045
  93.7822571 -0.0271498151
  93.8323288 -0.0263769496
  93.8824005 -0.0262223762
  93.9324722 -0.025604086
  93.9825439 -0.0259132348
  94.0326157 -0.026222378
  94.0826797 -0.0260678008
  94.1327515 -0.0254495069
  94.1828232 -0.0256040823
  94.2328949 -0.0254495107
  94.2829666 -0.0257586557
  94.3330383 -0.0259132273
  94.38311 -0.0266860928
  94.4331741 -0.0263769496
  94.4832458 -0.0262223799
  94.5333176 -0.0269952472
  94.5833893 -0.027304396
  94.633461 -0.0276135392
  94.6835327 -0.027149817
  94.7336044 -0.0266861003
  94.7836685 -0.0273043904
  94.8337402 -0.0274589565
  94.883812 -0.0268406663
  94.9338837 -0.0251403637
  94.9839554 -0.0251403693
  95.0340271 -0.0246766489
  95.0840988 -0.0252949409
  95.1341629 -0.0246766489
  95.1842346 -0.0254495107
  95.2343063 -0.0245220643
  95.2843781 -0.0252949297
  95.3344498 -0.0251403581
  95.3845215 -0.0251403581
  95.4345932 -0.02514036
  95.4846573 -0.0254495051
  95.534729 -0.0252949316
  95.5848007 -0.0263769478
  95.6348724 -0.0252949391
  95.6849442 -0.0245220754
  95.7350159 -0.0242129229
  95.7850876 -0.0237492006
  95.8351517 -0.0239037741
  95.8852234 -0.0245220661
  95.9352951 -0.0246766396
  95.9853668 -0.0237492099
  96.0354385 -0.0237492062
  96.0855103 -0.0249857921
  96.1355743 -0.0248312205
  96.1856461 -0.0252949409
  96.2357178 -0.0252949353
  96.2857895 -0.0257586539
  96.3358612 -0.024522068
  96.3859329 -0.0254495069
  96.4360046 -0.0257586595
  96.4860687 -0.024985794
  96.5361404 -0.0246766489
  96.5862122 -0.0249857921
  96.6362839 -0.0249857903
  96.6863556 -0.0251403656
  96.7364273 -0.0245220736
  96.786499 -0.0248312168
  96.8365631 -0.0257586557
  96.8866348 -0.0254495069
  96.9367065 -0.0256040804
  96.9867783 -0.0251403619
  97.03685 -0.0259132273
  97.0869217 -0.0262223706
  97.1369934 -0.0254495051
  97.1870575 -0.0265315194
  97.2371292 -0.0271498151
  97.2872009 -0.02684067
  97.3372726 -0.0266860984
  97.3873444 -0.0271498132
  97.4374161 -0.0279226769
  97.4874878 -0.0279226769
  97.5375519 -0.028231822
  97.5876236 -0.0283863954
  97.6376953 -0.0288501121
  97.687767 -0.0294684097
  97.7378387 -0.028386401
  97.7879105 -0.0282318313
  97.8379822 -0.0282318257
  97.8880463 -0.0285409726
  97.938118 -0.0286955424
  97.9881897 -0.0283863954
  98.0382614 -0.0279226713
  98.0883331 -0.0273043849
  98.1384048 -0.0276135299
  98.1884766 -0.0260678064
  98.2385406 -0.0273043867
  98.2886124 -0.0273043867
  98.3386841 -0.0269952416
  98.3887558 -0.0269952398
  98.4388275 -0.0276135318
  98.4888992 -0.0274589602
  98.5389709 -0.0283863973
  98.589035 -0.0282318238
  98.6391068 -0.0293138325
  98.6891785 -0.0291592609
  98.7392502 -0.029932132
  98.7893219 -0.0297775622
  98.8393936 -0.0302412808
  98.8894653 -0.0300867055
  98.9395294 -0.0293138381
  98.9896011 -0.0305504221
  99.0396729 -0.0293138362
  99.0897446 -0.0300867017
  99.1398163 -0.0293138381
  99.189888 -0.0290046893
  99.2399597 -0.0291592646
  99.2900238 -0.0297775529
  99.3400955 -0.0299321264
  99.3901672 -0.0299321264
  99.440239 -0.0302412715
  99.4903107 -0.030086698
  99.5403824 -0.0302412752
  99.5904541 -0.0300867017
  99.6405182 -0.0302412771
  99.6905899 -0.0305504166
  99.7406616 -0.0319415741
  99.7907333 -0.031168703
  99.8408051 -0.0310141388
  99.8908768 -0.0317870043
  99.9409485 -0.0319415778
  99.9910126 -0.0316324383
  100.041084 -0.0319415815
  100.091156 -0.0313232839
  100.141228 -0.031014137
  100.191299 -0.0308595672
  100.241371 -0.0300866943
  100.291443 -0.0296229795
  100.341507 -0.0288501121
  100.391579 -0.0290046874
  100.44165 -0.0285409652
  100.491722 -0.0296229795
  100.541794 -0.0302412733
  100.591866 -0.0291592646
  100.64193 -0.0291592665
  100.692001 -0.0290046968
  100.742073 -0.0294684134
  100.792145 -0.0297775567
  100.842216 -0.0297775567
  100.892288 -0.0300867017
  100.94236 -0.0316324309
  100.992424 -0.0307049919
  101.042496 -0.0305504184
  101.092567 -0.0291592646
  101.142639 -0.0291592609
  101.192711 -0.0286955442
  101.242783 -0.0280772522
  101.292854 -0.0263769459
  101.342918 -0.0257586576
  101.39299 -0.0257586557
  101.443062 -0.0248312186
  101.493134 -0.0254495107
  101.543205 -0.0242129266
  101.593277 -0.0242129285
  101.643349 -0.0243675001
  101.693413 -0.0239037797
  101.743484 -0.0231309105
  101.793556 -0.0228217654
  101.843628 -0.0226671938
  101.8937 -0.0225126166
  101.943771 -0.0217397548
  101.993843 -0.0215851832
  102.043907 -0.0225126222
  102.093979 -0.0215851851
  102.144051 -0.0208123215
  102.194122 -0.0198848844
  102.244194 -0.0208123215
  102.294266 -0.0222034808
  102.344337 -0.0223580524
  102.394402 -0.0220489036
  102.444473 -0.0212760381
  102.494545 -0.0209668912
  102.544617 -0.0201940294
  102.594688 -0.020348601
  102.64476 -0.0201940276
  102.694832 -0.0195757356
  102.744896 -0.0192665905
  102.794968 -0.0188028719
  102.845039 -0.0197303072
  102.895111 -0.018184578
  102.945183 -0.0180300064
  102.995255 -0.018184578
  103.045326 -0.0175662879
  103.09539 -0.0169479996
  103.145462 -0.0167934243
  103.195534 -0.0147839822
  103.245605 -0.0146294106
  103.295677 -0.0141656948
  103.345749 -0.0147839841
  103.395821 -0.0144748371
  103.445885 -0.013856547
  103.495956 -0.0140111195
  103.546028 -0.0127745401
  103.5961 -0.0129291108
  103.646172 -0.0132382549
  103.696243 -0.012156249
  103.746315 -0.0126199666
  103.796379 -0.0127745364
  103.846451 -0.0121562472
  103.896523 -0.0124653932
  103.946594 -0.0126199685
  103.996666 -0.0120016793
  104.046738 -0.0133928303
  104.096809 -0.0130836861
  104.146873 -0.0133928303
  104.196945 -0.014165692
  104.247017 -0.0140111186
  104.297089 -0.0140111176
  104.34716 -0.0127745364
  104.397232 -0.0123108225
  104.447304 -0.0115379579
  104.497368 -0.0115379579
  104.54744 -0.0112288138
  104.597511 -0.0120016756
  104.647583 -0.0116925314
  104.697655 -0.0113833873
  104.747726 -0.0107650962
  104.797791 -0.010146806
  104.847862 -0.0103013786
  104.897934 -0.0106105246
  104.948006 -0.0103013786
  104.998077 -0.0104559511
  105.048149 -0.0104559511
  105.098221 -0.0103013776
  105.148285 -0.0103013804
