  0.0500638075  0.0281032976
  0.100127615  0.0295258462
  0.150191426  0.0297036693
  0.20025523  0.0307705756
  0.250319034  0.0311262049
  0.300382853  0.0307705663
  0.350446641  0.0316596627
  0.40051046  0.0323709287
  0.450574279  0.032548748
  0.500638068  0.0329043865
  0.550701857  0.0334378444
  0.600765705  0.0345047601
  0.650829494  0.0339713022
  0.700893283  0.0353938565
  0.750957131  0.0353938565
  0.80102092  0.036816407
  0.851084709  0.0366385914
  0.901148558  0.0369942337
  0.951212347  0.037349876
  1.00127614  0.0368164182
  1.05133998  0.037172053
  1.10140371  0.0368164182
  1.15146756  0.0364607722
  1.20153141  0.0364607722
  1.25159514  0.0362829566
  1.30165899  0.0355716795
  1.35172284  0.0345047712
  1.40178657  0.0345047712
  1.45185041  0.0346825942
  1.50191426  0.0353938714
  1.55197799  0.0343269557
  1.60204184  0.0337934978
  1.65210569  0.0345047712
  1.70216942  0.0355716906
  1.75223327  0.0348604098
  1.80229712  0.0337934978
  1.85236084  0.0318374895
  1.90242469  0.0311262198
  1.95248854  0.0302371271
  2.00255227  0.028992394
  2.05261612  0.0286367536
  2.10267997  0.0279254764
  2.15274382  0.0263251085
  2.20280743  0.0254360158
  2.25287127  0.0249025598
  2.30293512  0.0236578304
  2.35299897  0.0227687433
  2.40306282  0.0224131048
  2.45312667  0.0220574662
  2.50319028  0.0206349231
  2.55325413  0.0204571057
  2.60331798  0.0195680149
  2.65338182  0.0201014709
  2.70344567  0.0186789297
  2.75350952  0.0186789297
  2.80357313  0.0190345664
  2.85363698  0.0185011104
  2.90370083  0.0177898388
  2.95376468  0.0160116535
  3.00382853  0.0154781984
  3.05389237  0.0144112902
  3.10395598  0.0144112892
  3.15401983  0.0129887424
  3.20408368  0.0122774653
  3.25414753  0.012099646
  3.30421138  0.0117440112
  3.35427499  0.0110327415
  3.40433884  0.0101436507
  3.45440269  0.0101436535
  3.50446653  0.00996583421
  3.55453038  0.0101436498
  3.60459423  0.00978801772
  3.65465784  0.00889893156
  3.70472169  0.00961019658
  3.75478554  0.0101436535
  3.80484939  0.0103214709
  3.85491323  0.0104992883
  3.90497708  0.0110327424
  3.95504069  0.0117440112
  4.00510454  0.0122774662
  4.05516863  0.012633102
  4.10523224  0.0122774625
  4.15529585  0.0120996451
  4.20535994  0.01156619
  4.25542355  0.0122774616
  4.30548763  0.0113883698
  4.35555124  0.0122774607
  4.40561485  0.0119218258
  4.45567894  0.0117440103
  4.50574255  0.0128109176
  4.55580664  0.0131665561
  4.60587025  0.0144112902
  4.65593433  0.0154782003
  4.70599794  0.0169007462
  4.75606155  0.0165451057
  4.80612564  0.0160116497
  4.85618925  0.0174341984
  4.90625334  0.0176120158
  4.95631695  0.0169007424
  5.00638056  0.0177898332
  5.05644464  0.017256381
  5.10650826  0.017256381
  5.15657234  0.016722925
  5.20663595  0.0170785617
  5.25669956  0.0176120214
  5.30676365  0.0174342021
  5.35682726  0.0170785673
  5.40689135  0.0174342021
  5.45695496  0.017256381
  5.50701904  0.0167229269
  5.55708265  0.0179676563
  5.60714626  0.0188567452
  5.65721035  0.0193901993
  5.70727396  0.0197458379
  5.75733805  0.0206349324
  5.80740166  0.0217018351
  5.85746527  0.021524014
  5.90752935  0.0222352818
  5.95759296  0.0225909185
  6.00765705  0.0222352818
  6.05772066  0.0220574625
  6.10778475  0.0217018276
  6.15784836  0.0217018314
  6.20791197  0.0215240121
  6.25797606  0.0211683791
  6.30803967  0.0217018276
  6.35810375  0.0225909166
  6.40816736  0.0247247349
  6.45823097  0.0259694569
  6.50829506  0.026325101
  6.55835867  0.0268585589
  6.60842276  0.0282811131
  6.65848637  0.0295258481
  6.70854998  0.0300593022
  6.75861406  0.0300593022
  6.80867767  0.0313040316
  6.85874176  0.0314818546
  6.90880537  0.032370951
  6.95886946  0.0332600474
  7.00893307  0.0348604135
  7.05899668  0.0355716906
  7.10906076  0.0364607796
  7.15912437  0.0369942375
  7.20918846  0.0387724265
  7.25925207  0.0401949808
  7.30931568  0.042150978
  7.35937977  0.0442848131
  7.40944338  0.0455295332
  7.45950747  0.0471298881
  7.50957108  0.0494415164
  7.55963516  0.0506862514
  7.60969877  0.052642256
  7.65976238  0.0556651615
  7.70982647  0.0574433282
  7.75989008  0.0599327795
  7.80995417  0.0613553189
  7.86001778  0.0633113012
  7.91008139  0.0661563948
  7.96014547  0.0686458647
  8.01020908  0.0713131428
  8.06027317  0.0729135126
  8.11033726  0.0766477138
  8.16040039  0.0802040845
  8.21046448  0.0826935247
  8.26052856  0.0851829723
  8.3105917  0.0892727822
  8.36065578  0.0921178684
  8.41071987  0.0954964161
  8.460783  0.0986971483
  8.51084709  0.102075696
  8.56091118  0.105987713
  8.61097527  0.11185573
  8.6610384  0.117368102
  8.71110249  0.121991396
  8.76116657  0.127148151
  8.81122971  0.133549616
  8.86129379  0.138528526
  8.91135788  0.145641252
  8.96142197  0.151864916
  9.0114851  0.156843767
  9.06154919  0.162889585
  9.11161327  0.171069175
  9.16167641  0.178715393
  9.21174049  0.184583426
  9.26180458  0.194185615
  9.31186867  0.202543095
  9.3619318  0.21250087
  9.41199589  0.22068052
  9.46205997  0.231171772
  9.51212311  0.2421965
  9.56218719  0.252509981
  9.61225128  0.264068216
  9.66231441  0.276515543
  9.7123785  0.287184566
  9.76244259  0.299276263
  9.81250668  0.313501626
  9.86256981  0.327193677
  9.9126339  0.342485994
  9.96269798  0.356355935
  10.0127611  0.370048106
  10.0628252  0.385696054
  10.1128893  0.400277168
  10.1629534  0.416636437
  10.2130165  0.432462275
  10.2630806  0.449177265
  10.3131447  0.467492402
  10.3632078  0.485807806
  10.4132719  0.505011916
  10.463336  0.524394155
  10.5133991  0.544487715
  10.5634632  0.565292597
  10.6135273  0.585919321
  10.6635914  0.606546283
  10.7136545  0.628240287
  10.7637186  0.648867071
  10.8137827  0.669138491
  10.8638458  0.689943194
  10.9139099  0.710570455
  10.963974  0.73137486
  11.0140381  0.752357066
  11.0641012  0.774584413
  11.1141653  0.795211792
  11.1642294  0.816194415
  11.2142925  0.839310527
  11.2643566  0.861359715
  11.3144207  0.881808758
  11.3644838  0.903147399
  11.4145479  0.924130023
  11.464612  0.944578946
  11.5146761  0.964672863
  11.5647392  0.985121489
  11.6148033  1.00468159
  11.6648674  1.02495301
  11.7149305  1.04397964
  11.7649946  1.06318426
  11.8150587  1.08221066
  11.8651228  1.09999239
  11.9151859  1.11688507
  11.96525  1.13359988
  12.0153141  1.15102589
  12.0653772  1.16685212
  12.1154413  1.1826781
  12.1655054  1.19779241
  12.2155695  1.21166205
  12.2656326  1.2258873
  12.3156967  1.2392236
  12.3657608  1.25238192
  12.4158239  1.26411796
  12.465888  1.27620971
  12.5159521  1.28936851
  12.5660152  1.30003786
  12.6160793  1.30981803
  12.6661434  1.32244313
  12.7162075  1.3316896
  12.7662706  1.34182525
  12.8163347  1.35213876
  12.8663988  1.36351895
  12.9164619  1.3736546
  12.966526  1.38236809
  13.0165901  1.39285934
  13.0666542  1.40210617
  13.1167173  1.41081917
  13.1667814  1.42131031
  13.2168455  1.43073428
  13.2669086  1.44051397
  13.3169727  1.44869339
  13.3670368  1.46025169
  13.4171  1.4696759
  13.467164  1.48087835
  13.5172281  1.49225819
  13.5672922  1.50346088
  13.6173553  1.5159086
  13.6674194  1.52853405
  13.7174835  1.54169273
  13.7675467  1.55485165
  13.8176107  1.56907713
  13.8676748  1.58365834
  13.9177389  1.59912884
  13.967802  1.61566591
  14.0178661  1.63291419
  14.0679302  1.65051794
  14.1179934  1.66972232
  14.1680574  1.68963838
  14.2181215  1.7100867
  14.2681856  1.73035741
  14.3182487  1.75276196
  14.3683128  1.77623451
  14.4183769  1.79881811
  14.4684401  1.82193482
  14.5185041  1.84718561
  14.5685682  1.87154686
  14.6186314  1.89572966
  14.6686954  1.92222476
  14.7187595  1.94836354
  14.7688236  1.97396874
  14.8188868  2.00170803
  14.8689508  2.02962518
  14.9190149  2.05772114
  14.9690781  2.0867064
  15.0191422  2.11462402
  15.0692062  2.14289689
  15.1192703  2.17134809
  15.1693335  2.19997597
  15.2193975  2.2289598
  15.2694616  2.25545454
  15.3195248  2.28212714
  15.3695889  2.30862284
  15.4196529  2.33387375
  15.4697161  2.35663486
  15.5197802  2.38046217
  15.5698442  2.40126777
  15.6199083  2.42242765
  15.6699715  2.44180989
  15.7200356  2.46101403
  15.7700996  2.47915053
  15.8201628  2.49622059
  15.8702269  2.51026869
  15.9202909  2.52289367
  15.970355  2.53587461
  16.0204182  2.54778814
  16.0704823  2.55614638
  16.1205463  2.56432652
  16.1706104  2.57126141
  16.2206745  2.5755291
  16.2707367  2.57819653
  16.3208008  2.57979679
  16.3708649  2.57997465
  16.420929  2.57766318
  16.470993  2.57392859
  16.5210571  2.56841612
  16.5711212  2.56254745
  16.6211834  2.55205607
  16.6712475  2.54387665
  16.7213116  2.53089499
  16.7713757  2.51524734
  16.8214397  2.5001328
  16.8715038  2.4818182
  16.921566  2.46332645
  16.9716301  2.44181085
  17.0216942  2.41922736
  17.0717583  2.39486599
  17.1218224  2.36890388
  17.1718864  2.34151983
  17.2219505  2.3143127
  17.2720127  2.2810595
  17.3220768  2.25260973
  17.3721409  2.2188251
  17.422205  2.18326187
  17.4722691  2.14858723
  17.5223331  2.11195683
  17.5723972  2.07514763
  17.6224594  2.03691554
  17.6725235  1.9977963
  17.7225876  1.96009922
  17.7726517  1.92240262
  17.8227158  1.88470554
  17.8727798  1.84629619
  17.9228439  1.8089534
  17.9729061  1.77196658
  18.0229702  1.73302507
  18.0730343  1.69532835
  18.1230984  1.6583426
  18.1731625  1.62064469
  18.2232265  1.58419168
  18.2732906  1.54738295
  18.3233528  1.51288545
  18.3734169  1.47892249
  18.423481  1.44709349
  18.4735451  1.41561985
  18.5236092  1.3866353
  18.5736732  1.35747325
  18.6237373  1.33115625
  18.6737995  1.30590582
  18.7238636  1.28083289
  18.7739277  1.25718296
  18.8239918  1.23495567
  18.8740559  1.2146852
  18.9241199  1.19405818
  18.9741821  1.1757431
  19.0242462  1.15885007
  19.0743103  1.14284635
  19.1243744  1.1277318
  19.1744385  1.11439574
  19.2245026  1.10265982
  19.2745667  1.09056818
  19.3246288  1.08007693
  19.3746929  1.07100809
  19.424757  1.06122816
  19.4748211  1.05287051
  19.5248852  1.04415727
  19.5749493  1.03811121
  19.6250134  1.03153193
  19.6750755  1.02708638
  19.7251396  1.021752
  19.7752037  1.01748431
  19.8252678  1.01303911
  19.8753319  1.0084157
  19.925396  1.00610411
  19.9754601  1.00254774
  20.0255222  0.998279989
  20.0755863  0.993123293
  20.1256504  0.9893893
  20.1757145  0.986544311
  20.2257786  0.982987881
  20.2758427  0.978542566
  20.3259068  0.973919332
  20.3759689  0.969296038
  20.426033  0.963961363
  20.4760971  0.957915425
  20.5261612  0.950980425
  20.5762253  0.944045544
  20.6262894  0.934443474
  20.6763535  0.927864075
  20.7264156  0.918083847
  20.7764797  0.907592356
  20.8265438  0.897634327
  20.8766079  0.885543168
  20.926672  0.873807192
  20.9767361  0.862071037
  21.0267982  0.849090874
  21.0768623  0.835398793
  21.1269264  0.821706772
  21.1769905  0.806414187
  21.2270546  0.791477263
  21.2771187  0.776718259
  21.3271828  0.759647846
  21.3772449  0.742577434
  21.427309  0.724262357
  21.4773731  0.706124663
  21.5274372  0.687097907
  21.5775013  0.667538166
  21.6275654  0.649222732
  21.6776295  0.628951669
  21.7276917  0.607435644
  21.7777557  0.586274922
  21.8278198  0.56600368
  21.8778839  0.545554519
  21.927948  0.524749875
  21.9780121  0.504478514
  22.0280762  0.485629737
  22.0781384  0.466781259
  22.1282024  0.448288083
  22.1782665  0.43068409
  22.2283306  0.412368834
  22.2783947  0.395120472
  22.3284588  0.377516359
  22.3785229  0.36097911
  22.4285851  0.346042305
  22.4786491  0.330572218
  22.5287132  0.315457642
  22.5787773  0.300165325
  22.6288414  0.284873039
  22.6789055  0.27189225
  22.7289677  0.258377999
  22.7790318  0.24557507
  22.8290958  0.234728098
  22.8791599  0.224059045
  22.929224  0.213567853
  22.9792881  0.20414345
  23.0293522  0.194541261
  23.0794144  0.185828075
  23.1294785  0.178359702
  23.1795425  0.170891345
  23.2296066  0.165201202
  23.2796707  0.160400122
  23.3297348  0.155776858
  23.3797989  0.150975809
  23.4298611  0.146174744
  23.4799252  0.143685311
  23.5299892  0.140306771
  23.5800533  0.137639478
  23.6301174  0.135505646
  23.6801815  0.133905262
  23.7302456  0.131060168
  23.7803078  0.128037244
  23.8303719  0.126970351
  23.8804359  0.125903413
  23.9305  0.12519215
  23.9805641  0.12501432
  24.0306282  0.12501432
  24.0806923  0.124480851
  24.1307545  0.125369951
  24.1808186  0.127148136
  24.2308826  0.127148136
  24.2809467  0.126792505
  24.3310108  0.127681598
  24.3810749  0.128215045
  24.431139  0.127503768
  24.4812012  0.127681583
  24.5312653  0.127148136
  24.5813293  0.126970336
  24.6313934  0.127148151
  24.6814575  0.126614705
  24.7315216  0.126792505
  24.7815838  0.126081228
  24.8316479  0.126436844
  24.881712  0.125547752
  24.931776  0.123769574
  24.9818401  0.122880474
  25.0319042  0.123236105
  25.0819683  0.121457912
  25.1320305  0.119679719
  25.1820946  0.118612818
  25.2321587  0.116834611
  25.2822227  0.115589872
  25.3322868  0.114700779
  25.3823509  0.111322239
  25.432415  0.108654961
  25.4824772  0.106343307
  25.5325413  0.102964759
  25.5826054  0.100653149
  25.6326694  0.097985886
  25.6827335  0.0949629545
  25.7327976  0.0919400528
  25.7828617  0.0887393206
  25.8329239  0.0848273337
  25.882988  0.0828713328
  25.9330521  0.0800262466
  25.9831161  0.0759364367
  26.0331802  0.0729135126
  26.0832443  0.0691793188
  26.1333084  0.0666898564
  26.1833706  0.0633113012
  26.2334347  0.0592215024
  26.2834988  0.0572655126
  26.3335629  0.0551316924
  26.3836269  0.0521087833
  26.433691  0.0512197055
  26.4837551  0.0485524386
  26.5338173  0.0455295332
  26.5838814  0.0433957092
  26.6339455  0.0410840698
  26.6840096  0.0387724228
  26.7340736  0.0357494988
  26.7841377  0.0337934904
  26.8341999  0.0327265784
  26.884264  0.0311262086
  26.9343281  0.0302371252
  26.9843922  0.0298814792
  27.0344563  0.0279254708
  27.0845203  0.0275698379
  27.1345844  0.0281032939
  27.1846466  0.0279254708
  27.2347107  0.028458925
  27.2847748  0.0277476572
  27.3348389  0.02703638
  27.384903  0.0257916469
  27.434967  0.0241912864
  27.4850311  0.0250803735
  27.5350933  0.0249025598
  27.5851574  0.0252582002
  27.6352215  0.0250803828
  27.6852856  0.0259694643
  27.7353497  0.0273920149
  27.7854137  0.0284589324
  27.8354778  0.0286367461
  27.88554  0.0297036637
  27.9356041  0.0305927563
  27.9856682  0.0311262123
  28.0357323  0.0307705719
  28.0857964  0.0327265821
  28.1358604  0.0334378555
  28.1859245  0.0323709399
  28.2359867  0.0321931168
  28.2860508  0.0318374857
  28.3361149  0.0323709361
  28.386179  0.0313040279
  28.4362431  0.0305927489
  28.4863071  0.0298814736
  28.5363712  0.0298814736
  28.5864334  0.0295258444
  28.6364975  0.0291702077
  28.6865616  0.0291702058
  28.7366257  0.0298814736
  28.7866898  0.0293480195
  28.8367538  0.028458925
  28.886816  0.0288145654
  28.9368801  0.027392013
  28.9869442  0.0277476441
  29.0370083  0.027392013
  29.0870724  0.0261472855
  29.1371365  0.0245469213
  29.1872005  0.0227687359
  29.2372627  0.0231243744
  29.2873268  0.0222352799
  29.3373909  0.0209905542
  29.387455  0.0206349157
  29.4375191  0.0197458249
  29.4875832  0.0186789185
  29.5376472  0.0188567396
  29.5877094  0.0181454737
  29.6377735  0.0170785617
  29.6878376  0.0160116497
  29.7379017  0.0163672864
  29.7879658  0.0147669204
  29.8380299  0.0140556479
  29.8880939  0.012633102
  29.9381561  0.0124552837
  29.9882202  0.0115661928
  30.0382843  0.0110327359
  30.0883484  0.00961019099
  30.1384125  0.00925455894
  30.1884766  0.0088989241
  30.2385406  0.00640947372
  30.2886028  0.00747638382
  30.3386669  0.00658729067
  30.388731  0.0051647434
  30.4387951  0.00552038057
  30.4888592  0.0051647434
  30.5389233  0.00516474247
  30.5889854  0.00552038057
  30.6390495  0.00463128835
  30.6891136  0.00320874085
  30.7391777  0.00303092133
  30.7892418  0.00303092133
  30.8393059  0.0026752851
  30.88937  0.00196400937
  30.9394321  0.00178619183
  30.9894962  0.00249746535
  31.0395603  0.00178619102
  31.0896244  0.002319647
  31.1396885  0.002675283
  31.1897526  0.00267528347
  31.2398167  0.00285310368
  31.2898788  0.00338655827
  31.3399429  0.00338655943
  31.390007  0.00303092273
  31.4400711  0.00285310368
  31.4901352  0.00338656036
  31.5401993  0.00267528533
  31.5902634  0.00267528533
  31.6403255  0.00267528533
  31.6903896  0.00214182958
  31.7404537  0.00285310298
  31.7905178  0.0030309218
  31.8405819  0.00285310368
  31.890646  0.00392001588
  31.9407101  0.0037421973
  31.9907722  0.00445347093
  32.0408363  0.0040978347
  32.0909004  0.00534256268
  32.1409645  0.00516474433
  32.1910286  0.0058760182
  32.2410927  0.00569819892
  32.2911568  0.0051647434
  32.3412209  0.0048091067
  32.3912849  0.0051647448
  32.441349  0.00605383655
  32.4914093  0.00569819938
  32.5414734  0.00534256315
  32.5915375  0.00498692552
  32.6416016  0.00392001634
  32.6916656  0.00392001634
  32.7417297  0.00427565211
  32.7917938  0.00374219706
  32.8418579  0.00231965003
  32.891922  0.00143055618
  32.9419861  0.000185826997
  32.9920502  8.00872385E-06
  33.0421143  0.000185827404
  33.0921783 -0.000347627734
  33.1422424 -0.000169810097
  33.1923027 -0.00123671908
  33.2423668 -0.00177017378
  33.2924309 -0.0019479912
  33.342495 -0.00194799202
  33.3925591 -0.00123671896
  33.4426231 -0.0014145365
  33.4926872 -0.00177017285
  33.5427513 -0.00265926495
  33.5928154 -0.0028370826
  33.6428795 -0.0024814459
  33.6929436 -0.00194799108
  33.7430077 -0.00194799132
  33.7930717 -0.0019479905
  33.843132 -0.00319271977
  33.8931961 -0.00265926518
  33.9432602 -0.00301490189
  33.9933243 -0.00390399247
  34.0433884 -0.00408181082
  34.0934525 -0.00408181176
  34.1435165 -0.00479308516
  34.1935806 -0.00461526727
  34.2436447 -0.00408181176
  34.2937088 -0.00443744939
  34.3437729 -0.00585999712
  34.393837 -0.00585999666
  34.4439011 -0.00674908888
  34.4939651 -0.00639345217
  34.5440254 -0.00621563289
  34.5940895 -0.00479308655
  34.6441536 -0.00514872279
  34.6942177 -0.00514872326
  34.7442818 -0.00443744753
  34.7943459 -0.00408181082
  34.8444099 -0.00301490119
  34.894474 -0.00301490212
  34.9445381 -0.0042596315
  34.9946022 -0.00479308562
  35.0446663 -0.00408181315
  35.0947304 -0.0046152682
  35.1447945 -0.00408181315
  35.1948586 -0.00372617599
  35.2449188 -0.00301490282
  35.2949829 -0.00319272117
  35.345047 -0.002837084
  35.3951111 -0.00265926542
  35.4451752 -0.00283708423
  35.4952393 -0.00390399387
  35.5453033 -0.00408181222
  35.5953674 -0.00301490189
  35.6454315 -0.00408181176
  35.6954956 -0.00443744892
  35.7455597 -0.00550435856
  35.7956238 -0.00568217691
  35.8456879 -0.00603781454
  35.8957481 -0.00603781454
  35.9458122 -0.00639345078
  35.9958763 -0.00657127006
  36.0459404 -0.00532654068
  36.0960045 -0.00532654161
  36.1460686 -0.00461526681
  36.1961327 -0.00425963011
  36.2461967 -0.00301490142
  36.2962608 -0.00354835717
  36.3463249 -0.00372617552
  36.396389 -0.0046152682
  36.4464531 -0.00443744985
  36.4965172 -0.00514872326
  36.5465813 -0.0046152682
  36.5966415 -0.00443744939
  36.6467056 -0.00550435903
  36.6967697 -0.00443744706
  36.7468338 -0.00479308562
  36.7968979 -0.00443744846
  36.846962 -0.00390399317
  36.8970261 -0.00390399341
  36.9470901 -0.00354835694
  36.9971542 -0.00425963011
  37.0472183 -0.00550435809
  37.0972824 -0.00621563196
  37.1473465 -0.00621563243
  37.1974106 -0.00692690723
  37.2474747 -0.00621563289
  37.2975349 -0.00639345217
  37.347599 -0.00710472558
  37.3976631 -0.00728254346
  37.4477272 -0.00763818109
  37.4977913 -0.00763818109
  37.5478554 -0.00817163661
  37.5979195 -0.00781599898
  37.6479836 -0.00781599898
  37.6980476 -0.00834945496
  37.7481117 -0.00799381733
  37.7981758 -0.00799381826
  37.8482399 -0.00781599991
  37.898304 -0.00746036181
  37.9483643 -0.00710472511
  37.9984283 -0.0079938164
  38.0484924 -0.0069269063
  38.0985565 -0.0076381797
  38.1486206 -0.00834945403
  38.1986847 -0.00923854671
  38.2487488 -0.00977200083
  38.2988129 -0.0103054568
  38.348877 -0.00959418342
  38.398941 -0.0101276375
  38.4490051 -0.0104832761
  38.4990692 -0.0101276375
  38.5491333 -0.00941636506
  38.5991974 -0.00923854671
  38.6492577 -0.00923854671
  38.6993217 -0.00994982012
  38.7493858 -0.0103054568
  38.7994499 -0.0106610944
  38.849514 -0.0108389128
  38.8995781 -0.0106610926
  38.9496422 -0.0104832752
  38.9997063 -0.00994982012
  39.0497704 -0.00923854765
  39.0998344 -0.00977200177
  39.1498985 -0.00941636506
  39.1999626 -0.00906072836
  39.2500267 -0.00817163568
  39.3000908 -0.00657126913
  39.3501511 -0.00674908841
  39.4002151 -0.0069269063
  39.4502792 -0.00799381733
  39.5003433 -0.00852727238
  39.5504074 -0.00994982012
  39.6004715 -0.00977200177
  39.6505356 -0.0110167312
  39.7005997 -0.0117280046
  39.7506638 -0.0122614596
  39.8007278 -0.0122614624
  39.8507919 -0.0119058238
  39.900856 -0.0119058229
  39.9509201 -0.0108389119
  40.0009804 -0.0115501871
  40.0510445 -0.0108389119
  40.1011086 -0.00977200177
  40.1511726 -0.00923854578
  40.2012367 -0.00994982012
  40.2513008 -0.00923854578
  40.3013649 -0.00888290908
  40.351429 -0.00941636413
  40.4014931 -0.00941636506
  40.4515572 -0.00959418342
  40.5016212 -0.0103054559
  40.5516853 -0.0115501843
  40.6017494 -0.0115501834
  40.6518135 -0.0106610926
  40.7018738 -0.011372366
  40.7519379 -0.0119058201
  40.802002 -0.0117280018
  40.852066 -0.0115501834
  40.9021301 -0.0119058192
  40.9521942 -0.0122614587
  41.0022583 -0.0126170954
  41.0523224 -0.0122614596
  41.1023865 -0.012972733
  41.1524506 -0.0136840055
  41.2025146 -0.0138618229
  41.2525787 -0.0122614568
  41.3026428 -0.0122614568
  41.3527069 -0.0120836375
  41.4027672 -0.0127949128
  41.4528313 -0.0117280027
  41.5028954 -0.0115501843
  41.5529594 -0.0108389109
  41.6030235 -0.0106610944
  41.6530876 -0.0111945476
  41.7031517 -0.0101276375
  41.7532158 -0.0113723688
  41.8032799 -0.0124392789
  41.853344 -0.0126170954
  41.9034081 -0.0131505514
  41.9534721 -0.0131505514
  42.0035362 -0.0126170944
  42.0535965 -0.0127949128
  42.1036606 -0.0136840055
  42.1537247 -0.0129727311
  42.2037888 -0.012972733
  42.2538528 -0.0131505523
  42.3039169 -0.0127949137
  42.353981 -0.0122614587
  42.4040451 -0.0122614596
  42.4541092 -0.0119058238
  42.5041733 -0.0113723669
  42.5542374 -0.0113723669
  42.6043015 -0.0101276403
  42.6543655 -0.0103054568
  42.7044296 -0.0111945486
  42.7544899 -0.012439277
  42.804554 -0.0127949137
  42.8546181 -0.012439277
  42.9046822 -0.0122614587
  42.9547462 -0.0127949137
  43.0048103 -0.0131505504
  43.0548744 -0.0147509137
  43.1049385 -0.0154621871
  43.1550026 -0.0145730991
  43.2050667 -0.0145730991
  43.2551308 -0.0143952835
  43.3051949 -0.0143952807
  43.3552589 -0.0136840073
  43.4053192 -0.0142174615
  43.4553833 -0.0138618248
  43.5054474 -0.0136840064
  43.5555115 -0.013506189
  43.6055756 -0.0131505523
  43.6556396 -0.0135061871
  43.7057037 -0.0135061862
  43.7557678 -0.0127949147
  43.8058319 -0.0127949137
  43.855896 -0.0126170982
  43.9059601 -0.0117280046
  43.9560242 -0.0120836403
  44.0060883 -0.0122614587
  44.0561523 -0.0119058229
  44.1062126 -0.0119058229
  44.1562767 -0.0127949137
  44.2063408 -0.0122614587
  44.2564049 -0.0131505495
  44.306469 -0.0126170944
  44.3565331 -0.0143952761
  44.4065971 -0.0147509128
  44.4566612 -0.0152843678
  44.5067253 -0.0156400055
  44.5567894 -0.0147509128
  44.6068535 -0.0142174568
  44.6569176 -0.0133283669
  44.7069817 -0.0124392752
  44.7570457 -0.0124392752
  44.807106 -0.0120836385
  44.8571701 -0.0122614568
  44.9072342 -0.0115501834
  44.9572983 -0.0127949137
  45.0073624 -0.0117280027
  45.0574265 -0.0129727311
  45.1074905 -0.0122614587
  45.1575546 -0.012439278
  45.2076187 -0.0126170954
  45.2576828 -0.012439278
  45.3077469 -0.0117280046
  45.357811 -0.0117280018
  45.4078751 -0.011905822
  45.4579353 -0.0115501843
  45.5079994 -0.0120836403
  45.5580635 -0.011905822
  45.6081276 -0.011905822
  45.6581917 -0.0120836394
  45.7082558 -0.0111945486
  45.7583199 -0.0120836394
  45.8083839 -0.0117280027
  45.858448 -0.0111945486
  45.9085121 -0.0111945476
  45.9585762 -0.0110167312
  46.0086403 -0.0101276394
  46.0587044 -0.00977200177
  46.1087685 -0.00959418342
  46.1588287 -0.0103054568
  46.2088928 -0.00977200083
  46.2589569 -0.0103054568
  46.309021 -0.0110167339
  46.3590851 -0.0110167312
  46.4091492 -0.0110167321
  46.4592133 -0.011550189
  46.5092773 -0.0108389119
  46.5593414 -0.0106610944
  46.6094055 -0.0108389128
  46.6594696 -0.0106610954
  46.7095337 -0.00959418342
  46.7595978 -0.00959418435
  46.8096619 -0.00906072836
  46.8597221 -0.00977200177
  46.9097862 -0.00977200083
  46.9598503 -0.00923854578
  47.0099144 -0.00906072743
  47.0599785 -0.00994981918
  47.1100426 -0.0101276375
  47.1601067 -0.0103054568
  47.2101707 -0.00994982012
  47.2602348 -0.00941636506
  47.3102989 -0.0090607293
  47.360363 -0.00763818109
  47.4104271 -0.00799381826
  47.4604912 -0.00746036135
  47.5105515 -0.00746036228
  47.5606155 -0.00710472418
  47.6106796 -0.00728254346
  47.6607437 -0.00799381733
  47.7108078 -0.00834945496
  47.7608719 -0.00799381826
  47.810936 -0.00923854765
  47.8610001 -0.0090607293
  47.9110641 -0.00852727424
  47.9611282 -0.00888291001
  48.0111923 -0.00852727331
  48.0612564 -0.00923854765
  48.1113205 -0.00870509166
  48.1613846 -0.00852727331
  48.2114449 -0.00834945496
  48.2615089 -0.00852727238
  48.311573 -0.00870509166
  48.3616371 -0.00923854671
  48.4117012 -0.00959418342
  48.4617653 -0.00977200177
  48.5118294 -0.00888291001
  48.5618935 -0.00888291001
  48.6119576 -0.00941636506
  48.6620216 -0.0101276394
  48.7120857 -0.0104832761
  48.7621498 -0.00977200363
  48.8122139 -0.00994982012
  48.862278 -0.0106610944
  48.9123383 -0.0108389119
  48.9624023 -0.0106610954
  49.0124664 -0.0101276394
  49.0625305 -0.0101276394
  49.1125946 -0.0111945476
  49.1626587 -0.0103054568
  49.2127228 -0.0106610944
  49.2627869 -0.0104832761
  49.312851 -0.0101276375
  49.362915 -0.0101276375
  49.4129791 -0.00941636506
  49.4630432 -0.0106610944
  49.5131073 -0.00977200177
  49.5631676 -0.0110167312
  49.6132317 -0.0111945486
  49.6632957 -0.012439277
  49.7133598 -0.0119058229
  49.7634239 -0.0113723669
  49.813488 -0.0110167302
  49.8635521 -0.0108389119
  49.9136162 -0.0108389109
  49.9636803 -0.0110167284
  50.0137444 -0.0110167302
  50.0638084 -0.0103054559
  50.1138725 -0.0104832752
  50.1639366 -0.0106610944
  50.2140007 -0.0110167302
  50.264061 -0.0111945476
  50.3141251 -0.0106610944
  50.3641891 -0.0101276394
  50.4142532 -0.0106610944
  50.4643173 -0.00994982012
  50.5143814 -0.0106610944
  50.5644455 -0.00923854578
  50.6145096 -0.00852727331
  50.6645737 -0.00959418342
  50.7146378 -0.00959418435
  50.7647018 -0.0101276394
  50.8147659 -0.00941636506
  50.86483 -0.00959418435
  50.9148941 -0.0106610944
  50.9649544 -0.0104832752
  51.0150185 -0.0110167302
  51.0650826 -0.011372366
  51.1151466 -0.011372366
  51.1652107 -0.0117280027
  51.2152748 -0.0120836385
  51.2653389 -0.0115501843
  51.315403 -0.0117280036
  51.3654671 -0.011372366
  51.4155312 -0.011372366
  51.4655952 -0.0115501843
  51.5156593 -0.0117280036
  51.5657234 -0.0108389119
  51.6157837 -0.00941636506
  51.6658478 -0.0101276394
  51.7159119 -0.0106610944
  51.765976 -0.0113723679
  51.81604 -0.0101276394
  51.8661041 -0.0101276394
  51.9161682 -0.0106610963
  51.9662323 -0.0108389137
  52.0162964 -0.0117280064
  52.0663605 -0.0119058238
  52.1164246 -0.0127949165
  52.1664886 -0.0133283706
  52.2165527 -0.013506189
  52.2666168 -0.014395277
  52.3166771 -0.0152843688
  52.3667412 -0.0147509156
  52.4168053 -0.0168847367
  52.4668694 -0.0168847349
  52.5169334 -0.0168847349
  52.5669975 -0.0170625541
  52.6170616 -0.0170625541
  52.6671257 -0.017951645
  52.7171898 -0.0190185551
  52.7672539 -0.0191963725
  52.817318 -0.0186629184
  52.867382 -0.0200854633
  52.9174461 -0.020796733
  52.9675102 -0.0202632789
  53.0175705 -0.020796733
  53.0676346 -0.0215080101
  53.1176987 -0.0225749165
  53.1677628 -0.0229305532
  53.2178268 -0.0236418266
  53.2678909 -0.0231083706
  53.317955 -0.0234640092
  53.3680191 -0.0241752807
  53.4180832 -0.0248865522
  53.4681473 -0.0247087367
  53.5182114 -0.0245309174
  53.5682755 -0.0243530981
  53.6183395 -0.0234640092
  53.6683998 -0.0247087367
  53.7184639 -0.0241752826
  53.768528 -0.0250643753
  53.8185921 -0.0257756468
  53.8686562 -0.0261312816
  53.9187202 -0.0263091009
  53.9687843 -0.027731644
  54.0188484 -0.0287985541
  54.0689125 -0.0295098275
  54.1189766 -0.0300432798
  54.1690407 -0.0296876431
  54.2191048 -0.0295098256
  54.2691689 -0.0293320045
  54.3192329 -0.0296876431
  54.3692932 -0.0291541889
  54.4193573 -0.0287985541
  54.4694214 -0.0291541908
  54.5194855 -0.0291541908
  54.5695496 -0.028798556
  54.6196136 -0.0289763734
  54.6696777 -0.0287985541
  54.7197418 -0.0298654623
  54.7698059 -0.030221099
  54.81987 -0.0300432816
  54.8699341 -0.0314658284
  54.9199982 -0.0319992788
  54.9700623 -0.0309323687
  55.0201263 -0.0319992788
  55.0701866 -0.0312880091
  55.1202507 -0.0318214595
  55.1703148 -0.031643644
  55.2203789 -0.0318214633
  55.270443 -0.0311101917
  55.320507 -0.0314658247
  55.3705711 -0.0303989127
  55.4206352 -0.0298654586
  55.4706993 -0.0305767301
  55.5207634 -0.0309323687
  55.5708275 -0.0305767301
  55.6208916 -0.0293320026
  55.6709557 -0.0293320045
  55.7210159 -0.0298654586
  55.77108 -0.030043276
  55.8211441 -0.0287985485
  55.8712082 -0.027198188
  55.9212723 -0.0279094614
  55.9713364 -0.0273760073
  56.0214005 -0.0275538284
  56.0714645 -0.0284429193
  56.1215286 -0.0286207348
  56.1715927 -0.0289763715
  56.2216568 -0.0298654661
  56.2717209 -0.0302211009
  56.321785 -0.0303989165
  56.3718491 -0.031110188
  56.4219093 -0.0312880091
  56.4719734 -0.0311101936
  56.5220375 -0.0309323706
  56.5721016 -0.0309323668
  56.6221657 -0.0309323668
  56.6722298 -0.0307545476
  56.7222939 -0.0298654605
  56.7723579 -0.0309323687
  56.822422 -0.0309323687
  56.8724861 -0.031643644
  56.9225502 -0.0312880054
  56.9726143 -0.0321770944
  57.0226784 -0.0323549137
  57.0727425 -0.0323549137
  57.1228027 -0.0325327329
  57.1728668 -0.0334218219
  57.2229309 -0.0334218219
  57.272995 -0.0337774567
  57.3230591 -0.0337774605
  57.3731232 -0.0323549137
  57.4231873 -0.0323549174
  57.4732513 -0.0312880054
  57.5233154 -0.0314658247
  57.5733795 -0.0323549137
  57.6234436 -0.0327105522
  57.6735077 -0.0327105522
  57.7235718 -0.0337774605
  57.773632 -0.0343109146
  57.8236961 -0.0337774567
  57.8737602 -0.0335996412
  57.9238243 -0.0337774567
  57.9738884 -0.0341330953
  58.0239525 -0.0343109146
  58.0740166 -0.0344887339
  58.1240807 -0.0355556384
  58.1741447 -0.0366225503
  58.2242088 -0.0366225503
  58.2742729 -0.0364447311
  58.324337 -0.0368003659
  58.3744011 -0.0369781852
  58.4244652 -0.0369781852
  58.4745255 -0.0368003696
  58.5245895 -0.0373338237
  58.5746536 -0.0373338237
  58.6247177 -0.0369781852
  58.6747818 -0.0366225541
  58.7248459 -0.0369781889
  58.77491 -0.0362669118
  58.8249741 -0.0359112769
  58.8750381 -0.0362669118
  58.9251022 -0.0357334577
  58.9751663 -0.0352000035
  59.0252304 -0.0341330953
  59.0752945 -0.0344887339
  59.1253586 -0.033955276
  59.1754189 -0.0337774567
  59.2254829 -0.0346665531
  59.275547 -0.0357334614
  59.3256111 -0.0355556421
  59.3756752 -0.0364447273
  59.4257393 -0.0364447311
  59.4758034 -0.0357334577
  59.5258675 -0.0348443687
  59.5759315 -0.0344887301
  59.6259956 -0.0348443687
  59.6760597 -0.0348443687
  59.7261238 -0.033955276
  59.7761879 -0.0334218219
  59.8262482 -0.0327105485
  59.8763123 -0.0325327329
  59.9263763 -0.0307545513
  59.9764404 -0.0305767357
  60.0265045 -0.0296876431
  60.0765686 -0.0289763715
  60.1266327 -0.0289763715
  60.1766968 -0.0284429174
  60.2267609 -0.0275538284
  60.276825 -0.0271981861
  60.326889 -0.0271981899
  60.3769531 -0.0273760073
  60.4270172 -0.027731644
  60.4770813 -0.0273760073
  60.5271416 -0.027731644
  60.5772057 -0.0266647339
  60.6272697 -0.0255978219
  60.6773338 -0.0259534586
  60.7273979 -0.0259534605
  60.777462 -0.0257756449
  60.8275261 -0.0254200082
  60.8775902 -0.0264869183
  60.9276543 -0.0259534623
  60.9777184 -0.0248865541
  61.0277824 -0.0252421908
  61.0778465 -0.0239974614
  61.1279106 -0.0236418266
  61.1779709 -0.0245309174
  61.228035 -0.0247087348
  61.2780991 -0.0231083725
  61.3281631 -0.0220414605
  61.3782272 -0.0216858257
  61.4282913 -0.022930555
  61.4783554 -0.0225749202
  61.5284195 -0.0227527376
  61.5784836 -0.0227527376
  61.6285477 -0.0236418266
  61.6786118 -0.0238196477
  61.7286758 -0.0243531
  61.7787399 -0.0239974633
  61.828804 -0.0241752807
  61.8788643 -0.0241752807
  61.9289284 -0.023819644
  61.9789925 -0.0238196421
  62.0290565 -0.023819644
  62.0791206 -0.0232861917
  62.1291847 -0.0238196477
  62.1792488 -0.0236418284
  62.2293129 -0.022930555
  62.279377 -0.0223971009
  62.3294411 -0.0222192816
  62.3795052 -0.021330189
  62.4295692 -0.0216858275
  62.4796333 -0.0220414642
  62.5296974 -0.0222192816
  62.5797577 -0.0206189174
  62.6298218 -0.0220414605
  62.6798859 -0.0222192798
  62.72995 -0.0218636431
  62.780014 -0.0223970991
  62.8300781 -0.0222192816
  62.8801422 -0.0220414642
  62.9302063 -0.021330189
  62.9802704 -0.021330189
  63.0303345 -0.0215080082
  63.0803986 -0.021330189
  63.1304626 -0.0220414605
  63.1805267 -0.0220414642
  63.230587 -0.0234640092
  63.2806511 -0.0250643753
  63.3307152 -0.0248865541
  63.3807793 -0.0257756487
  63.4308434 -0.0263091009
  63.4809074 -0.0270203743
  63.5309715 -0.0266647357
  63.5810356 -0.0263090972
  63.6310997 -0.0252421889
  63.6811638 -0.0252421889
  63.7312279 -0.0248865522
  63.781292 -0.0236418229
  63.831356 -0.0213301871
  63.8814201 -0.0218636412
  63.9314804 -0.0216858238
  63.9815445 -0.0204410963
  64.0316086 -0.020263277
  64.0816727 -0.0204410963
  64.1317368 -0.020263277
  64.1818008 -0.0197298266
  64.2318649 -0.0202632789
  64.281929 -0.0216858294
  64.3319931 -0.0216858257
  64.3820572 -0.021330189
  64.4321213 -0.019907644
  64.4821854 -0.0206189156
  64.5322495 -0.0206189156
  64.5823135 -0.0197298266
  64.6323776 -0.0186629165
  64.6824417 -0.0177738238
  64.7325058 -0.0181294605
  64.7825699 -0.0184850991
  64.832634 -0.0186629184
  64.8826981 -0.0184851009
  64.9327621 -0.0197298266
  64.9828186 -0.0206189174
  65.0328827 -0.0209745523
  65.0829468 -0.0215080082
  65.1330109 -0.0216858257
  65.183075 -0.0206189174
  65.233139 -0.0200854614
  65.2832031 -0.0199076477
  65.3332672 -0.0200854633
  65.3833313 -0.0183072854
  65.4333954 -0.0181294661
  65.4834595 -0.0181294642
  65.5335236 -0.0179516431
  65.5835876 -0.0181294624
  65.6336517 -0.0186629165
  65.6837158 -0.0193741918
  65.7337799 -0.0184850991
  65.783844 -0.0181294642
  65.8339081 -0.0188407339
  65.8839722 -0.017418189
  65.9340363 -0.0172403716
  65.9841003 -0.0177738275
  66.0341644 -0.0170625541
  66.0842285 -0.0167069156
  66.1342926 -0.0159956422
  66.1843567 -0.0170625523
  66.2344208 -0.0184850991
  66.2844849 -0.0188407358
  66.3345413 -0.0181294605
  66.3846054 -0.0191963725
  66.4346695 -0.0190185551
  66.4847336 -0.0190185551
  66.5347977 -0.0204411
  66.5848618 -0.019907644
  66.6349258 -0.019907644
  66.6849899 -0.0195520055
  66.735054 -0.0195520055
  66.7851181 -0.0177738238
  66.8351822 -0.0177738257
  66.8852463 -0.0177738219
  66.9353104 -0.0163512789
  66.9853745 -0.0177738238
  67.0354385 -0.0172403697
  67.0855026 -0.0170625541
  67.1355667 -0.0181294642
  67.1856308 -0.017951645
  67.2356949 -0.020085467
  67.285759 -0.0199076477
  67.3358231 -0.0207967386
  67.3858871 -0.0204411
  67.4359512 -0.0207967386
  67.4860153 -0.0207967386
  67.5360794 -0.0211523697
  67.5861435 -0.0209745523
  67.6362076 -0.0206189156
  67.686264 -0.0218636449
  67.7363281 -0.021508012
  67.7863922 -0.0204411019
  67.8364563 -0.0216858294
  67.8865204 -0.0211523715
  67.9365845 -0.0220414642
  67.9866486 -0.0227527376
  68.0367126 -0.0227527376
  68.0867767 -0.0227527358
  68.1368408 -0.0222192816
  68.1869049 -0.0211523734
  68.236969 -0.0215080101
  68.2870331 -0.0215080101
  68.3370972 -0.0204411019
  68.3871613 -0.0200854633
  68.4372253 -0.0204411
  68.4872894 -0.0211523715
  68.5373535 -0.0197298285
  68.5874176 -0.0199076477
  68.6374817 -0.0211523753
  68.6875458 -0.0206189193
  68.7376099 -0.0206189193
  68.787674 -0.020974556
  68.837738 -0.0207967386
  68.8878021 -0.0218636449
  68.9378662 -0.0209745541
  68.9879303 -0.0227527358
  69.0379868 -0.0220414661
  69.0880508 -0.0223971009
  69.1381149 -0.0216858275
  69.188179 -0.0218636431
  69.2382431 -0.0216858257
  69.2883072 -0.0222192816
  69.3383713 -0.0213301871
  69.3884354 -0.0215080101
  69.4384995 -0.0222192816
  69.4885635 -0.022930555
  69.5386276 -0.0218636468
  69.5886917 -0.0220414661
  69.6387558 -0.0227527395
  69.6888199 -0.0231083762
  69.738884 -0.0231083762
  69.7889481 -0.0234640092
  69.8390121 -0.0227527376
  69.8890762 -0.0229305532
  69.9391403 -0.0223971028
  69.9892044 -0.0225749202
  70.0392685 -0.0223971009
  70.0893326 -0.021508012
  70.1393967 -0.0216858294
  70.1894608 -0.0218636505
  70.2395248 -0.0223971028
  70.2895889 -0.0220414661
  70.339653 -0.0227527414
  70.3897171 -0.0222192854
  70.4397736 -0.0225749221
  70.4898376 -0.0232861955
  70.5399017 -0.0231083781
  70.5899658 -0.0222192835
  70.6400299 -0.0229305569
  70.690094 -0.0231083725
  70.7401581 -0.0227527376
  70.7902222 -0.0222192835
  70.8402863 -0.0231083762
  70.8903503 -0.0222192816
  70.9404144 -0.0215080101
  70.9904785 -0.0209745541
  71.0405426 -0.0215080101
  71.0906067 -0.0216858275
  71.1406708 -0.0215080101
  71.1907349 -0.0215080101
  71.240799 -0.021508012
  71.290863 -0.020974556
  71.3409271 -0.0206189174
  71.3909912 -0.0209745541
  71.4410553 -0.0216858257
  71.4911194 -0.0222192798
  71.5411835 -0.0218636431
  71.5912476 -0.0218636431
  71.6413116 -0.0206189174
  71.6913757 -0.0202632826
  71.7414398 -0.0193741899
  71.7914963 -0.0202632844
  71.8415604 -0.0206189174
  71.8916245 -0.021330189
  71.9416885 -0.0215080101
  71.9917526 -0.0215080101
  72.0418167 -0.0225749146
  72.0918808 -0.0220414605
  72.1419449 -0.0220414605
  72.192009 -0.0231083706
  72.2420731 -0.0231083725
  72.2921371 -0.0215080101
  72.3422012 -0.0216858275
  72.3922653 -0.0216858275
  72.4423294 -0.0213301908
  72.4923935 -0.0206189174
  72.5424576 -0.020974556
  72.5925217 -0.0207967386
  72.6425858 -0.0206189174
  72.6926498 -0.021330189
  72.7427139 -0.0220414642
  72.792778 -0.0229305532
  72.8428421 -0.0234640092
  72.8929062 -0.0236418266
  72.9429703 -0.0239974633
  72.9930344 -0.0238196477
  73.0430984 -0.0245309193
  73.0931625 -0.024886556
  73.143219 -0.023997467
  73.1932831 -0.0239974651
  73.2433472 -0.023464011
  73.2934113 -0.0247087367
  73.3434753 -0.0241752807
  73.3935394 -0.0232861917
  73.4436035 -0.0231083725
  73.4936676 -0.0225749165
  73.5437317 -0.0227527376
  73.5937958 -0.0220414642
  73.6438599 -0.0229305532
  73.693924 -0.0223970991
  73.743988 -0.0220414642
  73.7940521 -0.0216858275
  73.8441162 -0.0225749165
  73.8941803 -0.0225749146
  73.9442444 -0.0211523697
  73.9943085 -0.0218636449
  74.0443726 -0.0216858275
  74.0944366 -0.0211523715
  74.1445007 -0.0216858275
  74.1945648 -0.0207967348
  74.2446289 -0.0200854633
  74.294693 -0.0206189174
  74.3447571 -0.0202632826
  74.3948212 -0.0207967348
  74.4448853 -0.0209745541
  74.4949493 -0.019907644
  74.5450058 -0.0204410981
  74.5950699 -0.0215080101
  74.645134 -0.0215080082
  74.6951981 -0.0215080082
  74.7452621 -0.0211523715
  74.7953262 -0.0216858275
  74.8453903 -0.020974556
  74.8954544 -0.0211523753
  74.9455185 -0.020974556
  74.9955826 -0.0211523753
  75.0456467 -0.020974556
  75.0957108 -0.0215080101
  75.1457748 -0.0215080101
  75.1958389 -0.0216858275
  75.245903 -0.0218636449
  75.2959671 -0.0223970991
  75.3460312 -0.0223970991
  75.3960953 -0.0218636449
  75.4461594 -0.0223970991
  75.4962234 -0.0215080101
  75.5462875 -0.0218636431
  75.5963516 -0.0220414605
  75.6464157 -0.0218636431
  75.6964798 -0.0218636449
  75.7465439 -0.0215080101
  75.796608 -0.0216858275
  75.8466721 -0.0223970991
  75.8967285 -0.0220414642
  75.9467926 -0.0215080101
  75.9968567 -0.0222192816
  76.0469208 -0.0206189193
  76.0969849 -0.0215080101
  76.147049 -0.0220414661
  76.197113 -0.0218636449
  76.2471771 -0.0220414642
  76.2972412 -0.0225749202
  76.3473053 -0.0225749202
  76.3973694 -0.0216858275
  76.4474335 -0.0220414642
  76.4974976 -0.0231083725
  76.5475616 -0.0236418247
  76.5976257 -0.0231083725
  76.6476898 -0.0234640073
  76.6977539 -0.0231083687
  76.747818 -0.0229305513
  76.7978821 -0.0227527358
  76.8479462 -0.0231083706
  76.8980103 -0.0232861917
  76.9480743 -0.0231083706
  76.9981384 -0.0229305532
  77.0482025 -0.0239974633
  77.0982666 -0.023819644
  77.1483307 -0.0238196477
  77.1983948 -0.023286188
  77.2484512 -0.023286188
  77.2985153 -0.022752732
  77.3485794 -0.0227527358
  77.3986435 -0.022930555
  77.4487076 -0.0227527376
  77.4987717 -0.0223970991
  77.5488358 -0.022930555
  77.5988998 -0.0229305569
  77.6489639 -0.0225749202
  77.699028 -0.0223971009
  77.7490921 -0.0218636449
  77.7991562 -0.0231083706
  77.8492203 -0.0232861862
  77.8992844 -0.0238196421
  77.9493484 -0.0236418247
  77.9994125 -0.0231083706
  78.0494766 -0.0234640092
  78.0995407 -0.0234640073
  78.1496048 -0.0229305532
  78.1996689 -0.0227527358
  78.249733 -0.0225749202
  78.2997971 -0.0222192816
  78.3498611 -0.0220414661
  78.3999252 -0.0227527376
  78.4499893 -0.0231083706
  78.5000534 -0.0239974633
  78.5501175 -0.0241752807
  78.6001816 -0.0243530981
  78.650238 -0.0245309137
  78.7003021 -0.0241752788
  78.7503662 -0.0241752788
  78.8004303 -0.023819644
  78.8504944 -0.0241752826
  78.9005585 -0.0236418266
  78.9506226 -0.0236418266
  79.0006866 -0.0232861917
  79.0507507 -0.0231083725
  79.1008148 -0.0222192835
  79.1508789 -0.0211523715
  79.200943 -0.0215080101
  79.2510071 -0.0216858275
  79.3010712 -0.022930555
  79.3511353 -0.0236418266
  79.4011993 -0.0241752826
  79.4512634 -0.0227527395
  79.5013275 -0.0231083762
  79.5513916 -0.0232861917
  79.6014557 -0.0229305532
  79.6515198 -0.0223971009
  79.7015839 -0.0222192816
  79.7516479 -0.0215080082
  79.801712 -0.0222192798
  79.8517761 -0.0234640092
  79.9018402 -0.0241752807
  79.9519043 -0.0231083725
  80.0019608 -0.0234640092
  80.0520248 -0.0243531
  80.1020889 -0.023819644
  80.152153 -0.0231083725
  80.2022171 -0.0232861917
  80.2522812 -0.0225749165
  80.3023453 -0.0222192835
  80.3524094 -0.0207967348
  80.4024734 -0.0209745541
  80.4525375 -0.0223970991
  80.5026016 -0.0225749165
  80.5526657 -0.0231083706
  80.6027298 -0.0236418284
  80.6527939 -0.0247087367
  80.702858 -0.0252421908
  80.7529221 -0.0250643734
  80.8029861 -0.0254200101
  80.8530502 -0.0254200082
  80.9031143 -0.0247087404
  80.9531784 -0.0238196477
  81.0032425 -0.0238196496
  81.0533066 -0.0245309211
  81.1033707 -0.0241752826
  81.1534348 -0.0247087367
  81.2034988 -0.0261312816
  81.2535629 -0.0261312798
  81.303627 -0.0270203706
  81.3536835 -0.026664732
  81.4037476 -0.0255978256
  81.4538116 -0.0254200082
  81.5038757 -0.0250643753
  81.5539398 -0.0247087386
  81.6040039 -0.0243531037
  81.654068 -0.023464011
  81.7041321 -0.0236418266
  81.7541962 -0.0238196477
  81.8042603 -0.0250643753
  81.8543243 -0.0245309193
  81.9043884 -0.0245309193
  81.9544525 -0.0254200082
  82.0045166 -0.0254200082
  82.0545807 -0.0241752826
  82.1046448 -0.0245309193
  82.1547089 -0.0247087348
  82.2047729 -0.0248865522
  82.254837 -0.0252421889
  82.3049011 -0.0252421852
  82.3549652 -0.0257756412
  82.4050293 -0.0264869165
  82.4550934 -0.027198188
  82.5051575 -0.0270203706
  82.5552216 -0.0270203725
  82.6052856 -0.0282650981
  82.6553497 -0.0271981861
  82.7054138 -0.0259534605
  82.7554703 -0.0261312779
  82.8055344 -0.0259534605
  82.8555984 -0.0252421908
  82.9056625 -0.0248865522
  82.9557266 -0.0241752807
  83.0057907 -0.023819644
  83.0558548 -0.0236418266
  83.1059189 -0.0245309137
  83.155983 -0.0248865504
  83.2060471 -0.0245309174
  83.2561111 -0.0234640054
  83.3061752 -0.0239974614
  83.3562393 -0.0241752788
  83.4063034 -0.0222192798
  83.4563675 -0.0231083706
  83.5064316 -0.023286188
  83.5564957 -0.0234640073
  83.6065598 -0.0225749146
  83.6566238 -0.0234640073
  83.7066879 -0.0225749165
  83.756752 -0.0225749146
  83.8068161 -0.0216858257
  83.8568802 -0.0218636431
  83.9069443 -0.0223970972
  83.9570084 -0.0225749146
  84.0070724 -0.0231083706
  84.0571365 -0.0236418247
  84.107193 -0.023819644
  84.1572571 -0.0227527358
  84.2073212 -0.0231083687
  84.2573853 -0.0239974577
  84.3074493 -0.0247087348
  84.3575134 -0.0250643753
  84.4075775 -0.024886556
  84.4576416 -0.0252421908
  84.5077057 -0.0259534623
  84.5577698 -0.0252421908
  84.6078339 -0.0255978256
  84.6578979 -0.0257756412
  84.707962 -0.0252421889
  84.7580261 -0.0250643697
  84.8080902 -0.0250643697
  84.8581543 -0.0250643697
  84.9082184 -0.0257756449
  84.9582825 -0.0252421908
  85.0083466 -0.0243531
  85.0584106 -0.0252421908
  85.1084747 -0.0250643753
  85.1585388 -0.0250643734
  85.2086029 -0.0247087348
  85.258667 -0.0243530981
  85.3087311 -0.0245309174
  85.3587952 -0.0250643697
  85.4088593 -0.0250643734
  85.4589157 -0.0248865541
  85.5089798 -0.0245309193
  85.5590439 -0.0241752826
  85.609108 -0.0236418266
  85.6591721 -0.0241752826
  85.7092361 -0.0243530981
  85.7593002 -0.0247087367
  85.8093643 -0.0254200082
  85.8594284 -0.0264869165
  85.9094925 -0.0270203725
  85.9595566 -0.0270203725
  86.0096207 -0.0275538266
  86.0596848 -0.0275538266
  86.1097488 -0.0275538266
  86.1598129 -0.0266647339
  86.209877 -0.0254200064
  86.2599411 -0.0255978256
  86.3100052 -0.0239974651
  86.3600693 -0.025420012
  86.4101334 -0.0245309211
  86.4601974 -0.0243531
  86.5102615 -0.0241752807
  86.5603256 -0.0259534623
  86.6103897 -0.0257756412
  86.6604538 -0.0250643697
  86.7105179 -0.0255978238
  86.760582 -0.0261312779
  86.8106384 -0.0257756412
  86.8607025 -0.0247087348
  86.9107666 -0.0243531
  86.9608307 -0.0248865522
  87.0108948 -0.0257756412
  87.0609589 -0.0254200064
  87.1110229 -0.0247087348
  87.161087 -0.0247087348
  87.2111511 -0.0236418247
  87.2612152 -0.0248865541
  87.3112793 -0.0245309193
  87.3613434 -0.0243531
  87.4114075 -0.0255978238
  87.4614716 -0.0255978238
  87.5115356 -0.0259534605
  87.5615997 -0.0259534623
  87.6116638 -0.0266647339
  87.6617279 -0.0270203725
  87.711792 -0.0268425513
  87.7618561 -0.0263090972
  87.8119202 -0.0264869165
  87.8619843 -0.0271981899
  87.9120483 -0.0268425532
  87.9621124 -0.0261312816
  88.0121765 -0.0252421908
  88.0622406 -0.0252421908
  88.1123047 -0.024886556
  88.1623688 -0.0257756468
  88.2124252 -0.0248865541
  88.2624893 -0.0247087367
  88.3125534 -0.0243530981
  88.3626175 -0.0252421889
  88.4126816 -0.0257756412
  88.4627457 -0.0268425513
  88.5128098 -0.0264869165
  88.5628738 -0.0261312798
  88.6129379 -0.0268425532
  88.663002 -0.0268425532
  88.7130661 -0.0261312798
  88.7631302 -0.0261312816
  88.8131943 -0.0266647357
  88.8632584 -0.0264869165
  88.9133224 -0.0255978238
  88.9633865 -0.0259534623
  89.0134506 -0.0261312798
  89.0635147 -0.0266647339
  89.1135788 -0.0257756449
  89.1636429 -0.0255978256
  89.213707 -0.0254200082
  89.2637711 -0.0255978256
  89.3138351 -0.0254200064
  89.3638992 -0.0266647339
  89.4139633 -0.0268425513
  89.4640274 -0.0266647357
  89.5140915 -0.0263090953
  89.5641479 -0.0268425494
  89.614212 -0.027198188
  89.6642761 -0.0266647339
  89.7143402 -0.0266647339
  89.7644043 -0.0266647357
  89.8144684 -0.0261312816
  89.8645325 -0.0268425569
  89.9145966 -0.0266647357
  89.9646606 -0.0266647376
  90.0147247 -0.0261312854
  90.0647888 -0.0268425532
  90.1148529 -0.0268425532
  90.164917 -0.0270203725
  90.2149811 -0.0275538266
  90.2650452 -0.0273760092
  90.3151093 -0.0280872788
  90.3651733 -0.027731644
  90.4152374 -0.0273760092
  90.4653015 -0.0270203725
  90.5153656 -0.0264869183
  90.5654297 -0.0257756449
  90.6154938 -0.0250643753
  90.6655579 -0.0259534623
  90.7156219 -0.0259534623
  90.765686 -0.0261312798
  90.8157501 -0.0266647339
  90.8658142 -0.0270203725
  90.9158707 -0.0271981899
  90.9659348 -0.0273760054
  91.0159988 -0.0279094614
  91.0660629 -0.0264869165
  91.116127 -0.0257756468
  91.1661911 -0.0248865541
  91.2162552 -0.0241752826
  91.2663193 -0.0241752826
  91.3163834 -0.0239974633
  91.3664474 -0.0248865541
  91.4165115 -0.0248865522
  91.4665756 -0.0257756468
  91.5166397 -0.0255978256
  91.5667038 -0.0247087367
  91.6167679 -0.0250643753
  91.666832 -0.0259534642
  91.7168961 -0.0268425569
  91.7669601 -0.0252421908
  91.8170242 -0.0243531037
  91.8670883 -0.0243530981
  91.9171524 -0.0239974614
  91.9672165 -0.0241752807
  92.0172806 -0.0239974633
  92.0673447 -0.0236418266
  92.1174088 -0.023286188
  92.1674728 -0.0236418247
  92.2175369 -0.0234640073
  92.267601 -0.0243530981
  92.3176575 -0.023286188
  92.3677216 -0.0234640073
  92.4177856 -0.0232861917
  92.4678497 -0.0231083706
  92.5179138 -0.0241752807
  92.5679779 -0.0241752826
  92.618042 -0.0241752844
  92.6681061 -0.0241752826
  92.7181702 -0.0243531
  92.7682343 -0.0241752826
  92.8182983 -0.0247087367
  92.8683624 -0.0247087367
  92.9184265 -0.023819644
  92.9684906 -0.0236418247
  93.0185547 -0.0234640073
  93.0686188 -0.0234640073
  93.1186829 -0.0229305513
  93.1687469 -0.0229305513
  93.218811 -0.0236418266
  93.2688751 -0.023286188
  93.3189392 -0.0239974633
  93.3690033 -0.0245309193
  93.4190674 -0.0248865522
  93.4691315 -0.0250643697
  93.5191956 -0.0250643697
  93.5692596 -0.0243530981
  93.6193237 -0.0257756412
  93.6693802 -0.0255978238
  93.7194443 -0.0254200045
  93.7695084 -0.0252421852
  93.8195724 -0.0241752788
  93.8696365 -0.0254200064
  93.9197006 -0.0257756412
  93.9697647 -0.0263090972
  94.0198288 -0.0259534623
  94.0698929 -0.0255978256
  94.119957 -0.0255978256
  94.1700211 -0.0261312816
  94.2200851 -0.0271981936
  94.2701492 -0.0263091028
  94.3202133 -0.0257756487
  94.3702774 -0.0259534661
  94.4203415 -0.0259534642
  94.4704056 -0.0254200082
  94.5204697 -0.0241752844
  94.5705338 -0.0243531037
  94.6205978 -0.0238196477
  94.6706619 -0.024886556
  94.720726 -0.0247087386
  94.7707901 -0.024530923
  94.8208542 -0.0252421945
  94.8709183 -0.0245309193
  94.9209824 -0.0243531
  94.9710464 -0.0243531037
  95.0211029 -0.022930555
  95.071167 -0.022930555
  95.1212311 -0.0225749202
  95.1712952 -0.0236418284
  95.2213593 -0.0231083725
  95.2714233 -0.0222192835
  95.3214874 -0.0222192835
  95.3715515 -0.0223971028
  95.4216156 -0.0227527395
  95.4716797 -0.0229305569
  95.5217438 -0.023464011
  95.5718079 -0.023464011
  95.6218719 -0.0236418322
  95.671936 -0.0238196496
  95.7220001 -0.0236418322
  95.7720642 -0.0231083781
  95.8221283 -0.0236418322
  95.8721924 -0.0236418284
  95.9222565 -0.0227527376
  95.9723206 -0.0225749202
  96.0223846 -0.023819644
  96.0724487 -0.0232861917
  96.1225128 -0.0225749165
  96.1725769 -0.0225749165
  96.222641 -0.023819644
  96.2727051 -0.022930555
  96.3227692 -0.0239974633
  96.3728333 -0.0247087367
  96.4228897 -0.0250643734
  96.4729538 -0.0252421908
  96.5230179 -0.0250643753
  96.573082 -0.0259534661
  96.6231461 -0.0252421927
  96.6732101 -0.0252421927
  96.7232742 -0.0239974651
  96.7733383 -0.0243531
  96.8234024 -0.0255978294
  96.8734665 -0.0259534642
  96.9235306 -0.0250643734
  96.9735947 -0.0254200101
  97.0236588 -0.0259534642
  97.0737228 -0.0255978256
  97.1237869 -0.0261312798
  97.173851 -0.0245309174
  97.2239151 -0.0241752807
  97.2739792 -0.0239974577
  97.3240433 -0.0231083669
  97.3741074 -0.0245309174
  97.4241714 -0.0245309174
  97.4742355 -0.0252421908
  97.5242996 -0.0259534642
  97.5743637 -0.0259534623
  97.6244278 -0.0268425532
  97.6744919 -0.0273760073
  97.724556 -0.0275538266
  97.7746124 -0.0275538266
  97.8246765 -0.0261312816
  97.8747406 -0.0263090972
  97.9248047 -0.027198188
  97.9748688 -0.0264869183
  98.0249329 -0.0261312816
  98.0749969 -0.0263091009
  98.125061 -0.0266647357
  98.1751251 -0.0266647357
  98.2251892 -0.0268425532
  98.2752533 -0.0275538266
  98.3253174 -0.0284429155
  98.3753815 -0.0280872788
  98.4254456 -0.0282650944
  98.4755096 -0.0298654586
  98.5255737 -0.0289763696
  98.5756378 -0.0295098256
  98.6257019 -0.0280872826
  98.675766 -0.0284429174
  98.7258301 -0.0284429155
  98.7758942 -0.0293320101
  98.8259583 -0.0275538284
  98.8760223 -0.0273760092
  98.9260864 -0.0273760092
  98.9761505 -0.0280872863
  99.0262146 -0.0270203743
  99.0762787 -0.0271981917
  99.1263351 -0.0268425569
  99.1763992 -0.0252421908
  99.2264633 -0.0255978256
  99.2765274 -0.0264869165
  99.3265915 -0.0270203725
  99.3766556 -0.0271981899
  99.4267197 -0.0291541871
  99.4767838 -0.0280872788
  99.5268478 -0.0286207348
  99.5769119 -0.0273760073
  99.626976 -0.027731644
  99.6770401 -0.0280872788
  99.7271042 -0.0277316459
  99.7771683 -0.0277316459
  99.8272324 -0.0275538303
  99.8772964 -0.0273760092
  99.9273605 -0.0275538284
  99.9774246 -0.0282650981
  100.027489 -0.0275538266
  100.077553 -0.0280872788
  100.127617 -0.0271981899
  100.177681 -0.027731644
  100.227745 -0.0286207329
  100.277809 -0.0286207385
  100.327873 -0.0284429137
  100.377937 -0.028087277
  100.428001 -0.0284429155
  100.478065 -0.0270203706
  100.528122 -0.0273760054
  100.578186 -0.0266647339
  100.62825 -0.0268425513
  100.678314 -0.0271981917
  100.728378 -0.0270203725
  100.778442 -0.0263090972
  100.828506 -0.0261312798
  100.878571 -0.0255978219
  100.928635 -0.0250643697
  100.978699 -0.0247087367
  101.028763 -0.0245309174
  101.078827 -0.023819644
  101.128891 -0.022930555
  101.178955 -0.0222192816
  101.229019 -0.0225749165
  101.279083 -0.0222192816
  101.329147 -0.0215080082
  101.379211 -0.0204411
  101.429276 -0.020796733
  101.47934 -0.0200854614
  101.529404 -0.0202632789
  101.579468 -0.0206189174
  101.629532 -0.0199076459
  101.679596 -0.019552011
  101.72966 -0.0199076477
  101.779724 -0.020974556
  101.829788 -0.0200854614
  101.879845 -0.0202632826
  101.929909 -0.0195520073
  101.979973 -0.0188407339
  102.030037 -0.0188407358
  102.080101 -0.0184850991
  102.130165 -0.0165290982
  102.180229 -0.0158178229
  102.230293 -0.0156400055
  102.280357 -0.0158178248
  102.330421 -0.0159956422
  102.380486 -0.0152843716
  102.43055 -0.0156400073
  102.480614 -0.0147509174
  102.530678 -0.0145730972
  102.580742 -0.0152843688
  102.630806 -0.0140396422
  102.68087 -0.0135061871
  102.730934 -0.0126170963
  102.780998 -0.0122614605
  102.831062 -0.0126170963
  102.881126 -0.0119058238
  102.93119 -0.0108389137
  102.981255 -0.011016733
  103.031319 -0.0115501871
  103.081383 -0.0115501871
  103.131447 -0.0115501871
  103.181511 -0.010483277
  103.231567 -0.0108389128
  103.281631 -0.00870509166
  103.331696 -0.00834945496
  103.38176 -0.00870509259
  103.431824 -0.00817163661
  103.481888 -0.00799381826
  103.531952 -0.00834945496
  103.582016 -0.00799381826
  103.63208 -0.00799381826
  103.682144 -0.00870509259
  103.732208 -0.00870509166
  103.782272 -0.00870509166
  103.832336 -0.00941636506
  103.882401 -0.00906072836
  103.932465 -0.00870509166
  103.982529 -0.00710472604
  104.032593 -0.00674908748
  104.082657 -0.00568217877
  104.132721 -0.00550435903
  104.182785 -0.00514872279
  104.232849 -0.00479308516
  104.282913 -0.00532654161
  104.332977 -0.00479308655
  104.383041 -0.00461526681
  104.433105 -0.00408181315
  104.48317 -0.00461526681
  104.533234 -0.00550435949
  104.58329 -0.00532654161
  104.633354 -0.00550435949
  104.683418 -0.00621563382
  104.733482 -0.00585999666
  104.783546 -0.00550435949
  104.833611 -0.0046152682
  104.883675 -0.00337053929
  104.933739 -0.00372617622
  104.983803 -0.00390399341
  105.033867 -0.00337053742
  105.083931 -0.00230362732
  105.133995 -0.00212580943
