  0.0500706136  0.0115255574
  0.100141227  0.0125646666
  0.150211841  0.0136037758
  0.200282454  0.0138635514
  0.250353068  0.0137336627
  0.300423682  0.0143831065
  0.350494295  0.015422212
  0.400564909  0.0155520998
  0.450635523  0.0165912025
  0.500706136  0.0167210922
  0.55077672  0.0165912025
  0.600847363  0.0181498565
  0.650918007  0.0185395181
  0.700988591  0.0184096303
  0.751059175  0.0178900789
  0.801129818  0.0186694022
  0.851200461  0.0189291779
  0.901271045  0.0190590657
  0.951341629  0.0198383965
  1.00141227  0.0191889573
  1.05148292  0.0204878263
  1.10155344  0.0206177123
  1.15162408  0.020877488
  1.20169473  0.0210073739
  1.25176537  0.0217866972
  1.30183601  0.0229556821
  1.35190654  0.0232154597
  1.40197718  0.0233453549
  1.45204782  0.0226959251
  1.50211835  0.0217867047
  1.55218899  0.0217867065
  1.60225964  0.0210073832
  1.65233028  0.0208774991
  1.70240092  0.0199682806
  1.75247145  0.0200981665
  1.80254209  0.0195786115
  1.85261273  0.019968275
  1.90268326  0.020617716
  1.9527539  0.0208774954
  2.00282454  0.0211372729
  2.05289507  0.0219165981
  2.10296583  0.0215269346
  2.15303636  0.0213970467
  2.20310688  0.0216568243
  2.25317764  0.0204878282
  2.30324817  0.0202280581
  2.35331893  0.0197085049
  2.40338945  0.0182797443
  2.45345998  0.0180199686
  2.50353074  0.0175004173
  2.55360126  0.0167210903
  2.60367203  0.0163314268
  2.65374255  0.0152923232
  2.70381308  0.0147727691
  2.75388384  0.0146428831
  2.80395436  0.0149026569
  2.85402489  0.0139934393
  2.90409565  0.0138635505
  2.95416617  0.0137336608
  3.0042367  0.0136037739
  3.05430746  0.013603773
  3.10437799  0.0137336608
  3.15444875  0.0129543329
  3.20451927  0.012824445
  3.2545898  0.0124347778
  3.30466056  0.0119152265
  3.35473108  0.0123048918
  3.40480185  0.0117853414
  3.45487237  0.012045118
  3.50494289  0.0107462341
  3.55501366  0.0116554508
  3.60508418  0.011525562
  3.65515471  0.0113956733
  3.70522547  0.0102266772
  3.75529599  0.0112657845
  3.80536652  0.0106163407
  3.85543728  0.0108761182
  3.9055078  0.0108761182
  3.95557857  0.0106163407
  4.00564909  0.0103565641
  4.05571985  0.0100967875
  4.10579014  0.00996689964
  4.1558609  0.00905767735
  4.20593166  0.00918756705
  4.25600195  0.00996689964
  4.30607271  0.00957723614
  4.35614347  0.00944734458
  4.40621376  0.00957723148
  4.45628452  0.0100967865
  4.50635529  0.0107462294
  4.55642605  0.0108761173
  4.60649633  0.0113956723
  4.6565671  0.0116554499
  4.70663786  0.0117853386
  4.75670815  0.0128244432
  4.80677891  0.0125646675
  4.85684967  0.0130842226
  4.90691996  0.0125646656
  4.95699072  0.0126945544
  5.00706148  0.0132141067
  5.05713177  0.0132141076
  5.10720253  0.0129543338
  5.15727329  0.0130842226
  5.20734406  0.0130842226
  5.25741434  0.0139934393
  5.3074851  0.0141233262
  5.35755587  0.0133439973
  5.40762615  0.0134738851
  5.45769691  0.0142532168
  5.50776768  0.0145129962
  5.55783796  0.0152923241
  5.60790873  0.0142532159
  5.65797949  0.0143831028
  5.70804977  0.013603773
  5.75812054  0.0141233271
  5.8081913  0.0137336627
  5.85826159  0.0130842216
  5.90833235  0.0123048909
  5.95840311  0.0124347787
  6.0084734  0.0121750012
  6.05854416  0.011785333
  6.10861492  0.0117853303
  6.15868568  0.0124347722
  6.20875597  0.0120451087
  6.25882673  0.0123048844
  6.3088975  0.0116554443
  6.35896778  0.0121749975
  6.40903854  0.0117853312
  6.45910931  0.011915219
  6.50917959  0.0112657808
  6.55925035  0.0116554461
  6.60932112  0.0120451115
  6.6593914  0.0113956714
  6.70946217  0.011785334
  6.75953293  0.0112657836
  6.80960369  0.0113956714
  6.85967398  0.0110060042
  6.90974474  0.0116554443
  6.9598155  0.0111358929
  7.00988579  0.0116554461
  7.05995655  0.0120451096
  7.11002731  0.0116554452
  7.1600976  0.0115255583
  7.21016836  0.0113956723
  7.26023912  0.0103565641
  7.31030941  0.0100967884
  7.36038017  0.00996689964
  7.41045094  0.0100967865
  7.46052122  0.0103565603
  7.51059198  0.00944734458
  7.56066275  0.00983701181
  7.61073303  0.00996689964
  7.66080379  0.00957723428
  7.71087456  0.00879790448
  7.76094532  0.00866801571
  7.81101561  0.00814846251
  7.86108637  0.00736913504
  7.91115713  0.00775879854
  7.96122742  0.00710935984
  8.01129818  0.00736913644
  8.06136894  0.00801857561
  8.1114397  0.00749902241
  8.16151047  0.00762890931
  8.21158028  0.00827835128
  8.26165104  0.00762890792
  8.3117218  0.00892779045
  8.36179256  0.00918756891
  8.41186333  0.00879790168
  8.46193409  0.00866801385
  8.5120039  0.00944735017
  8.56207466  0.00970712584
  8.61214542  0.0100967903
  8.66221619  0.0111358939
  8.71228695  0.0115255611
  8.76235771  0.0133439945
  8.81242752  0.0141233215
  8.86249828  0.0154222064
  8.91256905  0.0164613165
  8.96263981  0.0187992919
  9.01271057  0.0225660335
  9.06278133  0.025033908
  9.1128521  0.0281512272
  9.16292191  0.0315283239
  9.21299267  0.0352950804
  9.26306343  0.0395814031
  9.31313419  0.0445171855
  9.36320496  0.0504920408
  9.41327572  0.0564668886
  9.46334553  0.0637406111
  9.51341629  0.0710143372
  9.56348705  0.0786777437
  9.61355782  0.088029705
  9.66362858  0.0966022909
  9.71369934  0.107253179
  9.7637701  0.117774069
  9.81383991  0.128035247
  9.86391068  0.140504494
  9.91398144  0.153103679
  9.9640522  0.165962622
  10.014123  0.179860592
  10.0641937  0.193888545
  10.1142635  0.20947516
  10.1643343  0.225711122
  10.2144051  0.242077067
  10.2644758  0.259871751
  10.3145466  0.278186053
  10.3646173  0.296760023
  10.4146881  0.316243142
  10.4647579  0.335856318
  10.5148287  0.355599314
  10.5648994  0.376511216
  10.6149702  0.39794299
  10.665041  0.41898489
  10.7151117  0.441325575
  10.7651815  0.46353659
  10.8152523  0.486136913
  10.8653231  0.508737504
  10.9153938  0.531727672
  10.9654646  0.552509844
  11.0155354  0.575370252
  11.0656052  0.596411943
  11.1156759  0.616804659
  11.1657467  0.638495922
  11.2158175  0.657069862
  11.2658882  0.677332282
  11.315959  0.696815431
  11.3660297  0.714740276
  11.4160995  0.732275248
  11.4661703  0.749420464
  11.5162411  0.765396833
  11.5663118  0.78176254
  11.6163826  0.795660675
  11.6664534  0.809558392
  11.7165232  0.822417498
  11.7665939  0.832808554
  11.8166647  0.844888151
  11.8667355  0.85359025
  11.9168062  0.862942398
  11.966877  0.87021637
  12.0169468  0.87606144
  12.0670176  0.882166147
  12.1170883  0.886452377
  12.1671591  0.891128123
  12.2172298  0.89385581
  12.2673006  0.895804167
  12.3173714  0.896583617
  12.3674412  0.89801234
  12.4175119  0.898401916
  12.4675827  0.898272097
  12.5176535  0.897362828
  12.5677242  0.895933926
  12.617795  0.894505143
  12.6678648  0.892946482
  12.7179356  0.890738368
  12.7680063  0.888530433
  12.8180771  0.885932565
  12.8681479  0.88294518
  12.9182186  0.879698038
  12.9682894  0.876450896
  13.0183592  0.874632299
  13.0684299  0.870605707
  13.1185007  0.867878079
  13.1685715  0.864111185
  13.2186422  0.861383677
  13.268713  0.858006895
  13.3187828  0.855149508
  13.3688536  0.853850603
  13.4189243  0.851382613
  13.4689951  0.850213706
  13.5190659  0.849693954
  13.5691366  0.849434197
  13.6192074  0.849304199
  13.6692772  0.849823773
  13.719348  0.850733042
  13.7694187  0.851382554
  13.8194895  0.85346061
  13.8695602  0.856318116
  13.919631  0.860085011
  13.9697008  0.863981843
  14.0197716  0.87008667
  14.0698423  0.874892414
  14.1199131  0.882036209
  14.1699839  0.889439583
  14.2200546  0.898531973
  14.2701244  0.907364547
  14.3201952  0.917755544
  14.370266  0.928016782
  14.4203367  0.938278079
  14.4704075  0.950747192
  14.5204782  0.962956727
  14.570549  0.976465046
  14.6206188  0.990103185
  14.6706896  1.00620925
  14.7207603  1.02127612
  14.7708311  1.03725243
  14.8209019  1.05543673
  14.8709726  1.07310176
  14.9210424  1.09167588
  14.9711132  1.11076927
  15.021184  1.13025248
  15.0712547  1.15038574
  15.1213255  1.17064798
  15.1713963  1.19220912
  15.2214661  1.21377063
  15.2715368  1.23494208
  15.3216076  1.2565037
  15.3716784  1.27910435
  15.4217491  1.30053604
  15.4718199  1.32170761
  15.5218906  1.34352863
  15.5719604  1.36431074
  15.6220312  1.3843137
  15.672102  1.40379703
  15.7221727  1.42328024
  15.7722435  1.442114
  15.8223143  1.4599086
  15.8723841  1.47653425
  15.9224548  1.49419904
  15.9725256  1.50874674
  16.0225964  1.52368379
  16.0726662  1.53849125
  16.1227379  1.55173934
  16.1728077  1.56498849
  16.2228794  1.57589889
  16.2729492  1.58680975
  16.3230209  1.59681082
  16.3730907  1.60655236
  16.4231606  1.61356616
  16.4732323  1.61941159
  16.5233021  1.62590539
  16.5733738  1.62928283
  16.6234436  1.63317955
  16.6735134  1.63434851
  16.7235851  1.6351279
  16.7736549  1.63395905
  16.8237267  1.63356924
  16.8737965  1.63201034
  16.9238682  1.62941277
  16.973938  1.62421751
  17.0240078  1.61941147
  17.0740795  1.61330688
  17.1241493  1.60603333
  17.174221  1.59810996
  17.2242908  1.58784854
  17.2743626  1.57680809
  17.3244324  1.56498873
  17.3745022  1.55264878
  17.4245739  1.53901112
  17.4746437  1.52498269
  17.5247154  1.51030529
  17.5747852  1.49419904
  17.624855  1.47848272
  17.6749268  1.46198654
  17.7249966  1.44497168
  17.7750683  1.4270469
  17.8251381  1.40899205
  17.8752098  1.38989913
  17.9252796  1.37041581
  17.9753494  1.34963369
  18.0254211  1.3291111
  18.075491  1.3089782
  18.1255627  1.28689814
  18.1756325  1.2644273
  18.2257042  1.24429417
  18.275774  1.22325289
  18.3258438  1.20221031
  18.3759155  1.18181825
  18.4259853  1.16116607
  18.4760571  1.14207268
  18.5261269  1.12401795
  18.5761986  1.10414517
  18.6262684  1.08596063
  18.6763382  1.06998432
  18.7264099  1.05322862
  18.7764797  1.03751206
  18.8265514  1.02257514
  18.8766212  1.00828767
  18.9266911  0.994649351
  18.9767628  0.98295927
  19.0268326  0.97100997
  19.0769043  0.959969282
  19.1269741  0.94996798
  19.1770458  0.940226257
  19.2271156  0.931263983
  19.2771854  0.923860312
  19.3272572  0.916716397
  19.377327  0.911131203
  19.4273987  0.904896498
  19.4774685  0.899960637
  19.5275402  0.896583617
  19.57761  0.893206537
  19.6276798  0.890608609
  19.6777515  0.889179826
  19.7278214  0.8880108
  19.7778931  0.886971772
  19.8279629  0.886841774
  19.8780327  0.887750983
  19.9281044  0.889049888
  19.9781742  0.890218973
  20.0282459  0.892297328
  20.0783157  0.89372611
  20.1283875  0.896063983
  20.1784573  0.89879179
  20.2285271  0.901000023
  20.2785988  0.902818382
  20.3286686  0.90554601
  20.3787403  0.908273637
  20.4288101  0.91048187
  20.4788818  0.9129498
  20.5289516  0.91645658
  20.5790215  0.919054389
  20.6290932  0.922301531
  20.679163  0.924769461
  20.7292347  0.927237332
  20.7793045  0.9298352
  20.8293762  0.931263924
  20.879446  0.932562947
  20.9295158  0.933602095
  20.9795876  0.93321234
  21.0296574  0.932822764
  21.0797291  0.931783736
  21.1297989  0.930744469
  21.1798687  0.929705441
  21.2299404  0.926198423
  21.2800102  0.923080921
  21.3300819  0.919833839
  21.3801517  0.914767921
  21.4302235  0.90905267
  21.4802933  0.902168751
  21.5303631  0.895414531
  21.5804348  0.886322677
  21.6305046  0.875801384
  21.6805763  0.865020692
  21.7306461  0.853979886
  21.7807178  0.841251612
  21.8307877  0.828132689
  21.8808575  0.814104557
  21.9309292  0.798907995
  21.980999  0.782671869
  22.0310707  0.767085314
  22.0811405  0.749809802
  22.1312103  0.731755733
  22.181282  0.713441312
  22.2313519  0.694607377
  22.2814236  0.674214959
  22.3314934  0.654601991
  22.3815651  0.634209514
  22.4316349  0.613427699
  22.4817047  0.59251529
  22.5317764  0.57056433
  22.5818462  0.550171793
  22.631918  0.527441263
  22.6819878  0.506789029
  22.7320595  0.485747308
  22.7821293  0.464965165
  22.8321991  0.444832653
  22.8822708  0.425219476
  22.9323406  0.405996084
  22.9824123  0.388201326
  23.0324821  0.370796323
  23.082552  0.353391141
  23.1326237  0.337285072
  23.1826935  0.32143876
  23.2327652  0.305852145
  23.282835  0.291694373
  23.3329067  0.277017057
  23.3829765  0.262339681
  23.4330463  0.248961136
  23.4831181  0.236881584
  23.5331879  0.223892733
  23.5832596  0.212982103
  23.6333294  0.203110561
  23.6834011  0.193109185
  23.7334709  0.182977885
  23.7835407  0.175574377
  23.8336124  0.168690294
  23.8836823  0.160117701
  23.933754  0.154402584
  23.9838238  0.14881736
  24.0338936  0.142972365
  24.0839653  0.13790676
  24.1340351  0.132841095
  24.1841068  0.129074365
  24.2341766  0.125047833
  24.2842484  0.121151187
  24.3343182  0.116734989
  24.384388  0.112838343
  24.4344597  0.110630229
  24.4845295  0.107383035
  24.5346012  0.104265727
  24.584671  0.101148404
  24.6347427  0.0990701988
  24.6848125  0.0962126553
  24.7348824  0.0936148837
  24.7849541  0.0916665643
  24.8350239  0.0882894546
  24.8850956  0.0866009071
  24.9351654  0.0850422457
  24.9852371  0.0829640329
  25.0353069  0.0812754706
  25.0853767  0.0795869231
  25.1354485  0.0786777139
  25.1855183  0.0764696226
  25.23559  0.0747810751
  25.2856598  0.0732224211
  25.3357296  0.0719235465
  25.3858013  0.0704947785
  25.4358711  0.0693257898
  25.4859428  0.0677671283
  25.5360126  0.0655590296
  25.5860844  0.0643900409
  25.6361542  0.0638704896
  25.686224  0.0632210448
  25.7362957  0.0621819422
  25.7863655  0.0615325049
  25.8364372  0.0614026226
  25.886507  0.0606232956
  25.9365788  0.060233634
  25.9866486  0.0590646379
  26.0367184  0.0582853146
  26.0867901  0.0568565466
  26.1368599  0.0558174439
  26.1869316  0.0542587899
  26.2370014  0.0532196872
  26.2870712  0.0524403602
  26.3371429  0.0514012538
  26.3872128  0.0495828167
  26.4372845  0.049323041
  26.4873543  0.048543714
  26.537426  0.0480241627
  26.5874958  0.0475046113
  26.6375656  0.0467252806
  26.6876373  0.0456861779
  26.7377071  0.0452965163
  26.7877789  0.0451666266
  26.8378487  0.0445171893
  26.8879204  0.0443872996
  26.9379902  0.0433481932
  26.98806  0.0433481932
  27.0381317  0.0425688587
  27.0882015  0.0416596457
  27.1382732  0.040230874
  27.188343  0.0394515432
  27.2384148  0.0384124294
  27.2884846  0.0375032127
  27.3385544  0.0363342091
  27.3886261  0.0354249924
  27.4386959  0.0352951065
  27.4887676  0.0346456617
  27.5388374  0.0338663273
  27.5889072  0.0333467722
  27.638979  0.0329571068
  27.6890488  0.0328272097
  27.7391205  0.031917993
  27.7891903  0.0315283276
  27.839262  0.0306191072
  27.8893318  0.0303593334
  27.9394016  0.0294501185
  27.9894733  0.0291903391
  28.0395432  0.029320227
  28.0896149  0.0284110047
  28.1396847  0.0285408925
  28.1897564  0.0281512272
  28.2398262  0.0275017861
  28.289896  0.0265925713
  28.3399677  0.0254235752
  28.3900375  0.0238649137
  28.4401093  0.022955697
  28.4901791  0.0220464822
  28.5402489  0.0219165981
  28.5903206  0.0224361494
  28.6403904  0.0219165981
  28.6904621  0.0212671533
  28.7405319  0.021656815
  28.7906036  0.021656815
  28.8406734  0.0210073758
  28.8907433  0.0208774917
  28.940815  0.0210073758
  28.9908848  0.0206177142
  29.0409565  0.020617716
  29.0910263  0.0191889554
  29.141098  0.01853952
  29.1911678  0.0184096359
  29.2412376  0.0176303089
  29.2913094  0.0169808678
  29.3413792  0.0165912025
  29.3914509  0.0169808641
  29.4415207  0.0164613109
  29.4915905  0.0164613146
  29.5416622  0.016071653
  29.591732  0.015422211
  29.6418037  0.0149026597
  29.6918736  0.0149026597
  29.7419453  0.0147727709
  29.7920151  0.0143831065
  29.8420849  0.0139934393
  29.8921566  0.0139934402
  29.9422264  0.0143831028
  29.9922981  0.0139934383
  30.0423679  0.0137336627
  30.0924397  0.0143831028
  30.1425095  0.0132141057
  30.1925793  0.0126945516
  30.242651  0.0125646656
  30.2927208  0.0133439945
  30.3427925  0.0129543301
  30.3928623  0.012824445
  30.4429321  0.0130842198
  30.4930038  0.0133439945
  30.5430737  0.012954331
  30.5931454  0.013603773
  30.6432152  0.0137336617
  30.6932869  0.0143831009
  30.7433567  0.0138635496
  30.7934265  0.0136037711
  30.8434982  0.013733658
  30.893568  0.0134738823
  30.9436398  0.0128244413
  30.9937096  0.0120451124
  31.0437813  0.011785333
  31.0938511  0.0116554452
  31.1439209  0.0113956686
  31.1939926  0.0108761173
  31.2440624  0.0107462304
  31.2941341  0.0100967884
  31.3442039  0.00983701088
  31.3942757  0.00983701181
  31.4443455  0.00996689964
  31.4944153  0.0102266781
  31.544487  0.0103565659
  31.5945568  0.0100967921
  31.6446285  0.00970712304
  31.6946983  0.00931745395
  31.7447681  0.00931745488
  31.7948399  0.00866801478
  31.8449097  0.00801857375
  31.8949814  0.00697946595
  31.9450512  0.00671968982
  31.9951229  0.00658980384
  32.0451927  0.00658980291
  32.0952644  0.00516103441
  32.1453323  0.00464148214
  32.1954041  0.00386215257
  32.2454758  0.00386215374
  32.2955475  0.00425181771
  32.3456154  0.00451159524
  32.3956871  0.00373226567
  32.4457588  0.00412192941
  32.4958267  0.00386215304
  32.5458984  0.00386215234
  32.5959702  0.00347248884
  32.6460419  0.00399204018
  32.6961098  0.00334260054
  32.7461815  0.00321271527
  32.7962532  0.00269316207
  32.8463211  0.00230349787
  32.8963928  0.00269316253
  32.9464645  0.0025632747
  32.9965363  0.00386215653
  33.0466042  0.00399204576
  33.0966759  0.0042518219
  33.1467476  0.0037322687
  33.1968155  0.0030828286
  33.2468872  0.0030828286
  33.2969589  0.00269316346
  33.3470268  0.00217361073
  33.3970985  0.0013942807
  33.4471703  0.0010046144
  33.497242  0.00100461382
  33.5473099  0.00100461324
  33.5973816  0.00100461277
  33.6474533  0.0010046137
  33.6975212  0.000744837453
  33.7475929  0.000744837918
  33.7976646  0.00113450398
  33.8477364  0.000355174852
  33.8978043  0.000744837918
  33.947876  0.000614950026
  33.9979477  0.000874726102
  34.0480156  0.00100461487
  34.0980873  0.000874726684
  34.148159  0.000874726509
  34.1982307  0.000874726393
  34.2482986  0.000744838151
  34.2983704 -3.44924956E-05
  34.3484421  0.000614949502
  34.39851  0.0017839449
  34.4485817  0.000225284355
  34.4986534  0.000225285476
  34.5487251  0.000225285345
  34.598793  9.53976123E-05
  34.6488647 -0.000424156227
  34.6989365 -0.000164380137
  34.7490044  0.000485062046
  34.7990761  0.000485061842
  34.8491478  0.000485061842
  34.8992195  0.000744838093
  34.9492874  0.000614949851
  34.9993591  0.00048506062
  35.0494308  0.00126439077
  35.0994987  0.000744836638
  35.1495705  0.001134502
  35.1996422  0.000874725985
  35.2497101  0.00035517267
  35.2997818  0.00061494828
  35.3498535  0.000225284835
  35.3999252  0.000485060416
  35.4499931  0.000874725054
  35.5000648  0.00113450177
  35.5501366  0.00113450177
  35.6002045  0.00152416853
  35.6502762  0.00100461254
  35.7003479  0.001264391
  35.7504196  0.00113450107
  35.8004875 -3.44928922E-05
  35.8505592 -0.000424157042
  35.900631 -0.000294268917
  35.9506989 -0.00107359805
  36.0007706 -0.00159315125
  36.0508423 -0.00107359781
  36.100914 -0.00133337476
  36.1509819 -0.00159315183
  36.2010536 -0.00211270526
  36.2511253 -0.00211270503
  36.3011932 -0.00185292796
  36.351265 -0.000943710911
  36.4013367 -0.00068393437
  36.4514084 -0.000943710853
  36.5014763 -0.00146326469
  36.551548 -0.00120348809
  36.6016197 -0.00107359979
  36.6516876 -0.00133337639
  36.7017593 -0.00198281766
  36.7518311 -0.00211270573
  36.8019028 -0.00224259403
  36.8519707 -0.00224259379
  36.9020424 -0.00198281719
  36.9521141 -0.00211270456
  37.002182 -0.00159315183
  37.0522537 -0.00237248116
  37.1023254 -0.0019828165
  37.1523972 -0.00211270596
  37.2024651 -0.00146326353
  37.2525368 -0.00146326353
  37.3026085 -0.00146326353
  37.3526764 -0.00211270433
  37.4027481 -0.00250237063
  37.4528198 -0.00263225869
  37.5028877 -0.00289203436
  37.5529594 -0.00315181026
  37.6030312 -0.0031518105
  37.6531029 -0.00302192126
  37.7031708 -0.00315181096
  37.7532425 -0.00302192126
  37.8033142 -0.00302192313
  37.8533821 -0.00263225893
  37.9034538 -0.00237248256
  37.9535255 -0.00237248233
  38.0035973 -0.00341158686
  38.0536652 -0.00367136369
  38.1037369 -0.00380125176
  38.1538086 -0.0040610279
  38.2038765 -0.00445069233
  38.2539482 -0.00484035583
  38.3040199 -0.0058794613
  38.3540916 -0.00600934913
  38.4041595 -0.00561968517
  38.4542313 -0.00535990903
  38.504303 -0.00548979733
  38.5543709 -0.00548979733
  38.6044426 -0.0054897978
  38.6545143 -0.00535990996
  38.704586 -0.00497024599
  38.7546539 -0.0040610279
  38.8047256 -0.00367136346
  38.8547974 -0.00367136393
  38.9048653 -0.00367136393
  38.954937 -0.00341158733
  39.0050087 -0.00380125153
  39.0550804 -0.00315181026
  39.1051483 -0.00237248163
  39.15522 -0.00263225846
  39.2052917 -0.00406102696
  39.2553596 -0.00445069093
  39.3054314 -0.0044506914
  39.3555031 -0.0044506914
  39.4055748 -0.0041909148
  39.4556427 -0.00510013197
  39.5057144 -0.00535990903
  39.5557861 -0.00458058016
  39.605854 -0.0048403563
  39.6559258 -0.00484035583
  39.7059975 -0.0048403563
  39.7560654 -0.004710468
  39.8061371 -0.00497024506
  39.8562088 -0.00548979733
  39.9062805 -0.00561968563
  39.9563484 -0.00561968563
  40.0064201 -0.0054897978
  40.0564919 -0.00613923743
  40.1065598 -0.00639901357
  40.1566315 -0.0062691262
  40.2067032 -0.00652890187
  40.2567749 -0.0051001329
  40.3068428 -0.00561968563
  40.3569145 -0.0051001329
  40.4069862 -0.0053599081
  40.4570541 -0.0053599081
  40.5071259 -0.00561968517
  40.5571976 -0.00484035583
  40.6072693 -0.00523002027
  40.6573372 -0.004710468
  40.7074089 -0.00561968563
  40.7574806 -0.00574957347
  40.8075485 -0.00600934913
  40.8576202 -0.00665879017
  40.907692 -0.0073082312
  40.9577637 -0.00639901403
  41.0078316 -0.00704845553
  41.0579033 -0.00743811904
  41.107975 -0.00665879017
  41.1580429 -0.00756800734
  41.2081146 -0.0074381195
  41.2581863 -0.0071783429
  41.3082581 -0.00613923697
  41.358326 -0.0061392365
  41.4083977 -0.00548979687
  41.4584694 -0.005749573
  41.5085373 -0.00548979733
  41.558609 -0.0045805811
  41.6086807 -0.0056196847
  41.6587524 -0.00626912573
  41.7088203 -0.0062691262
  41.7588921 -0.0066587897
  41.8089638 -0.0071783415
  41.8590317 -0.00704845367
  41.9091034 -0.0073082298
  41.9591751 -0.00743811717
  42.009243 -0.00704845367
  42.0593147 -0.00678867847
  42.1093864 -0.0074381181
  42.1594582 -0.006788678
  42.2095261 -0.00587946177
  42.2595978 -0.00561968563
  42.3096695 -0.0058794613
  42.3597374 -0.0058794613
  42.4098091 -0.00510013336
  42.4598808 -0.00561968517
  42.5099525 -0.0045805811
  42.5600204 -0.00458058063
  42.6100922 -0.00497024553
  42.6601639 -0.00587946177
  42.7102318 -0.0052300212
  42.7603035 -0.00497024553
  42.8103752 -0.00497024506
  42.8604469 -0.00471046846
  42.9105148 -0.00587946083
  42.9605865 -0.00561968517
  43.0106583 -0.00626912573
  43.0607262 -0.00613923836
  43.1107979 -0.00652890187
  43.1608696 -0.0071783415
  43.2109413 -0.006788678
  43.2610092 -0.00717834197
  43.3110809 -0.0071783415
  43.3611526 -0.0071783415
  43.4112206 -0.00691856584
  43.4612923 -0.00730823167
  43.511364 -0.0071783429
  43.5614357 -0.00652890233
  43.6115036 -0.00626912666
  43.6615753 -0.00665879156
  43.711647 -0.00678867986
  43.7617149 -0.00613923836
  43.8117867 -0.00587946177
  43.8618584 -0.00561968563
  43.9119263 -0.0065289014
  43.961998 -0.00652890094
  44.0120697 -0.00678867707
  44.0621414 -0.00626912527
  44.1122093 -0.00626912527
  44.162281 -0.00652890233
  44.2123528 -0.00665879017
  44.2624207 -0.00756800594
  44.3124924 -0.00795766991
  44.3625641 -0.00743811717
  44.4126358 -0.00756800501
  44.4627037 -0.00730822887
  44.5127754 -0.00769789331
  44.5628471 -0.00704845367
  44.612915 -0.00678867754
  44.6629868 -0.00652890187
  44.7130585 -0.0066587897
  44.7631302 -0.00652890187
  44.8131981 -0.00665879017
  44.8632698 -0.00600934913
  44.9133415 -0.00678867707
  44.9634094 -0.00587945944
  45.0134811 -0.00600934774
  45.0635529 -0.00600934774
  45.1136246 -0.00561968517
  45.1636925 -0.005749573
  45.2137642 -0.00613923743
  45.2638359 -0.00613923743
  45.3139038 -0.00691856584
  45.3639755 -0.0069185649
  45.4140472 -0.00652890094
  45.464119 -0.00626912527
  45.5141869 -0.0065289014
  45.5642586 -0.00561968517
  45.6143303 -0.00587946177
  45.6643982 -0.00548979733
  45.7144699 -0.00561968517
  45.7645416 -0.00535990903
  45.8146133 -0.0051001329
  45.8646812 -0.0052300198
  45.914753 -0.0056196847
  45.9648247 -0.00432080403
  46.0148926 -0.0048403563
  46.0649643 -0.00510013336
  46.115036 -0.00497024506
  46.1651039 -0.00510013336
  46.2151756 -0.004710468
  46.2652473 -0.00445069233
  46.3153191 -0.0053599081
  46.365387 -0.0052300198
  46.4154587 -0.00497024506
  46.4655304 -0.005749573
  46.5155983 -0.00587946177
  46.56567 -0.00613923743
  46.6157417 -0.00561968377
  46.6658134 -0.0053599081
  46.7158813 -0.0053599095
  46.7659531 -0.00510013383
  46.8160248 -0.00458058156
  46.8660927 -0.00497024506
  46.9161644 -0.0041909162
  46.9662361 -0.0043208045
  47.0163078 -0.0039311396
  47.0663757 -0.0043208045
  47.1164474 -0.00380125223
  47.1665192 -0.0031518105
  47.2165871 -0.00380125176
  47.2666588 -0.00406102743
  47.3167305 -0.00432080496
  47.3668022 -0.00510013383
  47.4168701 -0.00497024599
  47.4669418 -0.00445069373
  47.5170135 -0.0053599095
  47.5670815 -0.00419091666
  47.6171532 -0.00393114053
  47.6672249 -0.00367136276
  47.7172966 -0.00315181026
  47.7673645 -0.00302192289
  47.8174362 -0.00315180956
  47.8675079 -0.0032816981
  47.9175758 -0.00380125199
  47.9676476 -0.00367136393
  48.0177193 -0.00367136393
  48.0677872 -0.00471046939
  48.1178589 -0.00484035769
  48.1679306 -0.0056196847
  48.2180023 -0.0061392365
  48.2680702 -0.0070484532
  48.3181419 -0.0074381181
  48.3682137 -0.00665878924
  48.4182816 -0.00613923743
  48.4683533 -0.0069185663
  48.518425 -0.00743811764
  48.5684967 -0.00704845367
  48.6185646 -0.00717834197
  48.6686363 -0.006788678
  48.718708 -0.0065289014
  48.7687759 -0.0071783415
  48.8188477 -0.00743811717
  48.8689194 -0.00691856537
  48.9189911 -0.0066587897
  48.969059 -0.00639901357
  49.0191307 -0.006009351
  49.0692024 -0.0054897978
  49.1192703 -0.00471046986
  49.169342 -0.00574957393
  49.2194138 -0.0053599095
  49.2694855 -0.0053599095
  49.3195534 -0.00510013336
  49.3696251 -0.0051001329
  49.4196968 -0.00561968563
  49.4697647 -0.00587946223
  49.5198364 -0.0067886794
  49.5699081 -0.00756800873
  49.6199799 -0.0079576727
  49.6700478 -0.00821744837
  49.7201195 -0.00743812043
  49.7701912 -0.00691856723
  49.8202591 -0.0073082298
  49.8703308 -0.00678867754
  49.9204025 -0.00704845414
  49.9704742 -0.00743811997
  50.0205421 -0.0069185677
  50.0706139 -0.00704845507
  50.1206856 -0.0069185663
  50.1707535 -0.00717834337
  50.2208252 -0.00652890373
  50.2708969 -0.00587946223
  50.3209648 -0.0057495744
  50.3710365 -0.00600935007
  50.4211082 -0.00613923883
  50.47118 -0.00497024599
  50.5212479 -0.00458058016
  50.5713196 -0.00445069233
  50.6213913 -0.00354147563
  50.6714592 -0.0040610279
  50.7215309 -0.00497024553
  50.7716026 -0.00484035769
  50.8216743 -0.00445069326
  50.8717422 -0.00471046939
  50.921814 -0.00484035723
  50.9718857 -0.00406102883
  51.0219536 -0.00458058156
  51.0720253 -0.00484035583
  51.122097 -0.00367136253
  51.1721687 -0.00380125153
  51.2222366 -0.0038012513
  51.2723083 -0.00445069186
  51.3223801 -0.00445069186
  51.372448 -0.00471046939
  51.4225197 -0.0041909162
  51.4725914 -0.00432080403
  51.5226631 -0.00419091666
  51.572731 -0.00458058063
  51.6228027 -0.00445069233
  51.6728745 -0.00445069186
  51.7229424 -0.0041909162
  51.7730141 -0.00471046846
  51.8230858 -0.0048403563
  51.8731575 -0.00535990903
  51.9232254 -0.0058794613
  51.9732971 -0.00600934913
  52.0233688 -0.00652889954
  52.0734367 -0.0066587883
  52.1235085 -0.00691856444
  52.1735802 -0.00574957347
  52.2236519 -0.00574957393
  52.2737198 -0.00626912527
  52.3237915 -0.0062691262
  52.3738632 -0.00574957347
  52.4239311 -0.00600935053
  52.4740028 -0.0065289014
  52.5240746 -0.00691856584
  52.5741425 -0.00821744837
  52.6242142 -0.00873700064
  52.6742859 -0.00860711187
  52.7243576 -0.00912666507
  52.7744255 -0.0101657715
  52.8244972 -0.00990599487
  52.8745689 -0.00964621734
  52.9246368 -0.00938644074
  52.9747086 -0.00977610517
  53.0247803 -0.00912666507
  53.074852 -0.0092565529
  53.1249199 -0.00899677817
  53.1749916 -0.0095163295
  53.2250633 -0.010555435
  53.2751312 -0.0115945395
  53.3252029 -0.0125037553
  53.3752747 -0.0125037562
  53.4253464 -0.012633644
  53.4754143 -0.0123738702
  53.525486 -0.0130233131
  53.5755577 -0.0131532
  53.6256256 -0.0135428645
  53.6756973 -0.0141923055
  53.725769 -0.0136727514
  53.7758408 -0.0140624167
  53.8259087 -0.0144520821
  53.8759804 -0.0143221933
  53.9260521 -0.0143221933
  53.97612 -0.0153613007
  54.0261917 -0.0156210773
  54.0762634 -0.0157509651
  54.1263351 -0.01523141
  54.176403 -0.0158808511
  54.2264748 -0.0157509632
  54.2765465 -0.015361296
  54.3266144 -0.0149716306
  54.3766861 -0.016010737
  54.4267578 -0.0171797294
  54.4768295 -0.0167900678
  54.5268974 -0.0171797313
  54.5769691 -0.0166601799
  54.6270409 -0.0170498472
  54.6771088 -0.017829176
  54.7271805 -0.017959062
  54.7772522 -0.018088948
  54.8273201 -0.017309621
  54.8773918 -0.0169199556
  54.9274635 -0.0167900678
  54.9775352 -0.0169199556
  55.0276031 -0.0171797313
  55.0776749 -0.0166601781
  55.1277466 -0.0164004024
  55.1778145 -0.0161406267
  55.2278862 -0.0165302921
  55.2779579 -0.0165302921
  55.3280296 -0.0166601781
  55.3780975 -0.0162705146
  55.4281693 -0.0164004024
  55.478241 -0.0162705146
  55.5283089 -0.0158808511
  55.5783806 -0.015361296
  55.6284523 -0.0154911848
  55.678524 -0.0154911848
  55.7285919 -0.0152314082
  55.7786636 -0.0154911857
  55.8287354 -0.0156210745
  55.8788033 -0.01523141
  55.928875 -0.0157509632
  55.9789467 -0.0167900678
  56.0290184 -0.0166601799
  56.0790863 -0.0161406267
  56.129158 -0.0166601799
  56.1792297 -0.0164004024
  56.2292976 -0.016010737
  56.2793694 -0.0169199556
  56.3294411 -0.0158808511
  56.3795128 -0.0152314091
  56.4295807 -0.0149716334
  56.4796524 -0.0148417456
  56.5297241 -0.0154911857
  56.579792 -0.0151015231
  56.6298637 -0.0156210745
  56.6799355 -0.0161406267
  56.7300034 -0.0158808511
  56.7800751 -0.0161406267
  56.8301468 -0.0164004024
  56.8802185 -0.0158808492
  56.9302864 -0.0156210726
  56.9803581 -0.0151015203
  57.0304298 -0.0153612969
  57.0804977 -0.015361296
  57.1305695 -0.0153612969
  57.1806412 -0.0154911857
  57.2307129 -0.0154911885
  57.2807808 -0.0157509632
  57.3308525 -0.0157509632
  57.3809242 -0.0153612979
  57.4309921 -0.0160107408
  57.4810638 -0.0157509632
  57.5311356 -0.0167900678
  57.5812073 -0.0160107389
  57.6312752 -0.0167900696
  57.6813469 -0.0169199556
  57.7314186 -0.0170498434
  57.7814865 -0.0179590601
  57.8315582 -0.018608503
  57.8816299 -0.0186085049
  57.9317017 -0.018608503
  57.9817696 -0.018608503
  58.0318413 -0.0195177216
  58.081913 -0.0201671608
  58.1319809 -0.0204269402
  58.1820526 -0.0210763775
  58.2321243 -0.0218557045
  58.282196 -0.0221154802
  58.3322639 -0.0231545828
  58.3823357 -0.0230246931
  58.4324074 -0.0228948053
  58.4824753 -0.0228948072
  58.532547 -0.0226350315
  58.5826187 -0.0219855905
  58.6326904 -0.0221154802
  58.6827583 -0.0222453699
  58.73283 -0.0230246969
  58.7829018 -0.0226350334
  58.8329697 -0.0232844725
  58.8830414 -0.0226350315
  58.9331131 -0.0228948072
  58.983181 -0.0241936892
  59.0332527 -0.0238040239
  59.0833244 -0.0239339117
  59.1333961 -0.0235442482
  59.1834641 -0.0235442482
  59.2335358 -0.0241936892
  59.2836075 -0.0234143604
  59.3336754 -0.0234143604
  59.3837471 -0.0231545828
  59.4338188 -0.0227649175
  59.4838905 -0.0219855923
  59.5339584 -0.022115482
  59.5840302 -0.022115482
  59.6341019 -0.021466041
  59.6841698 -0.0209464896
  59.7342415 -0.0213361531
  59.7843132 -0.0210763775
  59.8343849 -0.021595927
  59.8844528 -0.0217258148
  59.9345245 -0.0219855905
  59.9845963 -0.0219855905
  60.0346642 -0.0213361513
  60.0847359 -0.0217258167
  60.1348076 -0.0221154802
  60.1848793 -0.021466041
  60.2349472 -0.0208166018
  60.2850189 -0.0199073851
  60.3350906 -0.0193878319
  60.3851585 -0.0197774954
  60.4352303 -0.0192579441
  60.485302 -0.0187383909
  60.5353737 -0.0182188358
  60.5854416 -0.0176992845
  60.6355133 -0.0178291705
  60.685585 -0.018088948
  60.7356529 -0.0174395107
  60.7857246 -0.0173096228
  60.8357964 -0.0171797313
  60.8858643 -0.0161406249
  60.935936 -0.0157509614
  60.9860077 -0.0160107352
  61.0360794 -0.0154911848
  61.0861473 -0.0153612979
  61.136219 -0.01523141
  61.1862907 -0.0157509632
  61.2363586 -0.0154911866
  61.2864304 -0.0156210773
  61.3365021 -0.0158808529
  61.3865738 -0.0154911904
  61.4366417 -0.0145819709
  61.4867134 -0.0145819709
  61.5367851 -0.0140624167
  61.586853 -0.0141923055
  61.6369247 -0.0143221924
  61.6869965 -0.0134129738
  61.7370682 -0.0130233113
  61.7871361 -0.0135428635
  61.8372078 -0.013932528
  61.8872795 -0.0145819681
  61.9373474 -0.0140624149
  61.9874191 -0.0144520784
  62.0374908 -0.0135428617
  62.0875626 -0.0143221915
  62.1376305 -0.0147118578
  62.1877022 -0.0165302921
  62.2377739 -0.0165302921
  62.2878418 -0.0164004043
  62.3379135 -0.0162705164
  62.3879852 -0.0162705146
  62.4380569 -0.0166601781
  62.4881248 -0.0169199537
  62.5381966 -0.016010737
  62.5882683 -0.0156210726
  62.6383362 -0.0149716325
  62.6884079 -0.0148417447
  62.7384796 -0.013932527
  62.7885513 -0.0141923027
  62.8386192 -0.0148417437
  62.8886909 -0.0149716306
  62.9387627 -0.0148417428
  62.9888306 -0.0149716306
  63.0389023 -0.0151015194
  63.088974 -0.0162705146
  63.1390419 -0.0152314072
  63.1891136 -0.0156210726
  63.2391853 -0.0160107389
  63.289257 -0.0161406267
  63.339325 -0.0158808511
  63.3893967 -0.0164004024
  63.4394684 -0.0161406267
  63.4895363 -0.0160107389
  63.539608 -0.0164004043
  63.5896797 -0.0160107408
  63.6397514 -0.0158808511
  63.6898193 -0.0156210745
  63.7398911 -0.0156210745
  63.7899628 -0.0148417456
  63.8400307 -0.0151015213
  63.8901024 -0.0147118568
  63.9401741 -0.0141923055
  63.9902458 -0.0134129766
  64.0403137 -0.0131531991
  64.0903854 -0.0132830888
  64.1404572 -0.0134129766
  64.1905289 -0.0128934216
  64.2406006 -0.0131532
  64.2906647 -0.0138026401
  64.3407364 -0.0148417437
  64.3908081 -0.0154911829
  64.4408798 -0.0157509614
  64.4909515 -0.016140623
  64.5410233 -0.016270509
  64.591095 -0.01691995
  64.6411591 -0.0169199537
  64.6912308 -0.0165302902
  64.7413025 -0.0158808511
  64.7913742 -0.0153612988
  64.8414459 -0.015231411
  64.8915176 -0.0138026401
  64.9415894 -0.013153201
  64.9916534 -0.0131532
  65.0417252 -0.0128934244
  65.0917969 -0.0128934234
  65.1418686 -0.0127635365
  65.1919403 -0.0126336459
  65.242012 -0.0119842077
  65.2920837 -0.0122439843
  65.3421478 -0.0121140946
  65.3922195 -0.0109451003
  65.4422913 -0.0112048779
  65.492363 -0.0101657705
  65.5424347 -0.00899677631
  65.5925064 -0.00925655104
  65.6425781 -0.00925655104
  65.6926422 -0.00964621641
  65.7427139 -0.00964621641
  65.7927856 -0.0101657705
  65.8428574 -0.0102956593
  65.8929291 -0.0106853237
  65.9430008 -0.0114646507
  65.9930725 -0.0117244273
  66.0431366 -0.0115945395
  66.0932083 -0.0119842058
  66.14328 -0.0117244301
  66.1933517 -0.0113347648
  66.2434235 -0.0109450994
  66.2934952 -0.0108152106
  66.3435593 -0.0104255471
  66.393631 -0.00977610331
  66.4437027 -0.010555435
  66.4937744 -0.0100358799
  66.5438461 -0.0102956584
  66.5939178 -0.00977610424
  66.6439896 -0.0101657668
  66.6940536 -0.0100358799
  66.7441254 -0.00990599487
  66.7941971 -0.00951632857
  66.8442688 -0.00990599301
  66.8943405 -0.00964621641
  66.9444122 -0.00912666507
  66.9944839 -0.00860711187
  67.044548 -0.00847722404
  67.0946198 -0.00886688847
  67.1446915 -0.00899677631
  67.1947632 -0.00860711187
  67.2448349 -0.00977610704
  67.2949066 -0.00964621641
  67.3449783 -0.0106853237
  67.3950424 -0.0108152116
  67.4451141 -0.0106853247
  67.4951859 -0.0102956593
  67.5452576 -0.0105554359
  67.5953293 -0.0104255471
  67.645401 -0.00925655197
  67.6954727 -0.00886688661
  67.7455368 -0.00925655104
  67.7956085 -0.00977610517
  67.8456802 -0.00977610704
  67.895752 -0.0108152144
  67.9458237 -0.0113347666
  67.9958954 -0.0110749891
  68.0459671 -0.0112048769
  68.0960312 -0.0117244292
  68.1461029 -0.0125037581
  68.1961746 -0.0122439824
  68.2462463 -0.0121140964
  68.2963181 -0.0125037618
  68.3463898 -0.0127635356
  68.3964615 -0.0122439805
  68.4465256 -0.0117244283
  68.4965973 -0.0113347629
  68.546669 -0.0118543152
  68.5967407 -0.0123738693
  68.6468124 -0.0122439824
  68.6968842 -0.0121140936
  68.7469559 -0.0123738702
  68.79702 -0.0117244283
  68.8470917 -0.0113347629
  68.8971634 -0.0104255462
  68.9472351 -0.0108152116
  68.9973068 -0.011204876
  69.0473785 -0.0110749891
  69.0974503 -0.0102956593
  69.1475143 -0.0105554359
  69.1975861 -0.0110749882
  69.2476578 -0.0102956565
  69.2977295 -0.0106853237
  69.3478012 -0.0113347629
  69.3978729 -0.0114646507
  69.4479446 -0.0112048741
  69.4980087 -0.0113347629
  69.5480804 -0.0117244292
  69.5981522 -0.011854318
  69.6482239 -0.0110749891
  69.6982956 -0.0104255443
  69.7483673 -0.0115945404
  69.798439 -0.0113347629
  69.8485031 -0.011334762
  69.8985748 -0.0115945386
  69.9486465 -0.0115945386
  69.9987183 -0.0109450985
  70.04879 -0.011204876
  70.0988617 -0.0112048751
  70.1489334 -0.0119842039
  70.1989975 -0.0115945404
  70.2490692 -0.0110749872
  70.2991409 -0.0110749863
  70.3492126 -0.0109450994
  70.3992844 -0.0114646526
  70.4493561 -0.0113347648
  70.4994202 -0.0105554322
  70.5494919 -0.0100358799
  70.5995636 -0.00912666414
  70.6496353 -0.00899677724
  70.699707 -0.00912666414
  70.7497787 -0.0095163295
  70.7998505 -0.00990599208
  70.8499146 -0.0101657705
  70.8999863 -0.00977610517
  70.950058 -0.0105554331
  71.0001297 -0.0113347638
  71.0502014 -0.0114646517
  71.1002731 -0.0114646517
  71.1503448 -0.0113347638
  71.2004089 -0.0109450985
  71.2504807 -0.0105554359
  71.3005524 -0.0108152116
  71.3506241 -0.00990599301
  71.4006958 -0.0102956584
  71.4507675 -0.010555435
  71.5008392 -0.0100358799
  71.5509033 -0.00990599208
  71.600975 -0.0105554331
  71.6510468 -0.0102956565
  71.7011185 -0.0101657687
  71.7511902 -0.0105554331
  71.8012619 -0.0108152106
  71.8513336 -0.0109451003
  71.9013977 -0.0109450994
  71.9514694 -0.0113347629
  72.0015411 -0.0101657705
  72.0516129 -0.0102956584
  72.1016846 -0.0105554331
  72.1517563 -0.0115945423
  72.201828 -0.0119842049
  72.2518921 -0.0119842049
  72.3019638 -0.0121140936
  72.3520355 -0.0122439824
  72.4021072 -0.0128934216
  72.452179 -0.0132830851
  72.5022507 -0.0127635328
  72.5523224 -0.0126336459
  72.6023865 -0.012633645
  72.6524582 -0.0131531972
  72.7025299 -0.012633645
  72.7526016 -0.0128934216
  72.8026733 -0.0125037581
  72.8527451 -0.0130233131
  72.9028168 -0.0127635356
  72.9528809 -0.0126336487
  73.0029526 -0.0123738721
  73.0530243 -0.0128934244
  73.103096 -0.0123738702
  73.1531677 -0.0128934262
  73.2032394 -0.0123738693
  73.2533112 -0.0122439796
  73.3033752 -0.0112048741
  73.353447 -0.0113347638
  73.4035187 -0.0109450994
  73.4535904 -0.0113347648
  73.5036621 -0.0112048769
  73.5537338 -0.0118543198
  73.6038055 -0.0115945423
  73.6538696 -0.0117244292
  73.7039413 -0.0127635356
  73.7540131 -0.012633645
  73.8040848 -0.0122439796
  73.8541565 -0.0125037562
  73.9042282 -0.0132830869
  73.9542999 -0.0121140946
  74.004364 -0.0122439824
  74.0544357 -0.0127635337
  74.1045074 -0.0123738693
  74.1545792 -0.012633645
  74.2046509 -0.0122439805
  74.2547226 -0.0125037562
  74.3047943 -0.012633645
  74.3548584 -0.0136727495
  74.4049301 -0.0131531972
  74.4550018 -0.0127635337
  74.5050735 -0.0127635356
  74.5551453 -0.0135428645
  74.605217 -0.0136727514
  74.6552887 -0.0138026392
  74.7053528 -0.0138026392
  74.7554245 -0.0136727514
  74.8054962 -0.0135428635
  74.8555679 -0.0131532
  74.9056396 -0.0128934234
  74.9557114 -0.0122439815
  75.0057755 -0.0121140927
  75.0558472 -0.0121140936
  75.1059189 -0.0115945414
  75.1559906 -0.0121140946
  75.2060623 -0.0119842058
  75.256134 -0.0113347657
  75.3062057 -0.0109451003
  75.3562698 -0.0114646517
  75.4063416 -0.0110749872
  75.4564133 -0.0112048741
  75.506485 -0.0114646507
  75.5565567 -0.0119842049
  75.6066284 -0.0122439824
  75.6567001 -0.0121140964
  75.7067642 -0.0118543208
  75.7568359 -0.0108152106
  75.8069077 -0.0113347648
  75.8569794 -0.0115945404
  75.9070511 -0.0106853209
  75.9571228 -0.0100358799
  76.0071945 -0.0109450966
  76.0572586 -0.0114646517
  76.1073303 -0.0113347638
  76.157402 -0.011854317
  76.2074738 -0.011854318
  76.2575455 -0.0126336487
  76.3076172 -0.0115945414
  76.3576889 -0.0117244273
  76.407753 -0.0117244283
  76.4578247 -0.0121140927
  76.5078964 -0.0118543161
  76.5579681 -0.0115945395
  76.6080399 -0.0114646517
  76.6581116 -0.0113347648
  76.7081833 -0.011854318
  76.7582474 -0.0114646535
  76.8083191 -0.0115945414
  76.8583908 -0.0123738684
  76.9084625 -0.0125037562
  76.9585342 -0.0130233094
  77.008606 -0.0131531991
  77.0586777 -0.0131531972
  77.1087418 -0.0130233085
  77.1588135 -0.0127635337
  77.2088852 -0.0127635328
  77.2589569 -0.0117244264
  77.3090286 -0.0115945386
  77.3591003 -0.0119842049
  77.4091721 -0.0115945395
  77.4592361 -0.011854317
  77.5093079 -0.0115945414
  77.5593796 -0.011854317
  77.6094513 -0.0115945386
  77.659523 -0.0122439815
  77.7095947 -0.0125037571
  77.7596664 -0.0121140946
  77.8097305 -0.011854318
  77.8598022 -0.0121140936
  77.909874 -0.0134129757
  77.9599457 -0.0128934244
  78.0100174 -0.0130233122
  78.0600891 -0.0135428654
  78.1101608 -0.0126336459
  78.1602249 -0.0134129738
  78.2102966 -0.0130233094
  78.2603683 -0.0131532
  78.3104401 -0.0132830879
  78.3605118 -0.0126336459
  78.4105835 -0.0117244273
  78.4606552 -0.0125037581
  78.5107193 -0.0131532
  78.560791 -0.0136727532
  78.6108627 -0.0131532
  78.6609344 -0.0138026401
  78.7110062 -0.0144520812
  78.7610779 -0.013802642
  78.8111496 -0.0138026411
  78.8612137 -0.0140624177
  78.9112854 -0.0128934262
  78.9613571 -0.0121140946
  79.0114288 -0.0121140936
  79.0615005 -0.0122439815
  79.1115723 -0.011854318
  79.1616364 -0.0122439824
  79.2117081 -0.0125037581
  79.2617798 -0.0122439815
  79.3118515 -0.011854318
  79.3619232 -0.0114646526
  79.4119949 -0.0114646535
  79.4620667 -0.0113347648
  79.5121307 -0.011204876
  79.5622025 -0.0117244301
  79.6122742 -0.0109450985
  79.6623459 -0.0102956556
  79.7124176 -0.0117244273
  79.7624893 -0.0119842049
  79.812561 -0.0119842049
  79.8626251 -0.0125037581
  79.9126968 -0.0122439815
  79.9627686 -0.0115945414
  80.0128403 -0.0117244292
  80.062912 -0.0117244283
  80.1129837 -0.0125037571
  80.1630554 -0.0112048751
  80.2131195 -0.0114646535
  80.2631912 -0.0118543208
  80.3132629 -0.0119842086
  80.3633347 -0.0123738721
  80.4134064 -0.0126336487
  80.4634781 -0.0127635356
  80.5135498 -0.0125037562
  80.5636139 -0.012633644
  80.6136856 -0.0123738693
  80.6637573 -0.0125037571
  80.713829 -0.0122439815
  80.7639008 -0.0115945414
  80.8139725 -0.0115945423
  80.8640442 -0.0106853237
  80.9141083 -0.0112048769
  80.96418 -0.0109451003
  81.0142517 -0.0100358808
  81.0643234 -0.0102956584
  81.1143951 -0.0110749882
  81.1644669 -0.0110749882
  81.2145386 -0.0110749872
  81.2646027 -0.0114646517
  81.3146744 -0.0125037581
  81.3647461 -0.0123738693
  81.4148178 -0.0130233122
  81.4648895 -0.0136727514
  81.5149612 -0.0140624149
  81.565033 -0.0151015194
  81.615097 -0.014711855
  81.6651688 -0.0145819681
  81.7152405 -0.0144520802
  81.7653122 -0.0135428645
  81.8153839 -0.0135428654
  81.8654556 -0.0135428663
  81.9155273 -0.0128934234
  81.9655914 -0.0126336459
  82.0156631 -0.0131532
  82.0657349 -0.0135428645
  82.1158066 -0.0136727523
  82.1658783 -0.0140624167
  82.21595 -0.0144520812
  82.2660217 -0.0143221933
  82.3160858 -0.0145819699
  82.3661575 -0.0149716334
  82.4162292 -0.0149716334
  82.466301 -0.0145819681
  82.5163727 -0.0152314072
  82.5664444 -0.0156210726
  82.6165161 -0.0151015203
  82.6665802 -0.0154911848
  82.7166519 -0.0151015213
  82.7667236 -0.0156210717
  82.8167953 -0.0158808492
  82.8668671 -0.0153612969
  82.9169388 -0.0157509632
  82.9670105 -0.0153612979
  83.0170746 -0.0144520812
  83.0671463 -0.0140624177
  83.117218 -0.0143221933
  83.1672897 -0.0145819699
  83.2173615 -0.0148417447
  83.2674332 -0.0141923046
  83.3175049 -0.0144520821
  83.367569 -0.0141923055
  83.4176407 -0.0143221924
  83.4677124 -0.014452083
  83.5177841 -0.0141923046
  83.5678558 -0.015101525
  83.6179276 -0.0152314128
  83.6679916 -0.0154911885
  83.7180634 -0.0154911894
  83.7681351 -0.0154911894
  83.8182068 -0.0147118578
  83.8682785 -0.0151015231
  83.9183502 -0.0153613007
  83.9684219 -0.0149716344
  84.018486 -0.0145819727
  84.0685577 -0.0141923074
  84.1186295 -0.0141923064
  84.1687012 -0.0145819709
  84.2187729 -0.0145819709
  84.2688446 -0.0140624177
  84.3189163 -0.0140624186
  84.3689804 -0.0143221952
  84.4190521 -0.015101525
  84.4691238 -0.0148417465
  84.5191956 -0.0143221933
  84.5692673 -0.0148417456
  84.619339 -0.0147118587
  84.6694107 -0.0147118568
  84.7194748 -0.0144520812
  84.7695465 -0.0145819681
  84.8196182 -0.0145819671
  84.8696899 -0.0141923027
  84.9197617 -0.0135428598
  84.9698334 -0.0130233085
  85.0199051 -0.0127635328
  85.0699692 -0.0130233085
  85.1200409 -0.0128934206
  85.1701126 -0.0128934206
  85.2201843 -0.0132830869
  85.270256 -0.0128934216
  85.3203278 -0.0130233094
  85.3703995 -0.0134129757
  85.4204636 -0.0134129757
  85.4705353 -0.0136727514
  85.520607 -0.0135428645
  85.5706787 -0.013153201
  85.6207504 -0.0134129766
  85.6708221 -0.0135428635
  85.7208939 -0.0130233113
  85.7709579 -0.0138026392
  85.8210297 -0.0135428645
  85.8711014 -0.013932528
  85.9211731 -0.0140624167
  85.9712448 -0.0135428635
  86.0213165 -0.0132830879
  86.0713882 -0.0136727532
  86.1214523 -0.0147118568
  86.171524 -0.0148417447
  86.2215958 -0.0148417456
  86.2716675 -0.0148417484
  86.3217392 -0.0144520821
  86.3718109 -0.0149716353
  86.4218826 -0.0149716381
  86.4719467 -0.0144520849
  86.5220184 -0.014452083
  86.5720901 -0.014452083
  86.6221619 -0.0144520802
  86.6722336 -0.0152314091
  86.7223053 -0.0149716316
  86.772377 -0.0148417428
  86.8224411 -0.0149716325
  86.8725128 -0.0154911866
  86.9225845 -0.0161406286
  86.9726562 -0.016010737
  87.022728 -0.0162705127
  87.0727997 -0.0160107389
  87.1228714 -0.0164004024
  87.1729355 -0.016140623
  87.2230072 -0.0162705146
  87.2730789 -0.016140623
  87.3231506 -0.0165302884
  87.3732224 -0.0164003987
  87.4232941 -0.0156210717
  87.4733658 -0.0151015194
  87.5234299 -0.0151015203
  87.5735016 -0.0147118578
  87.6235733 -0.0152314091
  87.673645 -0.0153613007
  87.7237167 -0.0149716325
  87.7737885 -0.0141923046
  87.8238525 -0.0140624177
  87.8739243 -0.0143221924
  87.923996 -0.0148417456
  87.9740677 -0.0135428654
  88.0241394 -0.0136727523
  88.0742111 -0.0135428645
  88.1242828 -0.0144520812
  88.1743469 -0.0151015222
  88.2244186 -0.0153612979
  88.2744904 -0.014452083
  88.3245621 -0.015101525
  88.3746338 -0.0149716353
  88.4247055 -0.0139325289
  88.4747772 -0.0138026401
  88.5248413 -0.013932528
  88.574913 -0.0132830869
  88.6249847 -0.0136727532
  88.6750565 -0.0138026411
  88.7251282 -0.0148417456
  88.7751999 -0.0149716334
  88.8252716 -0.0156210735
  88.8753357 -0.015231411
  88.9254074 -0.0145819681
  88.9754791 -0.0152314091
  89.0255508 -0.0147118559
  89.0756226 -0.0143221924
  89.1256943 -0.013932528
  89.175766 -0.0125037609
  89.2258301 -0.0123738721
  89.2759018 -0.0123738721
  89.3259735 -0.0126336478
  89.3760452 -0.0132830888
  89.4261169 -0.0131532
  89.4761887 -0.013802642
  89.5262604 -0.014452083
  89.5763245 -0.0147118606
  89.6263962 -0.0141923055
  89.6764679 -0.0145819699
  89.7265396 -0.0145819709
  89.7766113 -0.0143221952
  89.826683 -0.014452083
  89.8767548 -0.0147118578
  89.9268188 -0.0140624167
  89.9768906 -0.0139325308
  90.0269623 -0.0136727532
  90.077034 -0.0135428663
  90.1271057 -0.0134129776
  90.1771774 -0.0134129766
  90.2272491 -0.0135428654
  90.2773132 -0.0141923055
  90.3273849 -0.0149716334
  90.3774567 -0.0149716353
  90.4275284 -0.0144520858
  90.4776001 -0.0151015259
  90.5276718 -0.0147118624
  90.5777435 -0.0156210801
  90.6278076 -0.0154911922
  90.6778793 -0.0157509688
  90.727951 -0.0154911913
  90.7780228 -0.0157509651
  90.8280945 -0.0143221952
  90.8781662 -0.0154911904
  90.9282379 -0.0161406286
  90.978302 -0.0157509632
  91.0283737 -0.0151015222
  91.0784454 -0.0148417456
  91.1285172 -0.0153612979
  91.1785889 -0.0147118578
  91.2286606 -0.0141923064
  91.2787323 -0.013802642
  91.3287964 -0.0140624195
  91.3788681 -0.014452083
  91.4289398 -0.0148417465
  91.4790115 -0.0148417484
  91.5290833 -0.0141923055
  91.579155 -0.0143221943
  91.6292267 -0.0140624158
  91.6792908 -0.0136727514
  91.7293625 -0.0138026392
  91.7794342 -0.0141923055
  91.8295059 -0.0138026401
  91.8795776 -0.0135428635
  91.9296494 -0.0134129729
  91.9797134 -0.0132830841
  92.0297852 -0.0139325252
  92.0798569 -0.0138026373
  92.1299286 -0.014581969
  92.1800003 -0.0151015203
  92.230072 -0.0143221924
  92.2801437 -0.0144520802
  92.3302078 -0.0141923046
  92.3802795 -0.0141923046
  92.4303513 -0.0140624177
  92.480423 -0.014581969
  92.5304947 -0.0144520812
  92.5805664 -0.0138026401
  92.6306381 -0.0136727514
  92.6807022 -0.0140624158
  92.7307739 -0.0136727532
  92.7808456 -0.013153201
  92.8309174 -0.0134129766
  92.8809891 -0.013153201
  92.9310608 -0.0125037599
  92.9811325 -0.0121140946
  93.0311966 -0.0127635356
  93.0812683 -0.0123738702
  93.13134 -0.0125037581
  93.1814117 -0.0125037571
  93.2314835 -0.0130233113
  93.2815552 -0.0135428635
  93.3316269 -0.0128934206
  93.381691 -0.0117244264
  93.4317627 -0.0117244292
  93.4818344 -0.0121140918
  93.5319061 -0.0121140946
  93.5819778 -0.0128934234
  93.6320496 -0.0130233094
  93.6821213 -0.0136727486
  93.7321854 -0.013932527
  93.7822571 -0.0138026373
  93.8323288 -0.0143221887
  93.8824005 -0.0145819681
  93.9324722 -0.0147118559
  93.9825439 -0.0143221915
  94.0326157 -0.0140624158
  94.0826797 -0.0144520812
  94.1327515 -0.013932528
  94.1828232 -0.0149716344
  94.2328949 -0.0151015231
  94.2829666 -0.0136727542
  94.3330383 -0.0145819727
  94.38311 -0.0149716344
  94.4331741 -0.0148417456
  94.4832458 -0.0144520821
  94.5333176 -0.0138026411
  94.5833893 -0.0135428654
  94.633461 -0.0130233122
  94.6835327 -0.0127635328
  94.7336044 -0.0125037571
  94.7836685 -0.0132830888
  94.8337402 -0.0132830879
  94.883812 -0.0132830879
  94.9338837 -0.0138026401
  94.9839554 -0.0138026401
  95.0340271 -0.0143221943
  95.0840988 -0.0148417484
  95.1341629 -0.014452083
  95.1842346 -0.0144520793
  95.2343063 -0.0145819681
  95.2843781 -0.0140624158
  95.3344498 -0.0138026373
  95.3845215 -0.0136727495
  95.4345932 -0.0134129757
  95.4846573 -0.0132830879
  95.534729 -0.0131532
  95.5848007 -0.0135428645
  95.6348724 -0.0135428635
  95.6849442 -0.0134129738
  95.7350159 -0.0127635319
  95.7850876 -0.0135428635
  95.8351517 -0.0143221933
  95.8852234 -0.0139325289
  95.9352951 -0.0143221952
  95.9853668 -0.0132830869
  96.0354385 -0.0123738693
  96.0855103 -0.0125037581
  96.1355743 -0.0135428617
  96.1856461 -0.0128934244
  96.2357178 -0.0126336478
  96.2857895 -0.0128934234
  96.3358612 -0.0134129766
  96.3859329 -0.0130233094
  96.4360046 -0.0123738684
  96.4860687 -0.0134129738
  96.5361404 -0.0135428645
  96.5862122 -0.0134129766
  96.6362839 -0.0136727532
  96.6863556 -0.0134129757
  96.7364273 -0.013932527
  96.786499 -0.014452083
  96.8365631 -0.0139325289
  96.8866348 -0.0141923055
  96.9367065 -0.0148417465
  96.9867783 -0.0148417456
  97.03685 -0.0151015185
  97.0869217 -0.0156210708
  97.1369934 -0.0156210726
  97.1870575 -0.0156210735
  97.2371292 -0.0151015203
  97.2872009 -0.0143221924
  97.3372726 -0.0143221915
  97.3873444 -0.0140624158
  97.4374161 -0.0138026411
  97.4874878 -0.0130233113
  97.5375519 -0.0130233122
  97.5876236 -0.0125037581
  97.6376953 -0.0125037599
  97.687767 -0.0121140936
  97.7378387 -0.0123738693
  97.7879105 -0.0119842039
  97.8379822 -0.0127635356
  97.8880463 -0.0130233094
  97.938118 -0.0131532
  97.9881897 -0.0130233122
  98.0382614 -0.0143221924
  98.0883331 -0.0143221933
  98.1384048 -0.0151015213
  98.1884766 -0.0157509632
  98.2385406 -0.0149716344
  98.2886124 -0.01523141
  98.3386841 -0.0157509632
  98.3887558 -0.0154911885
  98.4388275 -0.0156210763
  98.4888992 -0.0161406286
  98.5389709 -0.0164004061
  98.589035 -0.016530294
  98.6391068 -0.0169199593
  98.6891785 -0.0173096228
  98.7392502 -0.0169199556
  98.7893219 -0.0167900715
  98.8393936 -0.0164004043
  98.8894653 -0.0157509651
  98.9395294 -0.0156210763
  98.9896011 -0.0143221915
  99.0396729 -0.0148417447
  99.0897446 -0.0144520802
  99.1398163 -0.0157509632
  99.189888 -0.0161406286
  99.2399597 -0.0169199575
  99.2900238 -0.017829176
  99.3400955 -0.0187383927
  99.3901672 -0.0188682806
  99.440239 -0.0188682806
  99.4903107 -0.0182188395
  99.5403824 -0.0182188395
  99.5904541 -0.0178291779
  99.6405182 -0.0174395125
  99.6905899 -0.0171797369
  99.7406616 -0.0180889498
  99.7907333 -0.0180889517
  99.8408051 -0.0186085049
  99.8908768 -0.0188682806
  99.9409485 -0.0188682806
  99.9910126 -0.0193878338
  100.041084 -0.0187383927
  100.091156 -0.0189981703
  100.141228 -0.0192579459
  100.191299 -0.0180889498
  100.241371 -0.0174395107
  100.291443 -0.0179590601
  100.341507 -0.0182188377
  100.391579 -0.0180889517
  100.44165 -0.0180889517
  100.491722 -0.017959062
  100.541794 -0.017309621
  100.591866 -0.0170498453
  100.64193 -0.0175693966
  100.692001 -0.0167900678
  100.742073 -0.0173096191
  100.792145 -0.0162705164
  100.842216 -0.0161406286
  100.892288 -0.01523141
  100.94236 -0.0165302902
  100.992424 -0.0167900678
  101.042496 -0.0160107389
  101.092567 -0.0154911857
  101.142639 -0.0161406267
  101.192711 -0.0157509614
  101.242783 -0.0158808511
  101.292854 -0.0157509632
  101.342918 -0.0161406267
  101.39299 -0.0158808511
  101.443062 -0.0147118578
  101.493134 -0.0135428645
  101.543205 -0.0128934197
  101.593277 -0.012633645
  101.643349 -0.011854317
  101.693413 -0.0112048769
  101.743484 -0.0104255471
  101.793556 -0.0104255462
  101.843628 -0.00964621641
  101.8937 -0.00925655197
  101.943771 -0.00912666414
  101.993843 -0.00899677631
  102.043907 -0.00847722311
  102.093979 -0.0080875596
  102.144051 -0.00743811764
  102.194122 -0.00639901403
  102.244194 -0.00574957393
  102.294266 -0.00458058016
  102.344337 -0.00458058063
  102.394402 -0.00419091666
  102.444473 -0.00458058203
  102.494545 -0.00406102883
  102.544617 -0.00367136393
  102.594688 -0.00315181143
  102.64476 -0.00328169949
  102.694832 -0.0032816988
  102.744896 -0.00263225869
  102.794968 -0.00276214699
  102.845039 -0.00302192313
  102.895111 -0.00263225869
  102.945183 -0.00237248233
  102.995255 -0.00224259379
  103.045326 -0.00159315276
  103.09539 -0.00107359956
  103.145462 -0.00068393402
  103.195534 -0.000424157246
  103.245605 -0.000683932973
  103.295677 -0.00068393274
  103.345749 -0.000554045255
  103.395821 -0.000813822146
  103.445885 -0.000294269033
  103.495956 -3.44923938E-05
  103.546028 -0.000554045429
  103.5961 -0.000424157508
  103.646172 -0.00146326504
  103.696243 -0.000943710562
  103.746315 -0.00159315288
  103.796379 -0.00133337628
  103.846451 -0.00172304106
  103.896523 -0.00120348821
  103.946594 -0.00172304118
  103.996666 -0.00146326481
  104.046738 -0.00133337663
  104.096809 -0.000813822553
  104.146873 -0.00120348681
  104.196945 -0.001333375
  104.247017 -0.00120348693
  104.297089 -0.000943709747
  104.34716 -0.000943710562
  104.397232 -0.000554043974
  104.447304 -0.00107360003
  104.497368 -0.00198281789
  104.54744 -0.00211270596
  104.597511 -0.00250237016
  104.647583 -0.00315181096
  104.697655 -0.0032816988
  104.747726 -0.0043208045
  104.797791 -0.00432080356
  104.847862 -0.00458058063
  104.897934 -0.00406102836
  104.948006 -0.00406102836
  104.998077 -0.00406102836
  105.048149 -0.00380125176
  105.098221 -0.00367136323
  105.148285 -0.0039311396
