  0.0500638075 -0.0382577516
  0.100127615 -0.0414571539
  0.150191426 -0.0411016643
  0.20025523 -0.0411016643
  0.250319034 -0.0396797061
  0.300382853 -0.0396797135
  0.350446641 -0.0403906927
  0.40051046 -0.0396797061
  0.450574279 -0.0389687307
  0.500638068 -0.0386132374
  0.550701857 -0.0396797061
  0.600765705 -0.0418126509
  0.650829494 -0.0411016718
  0.700893283 -0.0414571688
  0.750957131 -0.0439455956
  0.80102092 -0.0439455882
  0.851084709 -0.0457230397
  0.901148558 -0.0471449979
  0.951212347 -0.0489224494
  1.00127614 -0.0485669523
  1.05133998 -0.0464340113
  1.10140371 -0.0435900949
  1.15146756 -0.042168133
  1.20153141 -0.041101668
  1.25159514 -0.0396797135
  1.30165899 -0.0375467688
  1.35172284 -0.0379022509
  1.40178657 -0.0382577442
  1.45185041 -0.040746171
  1.50191426 -0.0400351956
  1.55197799 -0.0396797173
  1.60204184 -0.0396797135
  1.65210569 -0.0403906927
  1.70216942 -0.0400351956
  1.75223327 -0.0396797061
  1.80229712 -0.0386132374
  1.85236084 -0.0386132412
  1.90242469 -0.0382577479
  1.95248854 -0.0389687233
  2.00255227 -0.0389687307
  2.05261612 -0.0386132374
  2.10267997 -0.0382577516
  2.15274382 -0.041101668
  2.20280743 -0.039324224
  2.25287127 -0.0400352031
  2.30293512 -0.0396797135
  2.35299897 -0.0425236262
  2.40306282 -0.0435900949
  2.45312667 -0.0407461859
  2.50319028 -0.0400352031
  2.55325413 -0.0411016755
  2.60331798 -0.0418126583
  2.65338182 -0.0432346277
  2.70344567 -0.0428791307
  2.75350952 -0.0425236374
  2.80357313 -0.0432346091
  2.85363698 -0.0421681367
  2.90370083 -0.0443010814
  2.95376468 -0.0453675501
  3.00382853 -0.0446565636
  3.05389237 -0.044301074
  3.10395598 -0.0446565598
  3.15401983 -0.0432346016
  3.20408368 -0.0421681367
  3.25414753 -0.0418126434
  3.30421138 -0.0418126434
  3.35427499 -0.0414571576
  3.40433884 -0.0393242165
  3.45440269 -0.0371912755
  3.50446653 -0.0368357897
  3.55453038 -0.0375467688
  3.60459423 -0.0379022621
  3.65465784 -0.0414571688
  3.70472169 -0.0403906889
  3.75478554 -0.0400352068
  3.80484939 -0.041812662
  3.85491323 -0.0432346165
  3.90497708 -0.0428791307
  3.95504069 -0.0418126546
  4.00510454 -0.0418126583
  4.05516863 -0.042879127
  4.10523224 -0.0414571688
  4.15529585 -0.0414571688
  4.20535994 -0.0414571688
  4.25542355 -0.0418126546
  4.30548763 -0.04252363
  4.35555124 -0.0432346091
  4.40561485 -0.0439455919
  4.45567894 -0.04252363
  4.50574255 -0.0414571725
  4.55580664 -0.0411016755
  4.60587025 -0.0403906927
  4.65593433 -0.0400351994
  4.70599794 -0.0379022546
  4.75606155 -0.0382577479
  4.80612564 -0.0386132337
  4.85618925 -0.0375467651
  4.90625334 -0.0382577479
  4.95631695 -0.0403906815
  5.00638056 -0.040746171
  5.05644464 -0.0432346091
  5.10650826 -0.041812636
  5.15657234 -0.041101668
  5.20663595 -0.0418126546
  5.25669956 -0.0425236374
  5.30676365 -0.0414571688
  5.35682726 -0.0407461897
  5.40689135 -0.0389687382
  5.45695496 -0.0382577591
  5.50701904 -0.0364803001
  5.55708265 -0.0368357934
  5.60714626 -0.0386132374
  5.65721035 -0.0382577442
  5.70727396 -0.0371912755
  5.75733805 -0.0371912792
  5.80740166 -0.0386132374
  5.85746527 -0.0389687307
  5.90752935 -0.0393242203
  5.95759296 -0.0400351994
  6.00765705 -0.0407461748
  6.05772066 -0.0414571576
  6.10778475 -0.0403906889
  6.15784836 -0.0414571576
  6.20791197 -0.0425236262
  6.25797606 -0.04252363
  6.30803967 -0.0428791195
  6.35810375 -0.0450120568
  6.40816736 -0.0428791232
  6.45823097 -0.0435900986
  6.50829506 -0.0411016718
  6.55835867 -0.0396797061
  6.60842276 -0.0379022658
  6.65848637 -0.036835786
  6.70854998 -0.0354138315
  6.75861406 -0.0375467688
  6.80867767 -0.0368357897
  6.85874176 -0.0368357897
  6.90880537 -0.0371912792
  6.95886946 -0.0382577479
  7.00893307 -0.0403906889
  7.05899668 -0.04252363
  7.10906076 -0.041101668
  7.15912437 -0.0407461748
  7.20918846 -0.0411016718
  7.25925207 -0.0414571576
  7.30931568 -0.0400352031
  7.35937977 -0.0396797173
  7.40944338 -0.0379022658
  7.45950747 -0.0386132412
  7.50957108 -0.0371912792
  7.55963516 -0.0379022546
  7.60969877 -0.0393242165
  7.65976238 -0.0386132374
  7.70982647 -0.0382577516
  7.75989008 -0.0403906927
  7.80995417 -0.0396797135
  7.86001778 -0.0379022621
  7.91008139 -0.0375467688
  7.96014547 -0.0364803039
  8.01020908 -0.0361248143
  8.06027317 -0.0343473777
  8.11033726 -0.0336363949
  8.16040039 -0.0343473777
  8.21046448 -0.0336363912
  8.26052856 -0.0322144292
  8.3105917 -0.0311479606
  8.36065578 -0.0307924654
  8.41071987 -0.0329254046
  8.460783 -0.0329254046
  8.51084709 -0.0332808867
  8.56091118 -0.0336363763
  8.61097527 -0.0343473554
  8.6610384 -0.0361247957
  8.71110249 -0.0343473554
  8.76116657 -0.0361248106
  8.81122971 -0.0350583456
  8.86129379 -0.0343473628
  8.91135788 -0.0307924729
  8.96142197 -0.0286595374
  9.0114851 -0.0283040423
  9.06154919 -0.0258156136
  9.11161327 -0.0254601222
  9.16167641 -0.0233271886
  9.21174049 -0.0211942531
  9.26180458 -0.0194168091
  9.31186867 -0.0183503423
  9.3619318 -0.0172838736
  9.41199589 -0.0151509391
  9.46205997 -0.0126625169
  9.51212311 -0.00910762418
  9.56218719 -0.00484175142
  9.61225128 -0.00199783687
  9.66231441  0.00049058994
  9.7123785  0.00546744186
  9.76244259  0.0118662436
  9.81250668  0.0182650462
  9.86256981  0.0239528716
  9.9126339  0.0321291164
  9.96269798  0.0420828089
  10.0127611  0.0470596515
  10.0628252  0.0577243604
  10.1128893  0.0708774775
  10.1629534  0.0833196267
  10.2130165  0.0950507671
  10.2630806  0.110336766
  10.3131447  0.12455631
  10.3632078  0.143752724
  10.4132719  0.158327788
  10.463336  0.181790188
  10.5133991  0.200275615
  10.5634632  0.223737925
  10.6135273  0.246489331
  10.6635914  0.273151159
  10.7136545  0.299812764
  10.7637186  0.32860741
  10.8137827  0.358824015
  10.8638458  0.393306553
  10.9139099  0.426722497
  10.963974  0.461205065
  11.0140381  0.497465134
  11.0641012  0.534080386
  11.1141653  0.573184013
  11.1642294  0.612998605
  11.2142925  0.652102172
  11.2643566  0.691561401
  11.3144207  0.732798159
  11.3644838  0.774034739
  11.4145479  0.818826258
  11.464612  0.860418499
  11.5146761  0.90236634
  11.5647392  0.945025027
  11.6148033  0.988750339
  11.6648674  1.03212035
  11.7149305  1.0726465
  11.7649946  1.11637211
  11.8150587  1.15689826
  11.8651228  1.19529116
  11.9151859  1.23332858
  11.96525  1.27065492
  12.0153141  1.30727029
  12.0653772  1.34317482
  12.1154413  1.37730145
  12.1655054  1.40893972
  12.2155695  1.44057858
  12.2656326  1.46617389
  12.3156967  1.49141324
  12.3657608  1.51629782
  12.4158239  1.53798258
  12.465888  1.5586009
  12.5159521  1.57673097
  12.5660152  1.59592736
  12.6160793  1.61156893
  12.6661434  1.62223375
  12.7162075  1.63609743
  12.7662706  1.64214063
  12.8163347  1.65031707
  12.8663988  1.6542275
  12.9164619  1.65422738
  12.966526  1.65316093
  13.0165901  1.64960623
  13.0666542  1.64285195
  13.1167173  1.6375196
  13.1667814  1.62898755
  13.2168455  1.6204555
  13.2669086  1.60801363
  13.3169727  1.59521604
  13.3670368  1.58135223
  13.4171  1.56606627
  13.467164  1.54651415
  13.5172281  1.53265011
  13.5672922  1.51309824
  13.6173553  1.49461234
  13.6674194  1.47541618
  13.7174835  1.45337582
  13.7675467  1.43382382
  13.8176107  1.41498291
  13.8676748  1.39472032
  13.9177389  1.38085604
  13.967802  1.36165977
  14.0178661  1.3460182
  14.0679302  1.33464277
  14.1179934  1.32397819
  14.1680574  1.31473541
  14.2181215  1.30975842
  14.2681856  1.30584812
  14.3182487  1.3051374
  14.3683128  1.30691457
  14.4183769  1.3126024
  14.4684401  1.3232671
  14.5185041  1.33393145
  14.5685682  1.35348344
  14.6186314  1.37196898
  14.6686954  1.40040803
  14.7187595  1.4299134
  14.7688236  1.46475136
  14.8188868  1.50492156
  14.8689508  1.54651415
  14.9190149  1.59592712
  14.9690781  1.65173948
  15.0191422  1.70897305
  15.0692062  1.77438295
  15.1192703  1.84263659
  15.1693335  1.9165777
  15.2193975  1.99300826
  15.2694616  2.07334924
  15.3195248  2.1544013
  15.3695889  2.2397182
  15.4196529  2.3229022
  15.4697161  2.41710639
  15.5197802  2.50526857
  15.5698442  2.5980525
  15.6199083  2.69190145
  15.6699715  2.78717232
  15.7200356  2.88706446
  15.7700996  2.98944497
  15.8201628  3.09111524
  15.8702269  3.19669652
  15.9202909  3.30120826
  15.970355  3.40394497
  16.0204182  3.50632811
  16.0704823  3.60728765
  16.1205463  3.70113611
  16.1706104  3.79676294
  16.2206745  3.8856349
  16.2707367  3.97166252
  16.3208008  4.05484629
  16.3708649  4.13412142
  16.420929  4.21019506
  16.470993  4.28200436
  16.5210571  4.34776878
  16.5711212  4.4114027
  16.6211834  4.46543741
  16.6712475  4.51556158
  16.7213116  4.55786467
  16.7713757  4.59412527
  16.8214397  4.62434292
  16.8715038  4.64460516
  16.921566  4.65846872
  16.9716301  4.66735649
  17.0216942  4.66913366
  17.0717583  4.66380167
  17.1218224  4.65171576
  17.1718864  4.63216257
  17.2219505  4.60834503
  17.2720127  4.57492876
  17.3220768  4.53760099
  17.3721409  4.49174309
  17.422205  4.43913078
  17.4722691  4.38012028
  17.5223331  4.31399775
  17.5723972  4.23934603
  17.6224594  4.15580511
  17.6725235  4.06728983
  17.7225876  3.97628379
  17.7726517  3.87603569
  17.8227158  3.77614474
  17.8727798  3.66843152
  17.9228439  3.5600071
  17.9729061  3.44269347
  18.0229702  3.3260932
  18.0730343  3.20522642
  18.1230984  3.08293867
  18.1731625  2.95887375
  18.2232265  2.83338594
  18.2732906  2.70718694
  18.3233528  2.58134413
  18.3734169  2.45976567
  18.423481  2.33854413
  18.4735451  2.21767807
  18.5236092  2.09610081
  18.5736732  1.97772288
  18.6237373  1.86112142
  18.6737995  1.74523282
  18.7238636  1.63147581
  18.7739277  1.51949656
  18.8239918  1.4132055
  18.8740559  1.30975878
  18.9241199  1.20844436
  18.9741821  1.11566079
  19.0242462  1.02607667
  19.0743103  0.945735931
  19.1243744  0.868239582
  19.1744385  0.8017627
  19.2245026  0.73457551
  19.2745667  0.675209045
  19.3246288  0.619397342
  19.3746929  0.569984674
  19.424757  0.526970565
  19.4748211  0.491777301
  19.5248852  0.458716601
  19.5749493  0.430988342
  19.6250134  0.411080837
  19.6750755  0.395439357
  19.7251396  0.383708268
  19.7752037  0.378375977
  19.8252678  0.376242965
  19.8753319  0.381219834
  19.925396  0.391529024
  19.9754601  0.40290466
  20.0255222  0.42210108
  20.0755863  0.441653103
  20.1256504  0.46547094
  20.1757145  0.491777211
  20.2257786  0.519860804
  20.2758427  0.551499248
  20.3259068  0.582426727
  20.3759689  0.616198003
  20.426033  0.651035726
  20.4760971  0.68800658
  20.5261612  0.725688279
  20.5762253  0.765503049
  20.6262894  0.806028783
  20.6763535  0.844066024
  20.7264156  0.885302901
  20.7764797  0.923695743
  20.8265438  0.963866055
  20.8766079  0.99941504
  20.926672  1.03247571
  20.9767361  1.06802487
  21.0267982  1.10108614
  21.0768623  1.12774813
  21.1269264  1.15689838
  21.1769905  1.1778723
  21.2270546  1.19529128
  21.2771187  1.21342123
  21.3271828  1.22550774
  21.3772449  1.23510587
  21.427309  1.23794973
  21.4773731  1.23937201
  21.5274372  1.23723888
  21.5775013  1.23190665
  21.6275654  1.22088683
  21.6776295  1.2059561
  21.7276917  1.18675971
  21.7777557  1.16827416
  21.8278198  1.14196765
  21.8778839  1.11601663
  21.927948  1.08402193
  21.9780121  1.05380499
  22.0280762  1.01790011
  22.0781384  0.979151905
  22.1282024  0.938981771
  22.1782665  0.897745192
  22.2283306  0.856863797
  22.2783947  0.811005652
  22.3284588  0.7708354
  22.3785229  0.725332856
  22.4285851  0.679119408
  22.4786491  0.635394335
  22.5287132  0.58811456
  22.5787773  0.544034123
  22.6288414  0.499242634
  22.6789055  0.450540513
  22.7289677  0.405748606
  22.7790318  0.36131236
  22.8290958  0.318298221
  22.8791599  0.275639474
  22.929224  0.234046996
  22.9792881  0.194943234
  23.0293522  0.157972261
  23.0794144  0.121712424
  23.1294785  0.0897184163
  23.1795425  0.0573688485
  23.2296066  0.026441291
  23.2796707  0.000846075709
  23.3297348 -0.0236826837
  23.3797989 -0.0485669561
  23.4298611 -0.0656304508
  23.4799252 -0.0880262554
  23.5299892 -0.104378782
  23.5800533 -0.119309366
  23.6301174 -0.134239897
  23.6801815 -0.145615518
  23.7302456 -0.158413127
  23.7803078 -0.164811924
  23.8303719 -0.169433266
  23.8804359 -0.172988147
  23.9305 -0.172632679
  23.9805641 -0.171566218
  24.0306282 -0.168011338
  24.0806923 -0.164456442
  24.1307545 -0.156635717
  24.1808186 -0.15023689
  24.2308826 -0.141705155
  24.2809467 -0.132462442
  24.3310108 -0.118598379
  24.3810749 -0.107578218
  24.431139 -0.0962025076
  24.4812012 -0.0851823464
  24.5312653 -0.0706073046
  24.5813293 -0.0574541986
  24.6313934 -0.044301074
  24.6814575 -0.0286595412
  24.7315216 -0.0140844751
  24.7815838  0.00191254774
  24.8316479  0.0150656486
  24.881712  0.0299961828
  24.931776  0.0442157276
  24.9818401  0.0573688596
  25.0319042  0.0698109865
  25.0819683  0.0826086476
  25.1320305  0.0939842984
  25.1820946  0.103227004
  25.2321587  0.11246971
  25.2822227  0.122423373
  25.3322868  0.132377028
  25.3823509  0.138420343
  25.432415  0.145885602
  25.4824772  0.152639851
  25.5325413  0.157261238
  25.5826054  0.158683196
  25.6326694  0.16117166
  25.6827335  0.16117166
  25.7327976  0.159749717
  25.7828617  0.156905785
  25.8329239  0.154772848
  25.882988  0.151928902
  25.9330521  0.145885631
  25.9831161  0.140908733
  26.0331802  0.136287406
  26.0832443  0.128466651
  26.1333084  0.122423358
  26.1833706  0.114247143
  26.2334347  0.105715416
  26.2834988  0.0978946835
  26.3335629  0.0872300044
  26.3836269  0.0779872984
  26.433691  0.0655451417
  26.4837551  0.0548804328
  26.5338173  0.0452822112
  26.5838814  0.0346175395
  26.6339455  0.0253748316
  26.6840096  0.0157766249
  26.7340736  0.00866684224
  26.7841377 -0.00199783617
  26.8341999 -0.00875213463
  26.884264 -0.0190613251
  26.9343281 -0.0240381695
  26.9843922 -0.0343473703
  27.0344563 -0.0414571688
  27.0845203 -0.0471450053
  27.1345844 -0.052477356
  27.1846466 -0.0570987128
  27.2347107 -0.0634975284
  27.2847748 -0.0666969195
  27.3348389 -0.0681188703
  27.384903 -0.0720292479
  27.434967 -0.0745176896
  27.4850311 -0.0752286687
  27.5350933 -0.0780725628
  27.5851574 -0.0773615912
  27.6352215 -0.07629513
  27.6852856 -0.0762951449
  27.7353497 -0.0755841583
  27.7854137 -0.0730957463
  27.8354778 -0.0709628165
  27.88554 -0.0688298717
  27.9356041 -0.0656304657
  27.9856682 -0.0624310523
  28.0357323 -0.0585206598
  28.0857964 -0.0535438024
  28.1358604 -0.0467894897
  28.1859245 -0.0421681255
  28.2359867 -0.0382577367
  28.2860508 -0.0343473628
  28.3361149 -0.0268820859
  28.386179 -0.0219052341
  28.4362431 -0.0190613233
  28.4863071 -0.0115960492
  28.5363712 -0.0076856669
  28.5864334 -0.00484175142
  28.6364975 -0.000220388669
  28.6865616  0.00368999364
  28.7366257  0.00724488683
  28.7866898  0.0104442881
  28.8367538  0.013288199
  28.886816  0.0154211344
  28.9368801  0.0186205376
  28.9869442  0.0214644521
  29.0370083  0.0246638525
  29.0870724  0.0246638525
  29.1371365  0.0278632548
  29.1872005  0.0285742283
  29.2372627  0.0289297197
  29.2873268  0.0307071619
  29.3373909  0.0310626533
  29.387455  0.0303516742
  29.4375191  0.0292852055
  29.4875832  0.0299961828
  29.5376472  0.0303516742
  29.5877094  0.0264412947
  29.6377735  0.0232418925
  29.6878376  0.0232418925
  29.7379017  0.020753473
  29.7879658  0.0200424977
  29.8380299  0.0161321182
  29.8880939  0.0136436922
  29.9381561  0.00937782321
  29.9882202  0.00617841864
  30.0382843  0.0036899948
  30.0883484  0.00226803706
  30.1384125  0.00049058994
  30.1884766 -0.00377528369
  30.2385406 -0.0076856669
  30.2886028 -0.0108850719
  30.3386669 -0.0140844714
  30.388731 -0.0172838755
  30.4387951 -0.0219052304
  30.4888592 -0.0240381733
  30.5389233 -0.0258156266
  30.5889854 -0.0297260098
  30.6390495 -0.0336363912
  30.6891136 -0.0354138352
  30.7391777 -0.0357693322
  30.7892418 -0.0396797173
  30.8393059 -0.0439455882
  30.88937 -0.0446565747
  30.9394321 -0.0450120643
  30.9894962 -0.0478559844
  31.0395603 -0.0464340299
  31.0896244 -0.0475004986
  31.1396885 -0.0482114814
  31.1897526 -0.047855977
  31.2398167 -0.0482114665
  31.2898788 -0.046789512
  31.3399429 -0.0471450016
  31.390007 -0.0489224568
  31.4400711 -0.0506999046
  31.4901352 -0.0489224494
  31.5401993 -0.04750048
  31.5902634 -0.0460785292
  31.6403255 -0.0457230397
  31.6903896 -0.0432346016
  31.7404537 -0.0428791046
  31.7905178 -0.0421681255
  31.8405819 -0.0379022509
  31.890646 -0.0361248069
  31.9407101 -0.03363638
  31.9907722 -0.0325699188
  32.0408363 -0.0300814901
  32.0909004 -0.0279485527
  32.1409645 -0.0272375755
  32.1910286 -0.0265265964
  32.2410927 -0.0261711068
  32.2911568 -0.0251046438
  32.3412209 -0.0247491524
  32.3912849 -0.0243936665
  32.441349 -0.0236826837
  32.4914093 -0.0226162113
  32.5414734 -0.0215497427
  32.5915375 -0.0190613158
  32.6416016 -0.0176393632
  32.6916656 -0.0165728945
  32.7417297 -0.0144399609
  32.7917938 -0.0137289828
  32.8418579 -0.0137289856
  32.891922 -0.0140844742
  32.9419861 -0.0130180055
  32.9920502 -0.0144399609
  33.0421143 -0.0165728964
  33.0921783 -0.0165728964
  33.1422424 -0.0179948565
  33.1923027 -0.0194168109
  33.2423668 -0.0201277938
  33.2924309 -0.0201277919
  33.342495 -0.0215497464
  33.3925591 -0.0211942531
  33.4426231 -0.0233271904
  33.4926872 -0.0251046382
  33.5427513 -0.0265265964
  33.5928154 -0.0251046382
  33.6428795 -0.0283040442
  33.6929436 -0.0297260042
  33.7430077 -0.0300814919
  33.7930717 -0.0307924654
  33.843132 -0.0311479475
  33.8931961 -0.0332808867
  33.9432602 -0.0339918733
  33.9933243 -0.0339918733
  34.0433884 -0.0347028486
  34.0934525 -0.0371912755
  34.1435165 -0.0357693173
  34.1935806 -0.037191283
  34.2436447 -0.0382577516
  34.2937088 -0.0364803039
  34.3437729 -0.0389687344
  34.393837 -0.0382577516
  34.4439011 -0.0393242203
  34.4939651 -0.0393242128
  34.5440254 -0.0403906852
  34.5940895 -0.0393242165
  34.6441536 -0.0379022546
  34.6942177 -0.0371912792
  34.7442818 -0.0361248143
  34.7943459 -0.0379022658
  34.8444099 -0.0386132412
  34.894474 -0.036124818
  34.9445381 -0.0379022658
  34.9946022 -0.0361248218
  35.0446663 -0.0375467688
  35.0947304 -0.0379022546
  35.1447945 -0.0364803039
  35.1948586 -0.0357693173
  35.2449188 -0.0354138315
  35.2949829 -0.0354138352
  35.345047 -0.0364803039
  35.3951111 -0.0343473665
  35.4451752 -0.0336363837
  35.4952393 -0.0325699151
  35.5453033 -0.0347028598
  35.5953674 -0.0347028635
  35.6454315 -0.0336363949
  35.6954956 -0.0325699225
  35.7455597 -0.0311479606
  35.7956238 -0.030792471
  35.8456879 -0.0311479568
  35.8957481 -0.0307924673
  35.9458122 -0.0311479568
  35.9958763 -0.0300814882
  36.0459404 -0.0290150139
  36.0960045 -0.0261711031
  36.1460686 -0.0268820822
  36.1961327 -0.0268820766
  36.2461967 -0.0261711031
  36.2962608 -0.0251046345
  36.3463249 -0.0247491486
  36.396389 -0.0251046401
  36.4464531 -0.0243936572
  36.4965172 -0.0254601259
  36.5465813 -0.0247491486
  36.5966415 -0.0240381714
  36.6467056 -0.0243936628
  36.6967697 -0.0226162113
  36.7468338 -0.0222607292
  36.7968979 -0.0236826837
  36.846962 -0.0243936572
  36.8970261 -0.0261711031
  36.9470901 -0.0254601315
  36.9971542 -0.0240381714
  37.0472183 -0.0233271886
  37.0972824 -0.0233271923
  37.1473465 -0.0247491486
  37.1974106 -0.0251046345
  37.2474747 -0.0254601203
  37.2975349 -0.0251046345
  37.347599 -0.0258156136
  37.3976631 -0.0254601259
  37.4477272 -0.0286595318
  37.4977913 -0.0311479568
  37.5478554 -0.0322144255
  37.5979195 -0.0329254046
  37.6479836 -0.0325699151
  37.6980476 -0.0347028486
  37.7481117 -0.0343473591
  37.7981758 -0.0318589285
  37.8482399 -0.0322144181
  37.898304 -0.0329253934
  37.9483643 -0.0322144255
  37.9984283 -0.0325699151
  38.0484924 -0.0347028486
  38.0985565 -0.0357693247
  38.1486206 -0.0389687382
  38.1986847 -0.0407461897
  38.2487488 -0.0411016718
  38.2988129 -0.0407461822
  38.348877 -0.0435900949
  38.398941 -0.0428791195
  38.4490051 -0.0443010852
  38.4990692 -0.0414571688
  38.5491333 -0.0403906927
  38.5991974 -0.0400351994
  38.6492577 -0.0400351994
  38.6993217 -0.0411016718
  38.7493858 -0.0400352031
  38.7994499 -0.0382577516
  38.849514 -0.0382577516
  38.8995781 -0.0371912755
  38.9496422 -0.0371912755
  38.9997063 -0.0371912755
  39.0497704 -0.036835786
  39.0998344 -0.0375467651
  39.1498985 -0.0375467688
  39.1999626 -0.039324224
  39.2500267 -0.0400352031
  39.3000908 -0.0386132486
  39.3501511 -0.0389687382
  39.4002151 -0.0368358009
  39.4502792 -0.0357693322
  39.5003433 -0.034347374
  39.5504074 -0.0350583494
  39.6004715 -0.0336363837
  39.6505356 -0.0336363837
  39.7005997 -0.0339918658
  39.7506638 -0.0332808867
  39.8007278 -0.0315034352
  39.8507919 -0.030436974
  39.900856 -0.0304369796
  39.9509201 -0.0329254046
  40.0009804 -0.0339918658
  40.0510445 -0.0350583382
  40.1011086 -0.0357693247
  40.1511726 -0.0339918807
  40.2012367 -0.0332808979
  40.2513008 -0.0329253972
  40.3013649 -0.0343473628
  40.351429 -0.0339918733
  40.4014931 -0.0347028598
  40.4515572 -0.0332809016
  40.5016212 -0.0311479587
  40.5516853 -0.0307924654
  40.6017494 -0.0307924654
  40.6518135 -0.0279485527
  40.7018738 -0.0283040386
  40.7519379 -0.027948549
  40.802002 -0.0290150139
  40.852066 -0.0290150233
  40.9021301 -0.0311479606
  40.9521942 -0.0325699225
  41.0022583 -0.031858936
  41.0523224 -0.0329254046
  41.1023865 -0.033991877
  41.1524506 -0.0361248143
  41.2025146 -0.036835786
  41.2525787 -0.0361248106
  41.3026428 -0.0361248106
  41.3527069 -0.036835786
  41.4027672 -0.0371912792
  41.4528313 -0.036835786
  41.5028954 -0.0371912755
  41.5529594 -0.0350583382
  41.6030235 -0.0375467688
  41.6530876 -0.036835786
  41.7031517 -0.0379022621
  41.7532158 -0.0396797135
  41.8032799 -0.0403906889
  41.853344 -0.0414571501
  41.9034081 -0.0389687233
  41.9534721 -0.0379022546
  42.0035362 -0.0375467576
  42.0535965 -0.0357693173
  42.1036606 -0.0364802927
  42.1537247 -0.0354138277
  42.2037888 -0.0354138315
  42.2538528 -0.0343473628
  42.3039169 -0.0361248069
  42.353981 -0.0375467651
  42.4040451 -0.0361248106
  42.4541092 -0.035413824
  42.5041733 -0.0368357822
  42.5542374 -0.0375467688
  42.6043015 -0.0371912792
  42.6543655 -0.0389687344
  42.7044296 -0.039324224
  42.7544899 -0.0379022658
  42.804554 -0.0368357934
  42.8546181 -0.0364803039
  42.9046822 -0.0368357934
  42.9547462 -0.0379022621
  43.0048103 -0.0379022621
  43.0548744 -0.036835786
  43.1049385 -0.036835786
  43.1550026 -0.033991877
  43.2050667 -0.0325699225
  43.2551308 -0.0322144404
  43.3051949 -0.0304369833
  43.3552589 -0.0304369833
  43.4053192 -0.0315034539
  43.4553833 -0.0300814882
  43.5054474 -0.0329254046
  43.5555115 -0.0325699151
  43.6055756 -0.0304369777
  43.6556396 -0.0311479587
  43.7057037 -0.0325699113
  43.7557678 -0.0343473665
  43.8058319 -0.0336363837
  43.855896 -0.0332808904
  43.9059601 -0.0347028524
  43.9560242 -0.0354138352
  44.0060883 -0.0347028598
  44.0561523 -0.0357693247
  44.1062126 -0.0354138315
  44.1562767 -0.037191283
  44.2063408 -0.037191283
  44.2564049 -0.0357693322
  44.306469 -0.0361248292
  44.3565331 -0.03754678
  44.4065971 -0.0379022658
  44.4566612 -0.0379022658
  44.5067253 -0.0386132486
  44.5567894 -0.0382577591
  44.6068535 -0.0382577516
  44.6569176 -0.0350583456
  44.7069817 -0.0354138352
  44.7570457 -0.0361248143
  44.807106 -0.0332808942
  44.8571701 -0.0329254083
  44.9072342 -0.0332808942
  44.9572983 -0.0339918733
  45.0073624 -0.0332808942
  45.0574265 -0.0315034464
  45.1074905 -0.031858936
  45.1575546 -0.0332808904
  45.2076187 -0.0357693247
  45.2576828 -0.0339918658
  45.3077469 -0.0339918621
  45.357811 -0.0347028486
  45.4078751 -0.0371912681
  45.4579353 -0.0368357822
  45.5079994 -0.0371912792
  45.5580635 -0.0393242203
  45.6081276 -0.0396797173
  45.6581917 -0.0400352031
  45.7082558 -0.0389687307
  45.7583199 -0.0386132374
  45.8083839 -0.0396797135
  45.858448 -0.0403906927
  45.9085121 -0.0403906927
  45.9585762 -0.0400352068
  46.0086403 -0.0393242128
  46.0587044 -0.0407461673
  46.1087685 -0.0407461748
  46.1588287 -0.0414571576
  46.2088928 -0.0421681404
  46.2589569 -0.0421681367
  46.309021 -0.0407461822
  46.3590851 -0.0400352068
  46.4091492 -0.0407461822
  46.4592133 -0.0386132374
  46.5092773 -0.0389687344
  46.5593414 -0.0386132412
  46.6094055 -0.0403906889
  46.6594696 -0.039324224
  46.7095337 -0.0400352031
  46.7595978 -0.0396797061
  46.8096619 -0.0389687307
  46.8597221 -0.0386132486
  46.9097862 -0.0382577553
  46.9598503 -0.0389687382
  47.0099144 -0.03754678
  47.0599785 -0.0379022658
  47.1100426 -0.0354138277
  47.1601067 -0.0332808942
  47.2101707 -0.03363638
  47.2602348 -0.031858936
  47.3102989 -0.030436974
  47.360363 -0.0307924654
  47.4104271 -0.0300814845
  47.4604912 -0.031858936
  47.5105515 -0.0307924654
  47.5606155 -0.031858936
  47.6106796 -0.0318589397
  47.6607437 -0.030792471
  47.7108078 -0.029370511
  47.7608719 -0.0275930688
  47.810936 -0.0268820859
  47.8610001 -0.0268820859
  47.9110641 -0.0275930632
  47.9611282 -0.0258156173
  48.0111923 -0.0272375736
  48.0612564 -0.0261711031
  48.1113205 -0.0286595318
  48.1613846 -0.0300814882
  48.2114449 -0.0297260024
  48.2615089 -0.0297260024
  48.311573 -0.0300814901
  48.3616371 -0.0304369815
  48.4117012 -0.0304369815
  48.4617653 -0.0297260024
  48.5118294 -0.0283040423
  48.5618935 -0.0268820915
  48.6119576 -0.029370511
  48.6620216 -0.0297259968
  48.7120857 -0.0297259968
  48.7621498 -0.0304369796
  48.8122139 -0.0322144255
  48.862278 -0.0325699113
  48.9123383 -0.0332808942
  48.9624023 -0.0297260042
  49.0124664 -0.0315034501
  49.0625305 -0.0307924654
  49.1125946 -0.029370511
  49.1626587 -0.0279485509
  49.2127228 -0.0265265908
  49.2627869 -0.0251046345
  49.312851 -0.0240381639
  49.362915 -0.0247491449
  49.4129791 -0.0268820766
  49.4630432 -0.0283040367
  49.5131073 -0.0290150195
  49.5631676 -0.0300814901
  49.6132317 -0.0315034539
  49.6632957 -0.0318589509
  49.7133598 -0.0329254121
  49.7634239 -0.0347028598
  49.813488 -0.0329254083
  49.8635521 -0.0336363874
  49.9136162 -0.0329254046
  49.9636803 -0.0329254083
  50.0137444 -0.0329254083
  50.0638084 -0.0336363912
  50.1138725 -0.0343473665
  50.1639366 -0.033991877
  50.2140007 -0.0332808942
  50.264061 -0.0354138315
  50.3141251 -0.037191283
  50.3641891 -0.0357693247
  50.4142532 -0.0347028561
  50.4643173 -0.0336363837
  50.5143814 -0.0339918733
  50.5644455 -0.0336363874
  50.6145096 -0.0350583419
  50.6645737 -0.0343473554
  50.7146378 -0.035413824
  50.7647018 -0.0357693173
  50.8147659 -0.0357693247
  50.86483 -0.0364803001
  50.9148941 -0.0389687344
  50.9649544 -0.0361248106
  51.0150185 -0.0332808942
  51.0650826 -0.0329254046
  51.1151466 -0.0318589397
  51.1652107 -0.0304369796
  51.2152748 -0.0307924654
  51.2653389 -0.030436974
  51.315403 -0.0286595244
  51.3654671 -0.0290150139
  51.4155312 -0.0297259968
  51.4655952 -0.0311479568
  51.5156593 -0.0343473628
  51.5657234 -0.0343473628
  51.6157837 -0.0329254121
  51.6658478 -0.030792471
  51.7159119 -0.030436974
  51.765976 -0.0283040423
  51.81604 -0.0272375681
  51.8661041 -0.0261710994
  51.9161682 -0.0265265889
  51.9662323 -0.0258156136
  52.0162964 -0.0247491505
  52.0663605 -0.0254601315
  52.1164246 -0.0261711031
  52.1664886 -0.0268820915
  52.2165527 -0.0254601352
  52.2666168 -0.0272375774
  52.3166771 -0.0275930688
  52.3667412 -0.0275930725
  52.4168053 -0.0275930688
  52.4668694 -0.0290150233
  52.5169334 -0.0297259968
  52.5669975 -0.028304046
  52.6170616 -0.0279485546
  52.6671257 -0.030792471
  52.7171898 -0.0304369833
  52.7672539 -0.0297260024
  52.817318 -0.0300814919
  52.867382 -0.0304369796
  52.9174461 -0.030792471
  52.9675102 -0.0311479606
  53.0175705 -0.0315034464
  53.0676346 -0.0322144218
  53.1176987 -0.0311479568
  53.1677628 -0.0332808904
  53.2178268 -0.031858936
  53.2678909 -0.0318589248
  53.317955 -0.0325699113
  53.3680191 -0.0332808904
  53.4180832 -0.0325699113
  53.4681473 -0.0325699188
  53.5182114 -0.0329254158
  53.5682755 -0.0364803113
  53.6183395 -0.0357693322
  53.6683998 -0.0354138426
  53.7184639 -0.0354138352
  53.768528 -0.036480315
  53.8185921 -0.0386132561
  53.8686562 -0.0386132561
  53.9187202 -0.0382577665
  53.9687843 -0.0371912904
  54.0188484 -0.0357693322
  54.0689125 -0.0357693285
  54.1189766 -0.036124818
  54.1690407 -0.0371912867
  54.2191048 -0.0371912904
  54.2691689 -0.0357693247
  54.3192329 -0.0364803039
  54.3692932 -0.0379022621
  54.4193573 -0.0400351956
  54.4694214 -0.0393242203
  54.5194855 -0.0418126509
  54.5695496 -0.0432346128
  54.6196136 -0.0439455919
  54.6696777 -0.0453675501
  54.7197418 -0.0443010777
  54.7698059 -0.0439455882
  54.81987 -0.0450120643
  54.8699341 -0.0453675576
  54.9199982 -0.0453675613
  54.9700623 -0.0467895232
  55.0201263 -0.0457230508
  55.0701866 -0.0467895195
  55.1202507 -0.0475004874
  55.1703148 -0.0496334247
  55.2203789 -0.0506999008
  55.270443 -0.0489224568
  55.320507 -0.0489224494
  55.3705711 -0.0499889217
  55.4206352 -0.0485669561
  55.4706993 -0.0499889143
  55.5207634 -0.0514108688
  55.5708275 -0.0521218516
  55.6208916 -0.0492779315
  55.6709557 -0.049988918
  55.7210159 -0.0492779426
  55.77108 -0.0485669635
  55.8211441 -0.0492779352
  55.8712082 -0.049988918
  55.9212723 -0.0496334247
  55.9713364 -0.0503444076
  56.0214005 -0.0492779277
  56.0714645 -0.0514108688
  56.1215286 -0.0517663658
  56.1715927 -0.0517663546
  56.2216568 -0.0514108688
  56.2717209 -0.0496334173
  56.321785 -0.0485669523
  56.3718491 -0.0503444001
  56.4219093 -0.0499889068
  56.4719734 -0.0503443889
  56.5220375 -0.0499889068
  56.5721016 -0.0492779315
  56.6221657 -0.0489224494
  56.6722298 -0.0499889255
  56.7222939 -0.0478559881
  56.7723579 -0.046789512
  56.822422 -0.0457230397
  56.8724861 -0.0428791121
  56.9225502 -0.0396797135
  56.9726143 -0.0375467725
  57.0226784 -0.0382577479
  57.0727425 -0.0379022621
  57.1228027 -0.0386132374
  57.1728668 -0.0379022658
  57.2229309 -0.0382577553
  57.272995 -0.0382577516
  57.3230591 -0.0379022658
  57.3731232 -0.0375467725
  57.4231873 -0.0375467688
  57.4732513 -0.0382577479
  57.5233154 -0.0368357934
  57.5733795 -0.03363638
  57.6234436 -0.0307924654
  57.6735077 -0.0322144218
  57.7235718 -0.0315034427
  57.773632 -0.0300814863
  57.8236961 -0.0297259968
  57.8737602 -0.0300814919
  57.9238243 -0.0300814863
  57.9738884 -0.0300814901
  58.0239525 -0.0300814882
  58.0740166 -0.0304369796
  58.1240807 -0.0300814975
  58.1741447 -0.0318589397
  58.2242088 -0.0332808979
  58.2742729 -0.0350583494
  58.324337 -0.0357693136
  58.3744011 -0.0361248069
  58.4244652 -0.03861323
  58.4745255 -0.0393242165
  58.5245895 -0.0400352068
  58.5746536 -0.0407461897
  58.6247177 -0.0407461859
  58.6747818 -0.0389687307
  58.7248459 -0.0393242203
  58.77491 -0.0368357934
  58.8249741 -0.0350583419
  58.8750381 -0.0343473703
  58.9251022 -0.0364803001
  58.9751663 -0.0361248069
  59.0252304 -0.0382577479
  59.0752945 -0.0414571539
  59.1253586 -0.041101668
  59.1754189 -0.0425236262
  59.2254829 -0.0428791195
  59.275547 -0.0439455919
  59.3256111 -0.0464340113
  59.3756752 -0.0457230322
  59.4257393 -0.0460785218
  59.4758034 -0.0467895009
  59.5258675 -0.0485669449
  59.5759315 -0.0482114628
  59.6259956 -0.0464340188
  59.6760597 -0.0467895195
  59.7261238 -0.0482114814
  59.7761879 -0.0482114814
  59.8262482 -0.0506999083
  59.8763123 -0.0535438135
  59.9263763 -0.052832827
  59.9764404 -0.0521218553
  60.0265045 -0.0521218479
  60.0765686 -0.049633421
  60.1266327 -0.0503443964
  60.1766968 -0.0492779277
  60.2267609 -0.0499889143
  60.276825 -0.0475004837
  60.326889 -0.0460785255
  60.3769531 -0.0460785292
  60.4270172 -0.0471449941
  60.4770813 -0.0478559695
  60.5271416 -0.0475004837
  60.5772057 -0.0453675464
  60.6272697 -0.0475004837
  60.6773338 -0.046434015
  60.7273979 -0.0439455919
  60.777462 -0.0428791232
  60.8275261 -0.0407461822
  60.8775902 -0.0382577516
  60.9276543 -0.0393242165
  60.9777184 -0.0382577479
  61.0277824 -0.0347028486
  61.0778465 -0.0339918733
  61.1279106 -0.0357693285
  61.1779709 -0.0347028561
  61.228035 -0.0339918844
  61.2780991 -0.0336363912
  61.3281631 -0.0322144292
  61.3782272 -0.030792471
  61.4282913 -0.0279485546
  61.4783554 -0.0261711031
  61.5284195 -0.0272375774
  61.5784836 -0.0265265945
  61.6285477 -0.0265266001
  61.6786118 -0.0254601315
  61.7286758 -0.0240381751
  61.7787399 -0.0215497427
  61.828804 -0.0201277863
  61.8788643 -0.0176393632
  61.9289284 -0.0158619191
  61.9789925 -0.0144399609
  62.0290565 -0.0151509373
  62.0791206 -0.00981860328
  62.1291847 -0.0119515378
  62.1792488 -0.0105295824
  62.2293129 -0.00946311466
  62.279377 -0.00804115552
  62.3294411 -0.00733017735
  62.3795052 -0.00697468873
  62.4295692 -0.00555273099
  62.4796333 -0.00306430506
  62.5296974 -0.00341979438
  62.5797577 -0.00270881527
  62.6298218 -0.00341979461
  62.6798859 -0.00270881527
  62.72995 -0.00413077278
  62.780014 -0.00519724051
  62.8300781 -0.00484175142
  62.8801422 -0.00377528369
  62.9302063 -0.00413077278
  62.9802704 -0.00519724097
  63.0303345 -0.00519724097
  63.0803986 -0.00626370916
  63.1304626 -0.00733017828
  63.1805267 -0.0069746892
  63.230587 -0.00910762604
  63.2806511 -0.00910762511
  63.3307152 -0.0076856669
  63.3807793 -0.00981860328
  63.4308434 -0.00981860328
  63.4809074 -0.00981860328
  63.5309715 -0.00981860328
  63.5810356 -0.0105295796
  63.6310997 -0.010885071
  63.6811638 -0.010885071
  63.7312279 -0.0105295824
  63.781292 -0.0123070264
  63.831356 -0.0140844742
  63.8814201 -0.0137289856
  63.9314804 -0.015861921
  63.9815445 -0.0133734941
  64.0316086 -0.0158619191
  64.0816727 -0.0162174087
  64.1317368 -0.0172838736
  64.1818008 -0.01870583
  64.2318649 -0.0204832777
  64.281929 -0.0222607236
  64.3319931 -0.0233271923
  64.3820572 -0.0251046419
  64.4321213 -0.0258156154
  64.4821854 -0.0261711031
  64.5322495 -0.0265265927
  64.5823135 -0.0265265927
  64.6323776 -0.0279485509
  64.6824417 -0.0290150195
  64.7325058 -0.0318589397
  64.7825699 -0.0325699225
  64.832634 -0.0336363912
  64.8826981 -0.0332809016
  64.9327621 -0.0347028561
  64.9828186 -0.0332809016
  65.0328827 -0.0332808979
  65.0829468 -0.0322144255
  65.1330109 -0.0311479568
  65.183075 -0.0297259986
  65.233139 -0.0300814845
  65.2832031 -0.0315034427
  65.3332672 -0.0307924654
  65.3833313 -0.0307924617
  65.4333954 -0.0322144255
  65.4834595 -0.0336363763
  65.5335236 -0.0325699113
  65.5835876 -0.0322144292
  65.6336517 -0.0347028561
  65.6837158 -0.0350583419
  65.7337799 -0.0343473665
  65.783844 -0.0315034501
  65.8339081 -0.0318589322
  65.8839722 -0.0290150214
  65.9340363 -0.0297259986
  65.9841003 -0.0297260042
  66.0341644 -0.0279485527
  66.0842285 -0.025460124
  66.1342926 -0.0251046345
  66.1843567 -0.0243936535
  66.2344208 -0.0233271886
  66.2844849 -0.0243936572
  66.3345413 -0.0251046345
  66.3846054 -0.0243936591
  66.4346695 -0.0240381733
  66.4847336 -0.0254601333
  66.5347977 -0.0251046419
  66.5848618 -0.0254601277
  66.6349258 -0.0261711106
  66.6849899 -0.0265265964
  66.735054 -0.0275930669
  66.7851181 -0.025815621
  66.8351822 -0.0254601315
  66.8852463 -0.0258156173
  66.9353104 -0.0258156173
  66.9853745 -0.0283040367
  67.0354385 -0.0279485509
  67.0855026 -0.0272375681
  67.1355667 -0.0275930595
  67.1856308 -0.0279485453
  67.2356949 -0.0265265945
  67.285759 -0.0275930632
  67.3358231 -0.0261711031
  67.3858871 -0.0265265852
  67.4359512 -0.0254601259
  67.4860153 -0.0251046326
  67.5360794 -0.0254601203
  67.5861435 -0.0229717046
  67.6362076 -0.0219052359
  67.686264 -0.0229717046
  67.7363281 -0.0229717065
  67.7863922 -0.0240381714
  67.8364563 -0.0229716972
  67.8865204 -0.0247491486
  67.9365845 -0.0279485453
  67.9866486 -0.0283040367
  68.0367126 -0.0286595244
  68.0867767 -0.030436974
  68.1368408 -0.0329254046
  68.1869049 -0.035413824
  68.236969 -0.0361248069
  68.2870331 -0.0357693173
  68.3370972 -0.0350583456
  68.3871613 -0.0329254083
  68.4372253 -0.033991877
  68.4872894 -0.0325699225
  68.5373535 -0.0336363949
  68.5874176 -0.030792471
  68.6374817 -0.0315034539
  68.6875458 -0.033991877
  68.7376099 -0.031147955
  68.787674 -0.0307924598
  68.837738 -0.0325699039
  68.8878021 -0.0322144292
  68.9378662 -0.0325699113
  68.9879303 -0.0343473628
  69.0379868 -0.0332808904
  69.0880508 -0.03363638
  69.1381149 -0.0347028449
  69.188179 -0.0354138315
  69.2382431 -0.0325699113
  69.2883072 -0.0339918733
  69.3383713 -0.035769321
  69.3884354 -0.0371912755
  69.4384995 -0.0371912792
  69.4885635 -0.0379022546
  69.5386276 -0.037191283
  69.5886917 -0.0375467688
  69.6387558 -0.0382577553
  69.6888199 -0.0407461859
  69.738884 -0.0403906927
  69.7889481 -0.0411016755
  69.8390121 -0.0396797061
  69.8890762 -0.0396797024
  69.9391403 -0.0396797024
  69.9892044 -0.0389687307
  70.0392685 -0.0375467688
  70.0893326 -0.0375467725
  70.1393967 -0.0361248143
  70.1894608 -0.0364803039
  70.2395248 -0.0368357897
  70.2895889 -0.0389687382
  70.339653 -0.0389687344
  70.3897171 -0.0371912755
  70.4397736 -0.0379022621
  70.4898376 -0.0382577516
  70.5399017 -0.0379022621
  70.5899658 -0.0386132337
  70.6400299 -0.0368357822
  70.690094 -0.0368357822
  70.7401581 -0.0361248106
  70.7902222 -0.0357693136
  70.8402863 -0.0350583419
  70.8903503 -0.0336363763
  70.9404144 -0.0347028412
  70.9904785 -0.0361248069
  71.0405426 -0.0339918733
  71.0906067 -0.0339918733
  71.1406708 -0.0343473591
  71.1907349 -0.0347028486
  71.240799 -0.0347028486
  71.290863 -0.03363638
  71.3409271 -0.0347028561
  71.3909912 -0.0350583382
  71.4410553 -0.0343473591
  71.4911194 -0.0364803039
  71.5411835 -0.0375467688
  71.5912476 -0.0382577516
  71.6413116 -0.0375467688
  71.6913757 -0.0393242165
  71.7414398 -0.0389687233
  71.7914963 -0.0396797061
  71.8415604 -0.0386132412
  71.8916245 -0.0393242203
  71.9416885 -0.0375467762
  71.9917526 -0.0343473665
  72.0418167 -0.0332808904
  72.0918808 -0.0325699151
  72.1419449 -0.0339918733
  72.192009 -0.0325699113
  72.2420731 -0.0329254046
  72.2921371 -0.0329253972
  72.3422012 -0.0339918621
  72.3922653 -0.03363638
  72.4423294 -0.031858936
  72.4923935 -0.0332808942
  72.5424576 -0.0336363837
  72.5925217 -0.0357693247
  72.6425858 -0.036835786
  72.6926498 -0.037191283
  72.7427139 -0.0368357934
  72.792778 -0.0361248106
  72.8428421 -0.037191283
  72.8929062 -0.0386132412
  72.9429703 -0.0386132337
  72.9930344 -0.0400351956
  73.0430984 -0.0393242054
  73.0931625 -0.0396797135
  73.143219 -0.0393242203
  73.1932831 -0.0414571613
  73.2433472 -0.0386132412
  73.2934113 -0.0393242203
  73.3434753 -0.0411016718
  73.3935394 -0.0382577479
  73.4436035 -0.0382577479
  73.4936676 -0.0389687307
  73.5437317 -0.0400351956
  73.5937958 -0.0403906889
  73.6438599 -0.0418126397
  73.693924 -0.0403906852
  73.743988 -0.0403906815
  73.7940521 -0.0379022472
  73.8441162 -0.0379022509
  73.8941803 -0.0386132337
  73.9442444 -0.0379022621
  73.9943085 -0.0382577516
  74.0443726 -0.0361248143
  74.0944366 -0.0375467651
  74.1445007 -0.0375467613
  74.1945648 -0.0396797024
  74.2446289 -0.0400351845
  74.294693 -0.0396797024
  74.3447571 -0.0396797061
  74.3948212 -0.0396797061
  74.4448853 -0.0393242203
  74.4949493 -0.0389687344
  74.5450058 -0.0386132486
  74.5950699 -0.0386132486
  74.645134 -0.0371912867
  74.6951981 -0.0350583531
  74.7452621 -0.0347028673
  74.7953262 -0.0350583531
  74.8453903 -0.0368357971
  74.8954544 -0.0368357971
  74.9455185 -0.0382577553
  74.9955826 -0.039324224
  75.0456467 -0.039324224
  75.0957108 -0.0379022658
  75.1457748 -0.0379022658
  75.1958389 -0.0375467688
  75.245903 -0.0347028486
  75.2959671 -0.0329254046
  75.3460312 -0.0343473591
  75.3960953 -0.0339918733
  75.4461594 -0.0361248143
  75.4962234 -0.0357693247
  75.5462875 -0.0364803001
  75.5963516 -0.0354138315
  75.6464157 -0.036835786
  75.6964798 -0.036835786
  75.7465439 -0.0386132486
  75.796608 -0.0400352068
  75.8466721 -0.041101668
  75.8967285 -0.0421681404
  75.9467926 -0.0435900949
  75.9968567 -0.0418126397
  76.0469208 -0.0421681404
  76.0969849 -0.0414571576
  76.147049 -0.0411016718
  76.197113 -0.0389687344
  76.2471771 -0.0389687344
  76.2972412 -0.0389687382
  76.3473053 -0.0379022658
  76.3973694 -0.037191283
  76.4474335 -0.0368357934
  76.4974976 -0.0386132374
  76.5475616 -0.0389687307
  76.5976257 -0.0396797061
  76.6476898 -0.0368357897
  76.6977539 -0.0347028524
  76.747818 -0.0343473591
  76.7978821 -0.0361248106
  76.8479462 -0.0354138277
  76.8980103 -0.0350583382
  76.9480743 -0.0375467576
  76.9981384 -0.0379022509
  77.0482025 -0.0389687233
  77.0982666 -0.0400351994
  77.1483307 -0.0403906815
  77.1983948 -0.0418126397
  77.2484512 -0.0428791121
  77.2985153 -0.0403906852
  77.3485794 -0.0393242203
  77.3986435 -0.0382577591
  77.4487076 -0.0368358009
  77.4987717 -0.0347028598
  77.5488358 -0.0304369833
  77.5988998 -0.0307924785
  77.6489639 -0.0315034539
  77.699028 -0.0332808979
  77.7490921 -0.0318589434
  77.7991562 -0.0325699225
  77.8492203 -0.0322144292
  77.8992844 -0.0350583382
  77.9493484 -0.0357693173
  77.9994125 -0.0361248106
  78.0494766 -0.0361248143
  78.0995407 -0.0357693322
  78.1496048 -0.0357693322
  78.1996689 -0.0350583531
  78.249733 -0.0354138352
  78.2997971 -0.0350583456
  78.3498611 -0.0350583494
  78.3999252 -0.036124818
  78.4499893 -0.0371912904
  78.5000534 -0.034347374
  78.5501175 -0.0343473665
  78.6001816 -0.0329254083
  78.650238 -0.0311479606
  78.7003021 -0.0283040497
  78.7503662 -0.0265266001
  78.8004303 -0.0275930688
  78.8504944 -0.0261711068
  78.9005585 -0.0286595281
  78.9506226 -0.0300814882
  79.0006866 -0.0307924654
  79.0507507 -0.0329254009
  79.1008148 -0.0339918733
  79.1508789 -0.0343473628
  79.200943 -0.0322144255
  79.2510071 -0.0307924654
  79.3010712 -0.0311479531
  79.3511353 -0.0293705054
  79.4011993 -0.0275930595
  79.4512634 -0.0265265945
  79.5013275 -0.0272375681
  79.5513916 -0.0272375736
  79.6014557 -0.0272375736
  79.6515198 -0.0272375681
  79.7015839 -0.0275930632
  79.7516479 -0.030436974
  79.801712 -0.0315034464
  79.8517761 -0.029726008
  79.9018402 -0.0283040535
  79.9519043 -0.0283040479
  80.0019608 -0.0275930706
  80.0520248 -0.0272375755
  80.1020889 -0.0279485527
  80.152153 -0.0283040479
  80.2022171 -0.0283040423
  80.2522812 -0.0275930632
  80.3023453 -0.0290150214
  80.3524094 -0.0307924673
  80.4024734 -0.0307924729
  80.4525375 -0.031147955
  80.5026016 -0.0307924673
  80.5526657 -0.0329253972
  80.6027298 -0.0322144218
  80.6527939 -0.0325699151
  80.702858 -0.0329254009
  80.7529221 -0.03363638
  80.8029861 -0.0325699188
  80.8530502 -0.0336363874
  80.9031143 -0.0347028524
  80.9531784 -0.0347028561
  81.0032425 -0.0361248143
  81.0533066 -0.0368357934
  81.1033707 -0.0386132337
  81.1534348 -0.0368357934
  81.2034988 -0.0368357971
  81.2535629 -0.0396797024
  81.303627 -0.0382577479
  81.3536835 -0.0364802964
  81.4037476 -0.0347028486
  81.4538116 -0.0347028524
  81.5038757 -0.0354138315
  81.5539398 -0.0357693247
  81.6040039 -0.0357693173
  81.654068 -0.0361248143
  81.7041321 -0.0371912792
  81.7541962 -0.0371912792
  81.8042603 -0.0389687419
  81.8543243 -0.0371912867
  81.9043884 -0.0393242314
  81.9544525 -0.0382577553
  82.0045166 -0.0382577553
  82.0545807 -0.0354138352
  82.1046448 -0.0357693247
  82.1547089 -0.0350583419
  82.2047729 -0.0350583345
  82.254837 -0.0336363763
  82.3049011 -0.0336363763
  82.3549652 -0.03363638
  82.4050293 -0.0364803039
  82.4550934 -0.0368357897
  82.5051575 -0.0371912792
  82.5552216 -0.0379022658
  82.6052856 -0.0382577516
  82.6553497 -0.0357693173
  82.7054138 -0.0364802964
  82.7554703 -0.0339918807
  82.8055344 -0.0311479643
  82.8555984 -0.0329254083
  82.9056625 -0.0332808942
  82.9557266 -0.0332808942
  83.0057907 -0.0332808904
  83.0558548 -0.0332808904
  83.1059189 -0.0336363912
  83.155983 -0.0336363949
  83.2060471 -0.0332809016
  83.2561111 -0.0339918807
  83.3061752 -0.0332808904
  83.3562393 -0.0325699151
  83.4063034 -0.0307924673
  83.4563675 -0.0307924729
  83.5064316 -0.0293705165
  83.5564957 -0.0318589397
  83.6065598 -0.032214433
  83.6566238 -0.032214433
  83.7066879 -0.0318589397
  83.756752 -0.0332808979
  83.8068161 -0.0329254009
  83.8568802 -0.0343473628
  83.9069443 -0.0361248106
  83.9570084 -0.0354138315
  84.0070724 -0.0357693285
  84.0571365 -0.0375467725
  84.107193 -0.0375467725
  84.1572571 -0.0379022621
  84.2073212 -0.0382577479
  84.2573853 -0.0396797135
  84.3074493 -0.0393242203
  84.3575134 -0.0400352031
  84.4075775 -0.0396797061
  84.4576416 -0.0375467651
  84.5077057 -0.0379022621
  84.5577698 -0.0379022621
  84.6078339 -0.0375467688
  84.6578979 -0.036835786
  84.707962 -0.0357693136
  84.7580261 -0.0350583419
  84.8080902 -0.0339918658
  84.8581543 -0.03363638
  84.9082184 -0.0329254046
  84.9582825 -0.0350583419
  85.0083466 -0.0354138352
  85.0584106 -0.0350583494
  85.1084747 -0.0357693285
  85.1585388 -0.0364803039
  85.2086029 -0.0371912867
  85.258667 -0.0364803113
  85.3087311 -0.0364803113
  85.3587952 -0.0350583531
  85.4088593 -0.0357693322
  85.4589157 -0.0371912904
  85.5089798 -0.0386132523
  85.5590439 -0.039679721
  85.609108 -0.0421681479
  85.6591721 -0.0411016792
  85.7092361 -0.0396797061
  85.7593002 -0.0389687307
  85.8093643 -0.0379022621
  85.8594284 -0.0371912755
  85.9094925 -0.0361248106
  85.9595566 -0.0336363763
  86.0096207 -0.0325699076
  86.0596848 -0.0332808904
  86.1097488 -0.0347028486
  86.1598129 -0.0361248069
  86.209877 -0.0364802964
  86.2599411 -0.0393242128
  86.3100052 -0.0418126397
  86.3600693 -0.0425236188
  86.4101334 -0.0428791046
  86.4601974 -0.0446565636
  86.5102615 -0.044301074
  86.5603256 -0.0453675464
  86.6103897 -0.0443010777
  86.6604538 -0.0432346016
  86.7105179 -0.0443010628
  86.760582 -0.0432346091
  86.8106384 -0.0435900874
  86.8607025 -0.0421681255
  86.9107666 -0.0396796986
  86.9608307 -0.0421681441
  87.0108948 -0.0421681367
  87.0609589 -0.0432346128
  87.1110229 -0.04252363
  87.161087 -0.0421681404
  87.2111511 -0.0425236374
  87.2612152 -0.0411016755
  87.3112793 -0.0407461859
  87.3613434 -0.0425236374
  87.4114075 -0.0396797135
  87.4614716 -0.0403906889
  87.5115356 -0.0382577479
  87.5615997 -0.0389687307
  87.6116638 -0.0375467725
  87.6617279 -0.0350583419
  87.711792 -0.0375467651
  87.7618561 -0.0393242165
  87.8119202 -0.0375467688
  87.8619843 -0.0379022621
  87.9120483 -0.0375467688
  87.9621124 -0.0379022621
  88.0121765 -0.0368357822
  88.0622406 -0.0386132374
  88.1123047 -0.0379022621
  88.1623688 -0.041101668
  88.2124252 -0.0403906852
  88.2624893 -0.0400351956
  88.3125534 -0.0400351994
  88.3626175 -0.0403906852
  88.4126816 -0.0403906852
  88.4627457 -0.041101668
  88.5128098 -0.0443010777
  88.5628738 -0.0443010777
  88.6129379 -0.0435901061
  88.663002 -0.0428791195
  88.7130661 -0.0428791195
  88.7631302 -0.0439455956
  88.8131943 -0.0425236374
  88.8632584 -0.0414571688
  88.9133224 -0.0418126583
  88.9633865 -0.0386132412
  89.0134506 -0.0396797135
  89.0635147 -0.0396797135
  89.1135788 -0.039324224
  89.1636429 -0.039324224
  89.213707 -0.0396797061
  89.2637711 -0.0400351994
  89.3138351 -0.0411016718
  89.3638992 -0.0407461748
  89.4139633 -0.0400351956
  89.4640274 -0.0400351882
  89.5140915 -0.0403906852
  89.5641479 -0.0421681441
  89.614212 -0.0407461822
  89.6642761 -0.0407461859
  89.7143402 -0.0389687382
  89.7644043 -0.0379022621
  89.8144684 -0.0389687233
  89.8645325 -0.0393242165
  89.9145966 -0.0379022621
  89.9646606 -0.0379022546
  90.0147247 -0.0382577516
  90.0647888 -0.0382577553
  90.1148529 -0.0389687344
  90.164917 -0.0396797135
  90.2149811 -0.0400351994
  90.2650452 -0.041101668
  90.3151093 -0.0414571688
  90.3651733 -0.0418126434
  90.4152374 -0.0425236225
  90.4653015 -0.0421681255
  90.5153656 -0.0414571576
  90.5654297 -0.0414571613
  90.6154938 -0.0414571613
  90.6655579 -0.0379022621
  90.7156219 -0.0368357897
  90.765686 -0.0368357897
  90.8157501 -0.0389687344
  90.8658142 -0.0379022621
  90.9158707 -0.0407461822
  90.9659348 -0.0407461748
  91.0159988 -0.0400352031
  91.0660629 -0.040746171
  91.116127 -0.0400351956
  91.1661911 -0.0414571613
  91.2162552 -0.0428791195
  91.2663193 -0.04252363
  91.3163834 -0.0400351994
  91.3664474 -0.0407461822
  91.4165115 -0.0400352105
  91.4665756 -0.0407461859
  91.5166397 -0.0407461859
  91.5667038 -0.0400352068
  91.6167679 -0.0396797173
  91.666832 -0.0396797135
  91.7168961 -0.039679721
  91.7669601 -0.0400352068
  91.8170242 -0.0403906927
  91.8670883 -0.0411016718
  91.9171524 -0.0407461859
  91.9672165 -0.0389687344
  92.0172806 -0.0396797135
  92.0673447 -0.0382577479
  92.1174088 -0.0382577516
  92.1674728 -0.0361248106
  92.2175369 -0.0350583382
  92.267601 -0.0386132486
  92.3176575 -0.039679721
  92.3677216 -0.0400352031
  92.4177856 -0.0432346128
  92.4678497 -0.0432346091
  92.5179138 -0.0403906889
  92.5679779 -0.0396797061
  92.618042 -0.0393242203
  92.6681061 -0.0393242203
  92.7181702 -0.0389687307
  92.7682343 -0.0386132486
  92.8182983 -0.0361248218
  92.8683624 -0.0371912867
  92.9184265 -0.0389687233
  92.9684906 -0.0382577516
  93.0185547 -0.0371912792
  93.0686188 -0.0357693247
  93.1186829 -0.0354138315
  93.1687469 -0.0368357934
  93.218811 -0.0343473665
  93.2688751 -0.0357693285
  93.3189392 -0.0347028598
  93.3690033 -0.0347028561
  93.4190674 -0.0357693247
  93.4691315 -0.0361248106
  93.5191956 -0.0361248069
  93.5692596 -0.0375467651
  93.6193237 -0.0371912792
  93.6693802 -0.0375467651
  93.7194443 -0.0379022546
  93.7695084 -0.036835786
  93.8195724 -0.0357693247
  93.8696365 -0.0347028598
  93.9197006 -0.0361248218
  93.9697647 -0.0371912904
  94.0198288 -0.0379022658
  94.0698929 -0.0396797173
  94.119957 -0.0382577516
  94.1700211 -0.0386132412
  94.2200851 -0.041101668
  94.2701492 -0.0414571539
  94.3202133 -0.041101668
  94.3702774 -0.0403906927
  94.4203415 -0.0389687344
  94.4704056 -0.0403906927
  94.5204697 -0.0411016755
  94.5705338 -0.0411016792
  94.6205978 -0.0414571613
  94.6706619 -0.0396797061
  94.720726 -0.0400351994
  94.7707901 -0.0400351956
  94.8208542 -0.0393242165
  94.8709183 -0.0386132374
  94.9209824 -0.0418126583
  94.9710464 -0.0393242314
  95.0211029 -0.0400352068
  95.071167 -0.0418126546
  95.1212311 -0.0403906927
  95.1712952 -0.0393242314
  95.2213593 -0.0386132486
  95.2714233 -0.0400351994
  95.3214874 -0.0400351956
  95.3715515 -0.0403906852
  95.4216156 -0.040746171
  95.4716797 -0.0389687307
  95.5217438 -0.0386132486
  95.5718079 -0.0421681479
  95.6218719 -0.0421681479
  95.671936 -0.0411016867
  95.7220001 -0.0418126546
  95.7720642 -0.0414571613
  95.8221283 -0.0407461822
  95.8721924 -0.0432346091
  95.9222565 -0.0425236411
  95.9723206 -0.0435901061
  96.0223846 -0.0418126546
  96.0724487 -0.0414571613
  96.1225128 -0.0411016718
  96.1725769 -0.0400351994
  96.222641 -0.0396797135
  96.2727051 -0.0382577479
  96.3227692 -0.0371912792
  96.3728333 -0.0396797024
  96.4228897 -0.0389687307
  96.4729538 -0.0389687344
  96.5230179 -0.0386132486
  96.573082 -0.0396797173
  96.6231461 -0.0386132412
  96.6732101 -0.0386132412
  96.7232742 -0.0403907001
  96.7733383 -0.0411016792
  96.8234024 -0.0414571725
  96.8734665 -0.0393242314
  96.9235306 -0.0386132412
  96.9735947 -0.0379022621
  97.0236588 -0.0393242203
  97.0737228 -0.0386132486
  97.1237869 -0.0400352031
  97.173851 -0.03754678
  97.2239151 -0.0371912904
  97.2739792 -0.0382577591
  97.3240433 -0.0375467725
  97.3741074 -0.0382577553
  97.4241714 -0.0382577516
  97.4742355 -0.0382577479
  97.5242996 -0.0403907001
  97.5743637 -0.0396797173
  97.6244278 -0.0386132374
  97.6744919 -0.0375467688
  97.724556 -0.0389687382
  97.7746124 -0.041101668
  97.8246765 -0.0421681404
  97.8747406 -0.0414571613
  97.9248047 -0.0411016718
  97.9748688 -0.039324224
  98.0249329 -0.0396797061
  98.0749969 -0.0389687307
  98.125061 -0.0386132337
  98.1751251 -0.0403906889
  98.2251892 -0.0407461748
  98.2752533 -0.0407461822
  98.3253174 -0.0407461822
  98.3753815 -0.0403906927
  98.4254456 -0.0396797135
  98.4755096 -0.0403906889
  98.5255737 -0.0382577479
  98.5756378 -0.0389687307
  98.6257019 -0.0393242203
  98.675766 -0.0386132374
  98.7258301 -0.0379022658
  98.7758942 -0.0379022621
  98.8259583 -0.0382577516
  98.8760223 -0.0396797061
  98.9260864 -0.0393242203
  98.9761505 -0.0389687344
  99.0262146 -0.0403906927
  99.0762787 -0.0396797173
  99.1263351 -0.039324224
  99.1763992 -0.0400351956
  99.2264633 -0.0403906852
  99.2765274 -0.0428791195
  99.3265915 -0.0407461822
  99.3766556 -0.0411016718
  99.4267197 -0.0411016755
  99.4767838 -0.0400351994
  99.5268478 -0.0393242203
  99.5769119 -0.0389687307
  99.626976 -0.0389687307
  99.6770401 -0.0396797135
  99.7271042 -0.0386132412
  99.7771683 -0.0382577516
  99.8272324 -0.0393242203
  99.8772964 -0.0411016718
  99.9273605 -0.0414571613
  99.9774246 -0.042879127
  100.027489 -0.0432346128
  100.077553 -0.04252363
  100.127617 -0.0425236374
  100.177681 -0.0414571613
  100.227745 -0.0393242203
  100.277809 -0.0400351956
  100.327873 -0.0382577479
  100.377937 -0.0403906852
  100.428001 -0.042168133
  100.478065 -0.0432346053
  100.528122 -0.0421681367
  100.578186 -0.0446565636
  100.62825 -0.0457230397
  100.678314 -0.0464340188
  100.728378 -0.046434015
  100.778442 -0.0453675501
  100.828506 -0.0446565636
  100.878571 -0.04252363
  100.928635 -0.0396797135
  100.978699 -0.0396797135
  101.028763 -0.0403906889
  101.078827 -0.0403906852
  101.128891 -0.0396797061
  101.178955 -0.0364802964
  101.229019 -0.0354138315
  101.279083 -0.0361248106
  101.329147 -0.0371912792
  101.379211 -0.0386132374
  101.429276 -0.0379022621
  101.47934 -0.0382577516
  101.529404 -0.0382577516
  101.579468 -0.0382577479
  101.629532 -0.0386132412
  101.679596 -0.0379022658
  101.72966 -0.0375467688
  101.779724 -0.0389687307
  101.829788 -0.0400351956
  101.879845 -0.0400351956
  101.929909 -0.0411016569
  101.979973 -0.0421681367
  102.030037 -0.0428791121
  102.080101 -0.0425236225
  102.130165 -0.0403906815
  102.180229 -0.0386132337
  102.230293 -0.0396797061
  102.280357 -0.0393242128
  102.330421 -0.0393242165
  102.380486 -0.0393242203
  102.43055 -0.0403906889
  102.480614 -0.041101668
  102.530678 -0.041101668
  102.580742 -0.0400352031
  102.630806 -0.0418126546
  102.68087 -0.0421681367
  102.730934 -0.0421681404
  102.780998 -0.0425236411
  102.831062 -0.0414571688
  102.881126 -0.0411016755
  102.93119 -0.0421681479
  102.981255 -0.0407461897
  103.031319 -0.0411016755
  103.081383 -0.0400352105
  103.131447 -0.0389687382
  103.181511 -0.0396797173
  103.231567 -0.0386132374
  103.281631 -0.0407461822
  103.331696 -0.0418126546
  103.38176 -0.0439455956
  103.431824 -0.0421681404
  103.481888 -0.0421681404
  103.531952 -0.0418126509
  103.582016 -0.041101668
  103.63208 -0.04252363
  103.682144 -0.0450120606
  103.732208 -0.0435900986
  103.782272 -0.0446565561
  103.832336 -0.0443010628
  103.882401 -0.0439455807
  103.932465 -0.0439455882
  103.982529 -0.0446565747
  104.032593 -0.0439455882
  104.082657 -0.0425236262
  104.132721 -0.0432346053
  104.182785 -0.0435900986
  104.232849 -0.0443010703
  104.282913 -0.0446565561
  104.332977 -0.0428791121
  104.383041 -0.0418126509
  104.433105 -0.0425236374
  104.48317 -0.04252363
  104.533234 -0.0439455882
  104.58329 -0.0407461822
  104.633354 -0.0421681404
  104.683418 -0.0418126546
  104.733482 -0.0425236225
  104.783546 -0.0414571539
  104.833611 -0.0421681255
  104.883675 -0.0418126434
  104.933739 -0.0428791232
  104.983803 -0.0432346091
  105.033867 -0.0432346053
  105.083931 -0.0421681404
  105.133995 -0.0435900949
