  0.0500706136  0.0183464512
  0.100141227  0.01946784
  0.150211841  0.0196547359
  0.200282454  0.0204023309
  0.250353068  0.0217106193
  0.300423682  0.0235795993
  0.350494295  0.0243271925
  0.400564909  0.0250747856
  0.450635523  0.02656997
  0.500706136  0.0269437674
  0.55077672  0.0275044609
  0.600847363  0.0278782547
  0.650918007  0.027504459
  0.700988591  0.0284389481
  0.751059175  0.0291865412
  0.801129818  0.0301210359
  0.851200461  0.0304948296
  0.901271045  0.0310555268
  0.951341629  0.0323638134
  1.00141227  0.0325507075
  1.05148292  0.0331114046
  1.10155344  0.0325507075
  1.15162408  0.0329245068
  1.20169473  0.0323638096
  1.25176537  0.0331114009
  1.30183601  0.0331114009
  1.35190654  0.0338589959
  1.40197718  0.0346065871
  1.45204782  0.0357279815
  1.50211835  0.0344196931
  1.55218899  0.0353541784
  1.60225964  0.0362886712
  1.65233028  0.0355410799
  1.70240092  0.0359148756
  1.75247145  0.0364755727
  1.80254209  0.0346065909
  1.85261273  0.0351672843
  1.90268326  0.0357279778
  1.9527539  0.0349803828
  2.00282454  0.0349803865
  2.05289507  0.034793485
  2.10296583  0.0347934887
  2.15303636  0.0342327952
  2.20310688  0.0346065909
  2.25317764  0.0340458974
  2.30324817  0.0346065946
  2.35331893  0.0340458974
  2.40338945  0.0336721018
  2.45345998  0.0332983062
  2.50353074  0.0325507112
  2.55360126  0.0321769156
  2.60367203  0.0325507149
  2.65374255  0.0312424246
  2.70381308  0.0310555268
  2.75388384  0.0303079337
  2.80395436  0.0299341381
  2.85402489  0.0303079318
  2.90409565  0.030121034
  2.95416617  0.0299341381
  3.0042367  0.0288127493
  3.05430746  0.0284389537
  3.10437799  0.0286258515
  3.15444875  0.0286258515
  3.20451927  0.0284389518
  3.2545898  0.0269437674
  3.30466056  0.0269437637
  3.35473108  0.0254485812
  3.40480185  0.0254485775
  3.45487237  0.0260092728
  3.50494289  0.0250747837
  3.55501366  0.0252616815
  3.60508418  0.0265699681
  3.65515471  0.0267568659
  3.70522547  0.0263830721
  3.75529599  0.0261961743
  3.80536652  0.0250747837
  3.85543728  0.0248878859
  3.9055078  0.024887884
  3.95557857  0.0254485756
  4.00564909  0.0245140847
  4.05571985  0.0235795975
  4.10579014  0.0237664934
  4.1558609  0.0239533894
  4.20593166  0.0230189022
  4.25600195  0.0215237178
  4.30607271  0.0220844131
  4.35614347  0.0217106175
  4.40621376  0.0205892269
  4.45628452  0.0196547378
  4.50635529  0.0185333509
  4.55642605  0.0179726556
  4.60649633  0.0166643709
  4.6565671  0.0177857596
  4.70663786  0.0179726537
  4.75670815  0.0172250643
  4.80677891  0.0175988581
  4.85684967  0.0168512668
  4.90691996  0.0161036775
  4.95699072  0.0159167796
  5.00706148  0.0159167796
  5.05713177  0.0164774731
  5.10720253  0.0166643709
  5.15727329  0.0161036775
  5.20734406  0.0151691865
  5.25741434  0.0162905734
  5.3074851  0.0162905715
  5.35755587  0.0162905715
  5.40762615  0.0151691837
  5.45769691  0.0153560825
  5.50776768  0.0161036737
  5.55783796  0.0149822878
  5.60790873  0.0140477987
  5.65797949  0.0138609037
  5.70804977  0.0134871108
  5.75812054  0.0133002112
  5.8081913  0.0133002112
  5.85826159  0.0127395177
  5.90833235  0.0133002102
  5.95840311  0.0129264127
  6.0084734  0.0112443306
  6.05854416  0.0103098424
  6.10861492  0.0103098406
  6.15868568  0.00993604865
  6.20875597  0.00806708168
  6.25882673  0.00713259215
  6.3088975  0.00769328512
  6.35896778  0.00731948903
  6.40903854  0.00731948903
  6.45910931  0.00563740963
  6.50917959  0.00451602275
  6.55925035  0.00451602275
  6.60932112  0.00507671619
  6.6593914  0.00451602228
  6.70946217  0.00507671665
  6.75953293  0.00638500135
  6.80960369  0.00657189824
  6.85967398  0.00675879559
  6.90974474  0.00638499996
  6.9598155  0.00545051135
  7.00988579  0.00563740963
  7.05995655  0.00545051135
  7.11002731  0.00563740963
  7.1600976  0.00470291963
  7.21016836  0.00395532697
  7.26023912  0.00283393892
  7.31030941  0.00302083697
  7.36038017  0.00152565388
  7.41045094  0.000404266233
  7.46052122 -0.000717122923
  7.51059198 -0.000717121293
  7.56066275 -0.00183851004
  7.61073303 -0.00221230625
  7.66080379 -0.00258610188
  7.71087456 -0.00258610141
  7.76094532 -0.00314679532
  7.81101561 -0.00295989751
  7.86108637 -0.00202540751
  7.91115713 -0.00221230602
  7.96122742 -0.00202540751
  8.01129818 -0.00221230602
  8.06136894 -0.00183850969
  8.1114397 -0.00221230579
  8.16151047 -0.000156427792
  8.21158028 -0.000717121293
  8.26165104 -0.00202540774
  8.3117218 -0.00277299946
  8.36179256 -0.00183851004
  8.41186333 -0.00352059165
  8.46193409 -0.00333369384
  8.5120039 -0.00333369384
  8.56207466 -0.00277299946
  8.61214542 -0.00277299946
  8.66221619 -0.00258610165
  8.71228695 -0.00202540797
  8.76235771 -0.00314679532
  8.81242752 -0.00258610095
  8.86249828 -0.00221230509
  8.91256905 -0.00109091797
  8.96263981  3.04692512E-05
  9.01271057  0.00115185766
  9.06278133  0.000778061221
  9.1128521  0.00152565271
  9.16292191  0.00283393939
  9.21299267  0.00395532837
  9.26306343  0.00526361587
  9.31313419  0.00582430931
  9.36320496  0.00694569573
  9.41327572  0.00937536079
  9.46334553  0.0116181364
  9.51341629  0.0125526236
  9.56348705  0.0147953965
  9.61355782  0.0168512762
  9.66362858  0.0194678344
  9.71369934  0.0222713072
  9.7637701  0.0256354678
  9.81383991  0.0289996341
  9.86391068  0.0332982875
  9.91398144  0.0370362476
  9.9640522  0.0424562916
  10.014123  0.0460073575
  10.0641937  0.0521750003
  10.1142635  0.0577819422
  10.1643343  0.0632019863
  10.2144051  0.0697434172
  10.2644758  0.0757241473
  10.3145466  0.0839476287
  10.3646173  0.0908628404
  10.4146881  0.100207746
  10.4647579  0.10880506
  10.5148287  0.117776148
  10.5648994  0.128429353
  10.6149702  0.136279091
  10.665041  0.148240536
  10.7151117  0.159828201
  10.7651815  0.172350407
  10.8152523  0.184872508
  10.8653231  0.197581604
  10.9153938  0.212533414
  10.9654646  0.22524251
  11.0155354  0.240754977
  11.0656052  0.254959255
  11.1156759  0.272901446
  11.1657467  0.286731899
  11.2158175  0.303178966
  11.2658882  0.321121156
  11.315959  0.338315815
  11.3660297  0.356257826
  11.4160995  0.374573797
  11.4661703  0.393824339
  11.5162411  0.411953419
  11.5663118  0.431390852
  11.6163826  0.450080812
  11.6664534  0.469518006
  11.7165232  0.487647265
  11.7665939  0.506150186
  11.8166647  0.52596128
  11.8667355  0.544651151
  11.9168062  0.562966943
  11.966877  0.581656635
  12.0169468  0.601468086
  12.0670176  0.6210922
  12.1170883  0.639408171
  12.1671591  0.656602859
  12.2172298  0.67454505
  12.2673006  0.694169283
  12.3173714  0.710055649
  12.3674412  0.726503015
  12.4175119  0.743884206
  12.4675827  0.760891914
  12.5176535  0.776965141
  12.5677242  0.792103946
  12.617795  0.806868672
  12.6678648  0.822194397
  12.7179356  0.835090518
  12.7680063  0.848173141
  12.8180771  0.862751365
  12.8681479  0.876581967
  12.9182186  0.888169587
  12.9682894  0.90162605
  13.0183592  0.91302675
  13.0684299  0.926109612
  13.1185007  0.938071251
  13.1685715  0.950406432
  13.2186422  0.96236819
  13.268713  0.974142611
  13.3187828  0.987038791
  13.3688536  0.998813391
  13.4189243  1.01264358
  13.4689951  1.02385724
  13.5190659  1.03600574
  13.5691366  1.04983628
  13.6192074  1.0625453
  13.6692772  1.07712317
  13.719348  1.09132731
  13.7694187  1.10422337
  13.8194895  1.11954904
  13.8695602  1.13506186
  13.919631  1.15038741
  13.9697008  1.16702127
  14.0197716  1.1840291
  14.0698423  1.20122349
  14.1199131  1.2191658
  14.1699839  1.23935068
  14.2200546  1.25766635
  14.2701244  1.2772913
  14.3201952  1.29598093
  14.370266  1.31597853
  14.4203367  1.33709788
  14.4704075  1.3582176
  14.5204782  1.37933731
  14.570549  1.40213871
  14.6206188  1.42624879
  14.6706896  1.44923711
  14.7207603  1.47390747
  14.7708311  1.49988651
  14.8209019  1.52586496
  14.8709726  1.55371261
  14.9210424  1.58193457
  14.9711132  1.61034286
  15.021184  1.63968623
  15.0712547  1.66865516
  15.1213255  1.69911993
  15.1713963  1.73145258
  15.2214661  1.76004827
  15.2715368  1.79294205
  15.3216076  1.82396734
  15.3716784  1.85461879
  15.4217491  1.88564336
  15.4718199  1.91629481
  15.5218906  1.94937611
  15.5719604  1.97853196
  15.6220312  2.00918293
  15.672102  2.04002166
  15.7221727  2.06899071
  15.7722435  2.09814644
  15.8223143  2.12711573
  15.8723841  2.15533781
  15.9224548  2.18262434
  15.9725256  2.20991111
  16.0225964  2.2353301
  16.0726662  2.25944018
  16.1227379  2.28429747
  16.1728077  2.30616403
  16.2228794  2.32803082
  16.2729492  2.34802938
  16.3230209  2.36709285
  16.3730907  2.38353968
  16.4231606  2.3977437
  16.4732323  2.40989232
  16.5233021  2.42260146
  16.5733738  2.43325472
  16.6234436  2.44110417
  16.6735134  2.44727206
  16.7235851  2.45381379
  16.7736549  2.45811224
  16.8237267  2.45923352
  16.8737965  2.4596076
  16.9238682  2.45773816
  16.973938  2.45474792
  17.0240078  2.45026231
  17.0740795  2.44166493
  17.1241493  2.43288112
  17.174221  2.42222786
  17.2242908  2.40914488
  17.2743626  2.39437985
  17.3244324  2.37942791
  17.3745022  2.36204624
  17.4245739  2.34373021
  17.4746437  2.32447982
  17.5247154  2.30280018
  17.5747852  2.2801857
  17.624855  2.25775719
  17.6749268  2.2325263
  17.7249966  2.2063601
  17.7750683  2.18169022
  17.8251381  2.15253377
  17.8752098  2.12505984
  17.9252796  2.09721184
  17.9753494  2.0682435
  18.0254211  2.03815198
  18.075491  2.00806165
  18.1255627  1.980214
  18.1756325  1.94974983
  18.2257042  1.91872382
  18.275774  1.88919461
  18.3258438  1.85891736
  18.3759155  1.82863927
  18.4259853  1.79724061
  18.4760571  1.76677632
  18.5261269  1.73687279
  18.5761986  1.70510006
  18.6262684  1.67557061
  18.6763382  1.64604056
  18.7264099  1.61837959
  18.7764797  1.59071863
  18.8265514  1.56436622
  18.8766212  1.53801334
  18.9266911  1.51315582
  18.9767628  1.48979366
  19.0268326  1.4664315
  19.0769043  1.4430697
  19.1269741  1.42064154
  19.1770458  1.39989579
  19.2271156  1.37896323
  19.2771854  1.35765707
  19.3272572  1.33728504
  19.377327  1.31747389
  19.4273987  1.29822338
  19.4774685  1.27934682
  19.5275402  1.25990951
  19.57761  1.24215424
  19.6276798  1.22402525
  19.6777515  1.20701742
  19.7278214  1.19038367
  19.7778931  1.17487061
  19.8279629  1.15954518
  19.8780327  1.14365888
  19.9281044  1.12852025
  19.9781742  1.11356866
  20.0282459  1.10123301
  20.0783157  1.08572054
  20.1283875  1.07076883
  20.1784573  1.05768597
  20.2285271  1.04441607
  20.2785988  1.03021204
  20.3286686  1.01619458
  20.3787403  1.00273812
  20.4288101  0.988720655
  20.4788818  0.975824833
  20.5289516  0.963115633
  20.5790215  0.949285328
  20.6290932  0.938071311
  20.679163  0.924053848
  20.7292347  0.91340071
  20.7793045  0.901065528
  20.8293762  0.888169467
  20.879446  0.875460505
  20.9295158  0.862751305
  20.9795876  0.848546922
  21.0296574  0.8356511
  21.0797291  0.821446776
  21.1297989  0.807055712
  21.1798687  0.792477548
  21.2299404  0.777152121
  21.2800102  0.761452615
  21.3300819  0.745753288
  21.3801517  0.72930634
  21.4302235  0.711924613
  21.4802933  0.695664406
  21.5303631  0.679965138
  21.5804348  0.663144231
  21.6305046  0.647071064
  21.6805763  0.630250156
  21.7306461  0.613616467
  21.7807178  0.597543061
  21.8307877  0.581282854
  21.8808575  0.565957367
  21.9309292  0.549323559
  21.980999  0.533250272
  22.0310707  0.518298447
  22.0811405  0.50259918
  22.1312103  0.485217571
  22.181282  0.468957335
  22.2313519  0.45419246
  22.2814236  0.437371731
  22.3314934  0.421298355
  22.3815651  0.405785888
  22.4316349  0.391207784
  22.4817047  0.37606898
  22.5317764  0.361864835
  22.5818462  0.34747377
  22.631918  0.334204018
  22.6819878  0.321121156
  22.7320595  0.309720308
  22.7821293  0.297385037
  22.8321991  0.28747949
  22.8822708  0.276078701
  22.9323406  0.264491051
  22.9824123  0.256080657
  23.0324821  0.245427474
  23.082552  0.236082613
  23.1326237  0.22785911
  23.1826935  0.218887925
  23.2327652  0.210851327
  23.282835  0.203001633
  23.3329067  0.196460232
  23.3829765  0.190479472
  23.4330463  0.181134567
  23.4831181  0.176648974
  23.5331879  0.169546872
  23.5832596  0.164313748
  23.6333294  0.159267485
  23.6834011  0.155155703
  23.7334709  0.149361894
  23.7835407  0.14431566
  23.8336124  0.140577734
  23.8836823  0.137026682
  23.933754  0.132541135
  23.9838238  0.128616273
  24.0338936  0.125252098
  24.0839653  0.122635521
  24.1340351  0.118523791
  24.1841068  0.116467893
  24.2341766  0.114038214
  24.2842484  0.110487141
  24.3343182  0.108991966
  24.384388  0.106562294
  24.4344597  0.104319528
  24.4845295  0.102637447
  24.5346012  0.100394666
  24.584671  0.0979649946
  24.6347427  0.0960960239
  24.6848125  0.0940401331
  24.7348824  0.0910497978
  24.7849541  0.0903021991
  24.8350239  0.0888070017
  24.8850956  0.0880593956
  24.9351654  0.0852559358
  24.9852371  0.0839476511
  25.0353069  0.0826393738
  25.0853767  0.0813310966
  25.1354485  0.0790883228
  25.1855183  0.0774062425
  25.23559  0.0757241622
  25.2856598  0.0746027902
  25.3357296  0.0740421042
  25.3858013  0.0731076151
  25.4358711  0.0723600239
  25.4859428  0.0723600239
  25.5360126  0.0716124251
  25.5860844  0.0712386295
  25.6361542  0.0697434396
  25.686224  0.0689958483
  25.7362957  0.0675006658
  25.7863655  0.0656316802
  25.8364372  0.0652578846
  25.886507  0.0656316802
  25.9365788  0.0645102933
  25.9866486  0.0635758042
  26.0367184  0.063762702
  26.0867901  0.0617068186
  26.1368599  0.0611461252
  26.1869316  0.0598378368
  26.2370014  0.0577819645
  26.2870712  0.0570343658
  26.3371429  0.056099873
  26.3872128  0.0551653877
  26.4372845  0.0549784899
  26.4873543  0.0547915921
  26.537426  0.0542308949
  26.5874958  0.0529226065
  26.6375656  0.0534833036
  26.6876373  0.052361913
  26.7377071  0.0512405261
  26.7877789  0.0503060371
  26.8378487  0.0499322377
  26.8879204  0.0491846465
  26.9379902  0.0480632596
  26.98806  0.0467549674
  27.0381317  0.0461942777
  27.0882015  0.0448859893
  27.1382732  0.0443252958
  27.188343  0.0437645949
  27.2384148  0.0428301059
  27.2884846  0.0420825109
  27.3385544  0.0415218174
  27.3886261  0.0411480144
  27.4386959  0.0390921421
  27.4887676  0.0383445509
  27.5388374  0.0390921421
  27.5889072  0.037970759
  27.638979  0.0368493684
  27.6890488  0.0370362662
  27.7391205  0.0355410799
  27.7891903  0.0351672843
  27.839262  0.0351672806
  27.8893318  0.034793485
  27.9394016  0.0340458937
  27.9894733  0.0332982987
  28.0395432  0.0323638096
  28.0896149  0.0319900103
  28.1396847  0.0310555231
  28.1897564  0.030121034
  28.2398262  0.0293734409
  28.289896  0.0288127437
  28.3399677  0.0282520484
  28.3900375  0.0269437619
  28.4401093  0.0261961687
  28.4901791  0.025822375
  28.5402489  0.025822375
  28.5903206  0.0263830684
  28.6403904  0.0254485756
  28.6904621  0.0256354734
  28.7405319  0.0260092709
  28.7906036  0.0256354734
  28.8406734  0.024887884
  28.8907433  0.024887884
  28.940815  0.0252616797
  28.9908848  0.0241402909
  29.0409565  0.0241402909
  29.0910263  0.0248878859
  29.141098  0.023018904
  29.1911678  0.0226451084
  29.2412376  0.0209630243
  29.2913094  0.0204023309
  29.3413792  0.0187202487
  29.3914509  0.0174119584
  29.4415207  0.0175988581
  29.4915905  0.0177857541
  29.5416622  0.0170381647
  29.591732  0.0179726537
  29.6418037  0.0189071447
  29.6918736  0.0183464494
  29.7419453  0.0190940425
  29.7920151  0.0179726519
  29.8420849  0.0194678344
  29.8921566  0.0189071465
  29.9422264  0.0185333509
  29.9922981  0.0168512668
  30.0423679  0.017411964
  30.0924397  0.017411964
  30.1425095  0.0175988618
  30.1925793  0.0170381665
  30.242651  0.0168512706
  30.2927208  0.0170381665
  30.3427925  0.0183464512
  30.3928623  0.0190940406
  30.4429321  0.0181595515
  30.4930038  0.016851265
  30.5430737  0.0168512668
  30.5931454  0.01572988
  30.6432152  0.0153560843
  30.6932869  0.0153560843
  30.7433567  0.0151691837
  30.7934265  0.0138608981
  30.8434982  0.0136740031
  30.893568  0.0123657202
  30.9436398  0.0121788243
  30.9937096  0.012552619
  31.0437813  0.0127395187
  31.0938511  0.0127395187
  31.1439209  0.0114312312
  31.1939926  0.0112443324
  31.2440624  0.0112443333
  31.2941341  0.0110574346
  31.3442039  0.0106836408
  31.3942757  0.0103098443
  31.4443455  0.0101229446
  31.4944153  0.00900156982
  31.544487  0.00862777513
  31.5945568  0.00862777513
  31.6446285  0.00844087824
  31.6946983  0.0078801848
  31.7447681  0.00844087731
  31.7948399  0.00862777326
  31.8449097  0.0086277714
  31.8949814  0.00900156144
  31.9450512  0.00844087638
  31.9951229  0.00825397298
  32.0451927  0.008440868
  32.0952644  0.00825397298
  32.1453323  0.00619810214
  32.1954041  0.00582430838
  32.2454758  0.00545051228
  32.2955475  0.00470292196
  32.3456154  0.00582430838
  32.3956871  0.00675879652
  32.4457588  0.00675879652
  32.4958267  0.0056374101
  32.5458984  0.00545051182
  32.5959702  0.00545051182
  32.6460419  0.00414222665
  32.6961098  0.00339463376
  32.7461815  0.0030208372
  32.7962532  0.00227324408
  32.8463211  0.00246014283
  32.8963928  0.00227324478
  32.9464645  0.0020863465
  32.9965363  0.00152565271
  33.0466042  0.00320773432
  33.0966759  0.00283393892
  33.1467476  0.00246014283
  33.1968155  0.0030208372
  33.2468872  0.00283393939
  33.2969589  0.00171255227
  33.3470268  0.00189945032
  33.3970985  0.00040426632
  33.4471703  0.000404266029
  33.497242 -0.000343326072
  33.5473099  0.000404265622
  33.5973816 -0.000343325839
  33.6474533 -0.000156427617
  33.6975212  0.00021736804
  33.7475929  0.0018994495
  33.7976646  0.00264704088
  33.8477364  0.00283393869
  33.8978043  0.00208634697
  33.947876  0.0020863472
  33.9979477  0.00133875629
  34.0480156  0.00189944962
  34.0980873  0.000591163523
  34.148159  3.04700388E-05
  34.1982307  0.000404266466
  34.2482986  0.000404266379
  34.2983704 -0.000343325286
  34.3484421 -0.000343324675
  34.39851  3.0470721E-05
  34.4485817  0.000404266524
  34.4986534  0.00021736804
  34.5487251  0.000591164047
  34.598793  0.000964959909
  34.6488647  0.00246014353
  34.6989365  0.00152565364
  34.7490044  0.00246014213
  34.7990761  0.00246014236
  34.8491478  0.00358153135
  34.8992195  0.00507671526
  34.9492874  0.00507671619
  34.9993591  0.00451602088
  35.0494308  0.00339463213
  35.0994987  0.00283393846
  35.1495705  0.00358153111
  35.1996422  0.00283393869
  35.2497101  0.0024601426
  35.2997818  0.00320773525
  35.3498535  0.00246014306
  35.3999252  0.00227324478
  35.4499931  0.00189944869
  35.5000648  0.0020863479
  35.5501366  0.00133875583
  35.6002045  0.00320773595
  35.6502762  0.00376843195
  35.7003479  0.00227324525
  35.7504196  0.00246014283
  35.8004875  0.00283393753
  35.8505592  0.00264704041
  35.900631  0.00227324478
  35.9506989  0.00208634674
  36.0007706  0.00152565248
  36.0508423  0.00189944834
  36.100914  0.000964959676
  36.1509819  0.000964959268
  36.2010536  0.000591162301
  36.2511253  0.000217368026
  36.3011932  3.04703135E-05
  36.351265  0.000964960491
  36.4013367  0.00133875618
  36.4514084  0.00115185848
  36.5014763  0.000964960665
  36.551548  0.00040426632
  36.6016197 -0.000156427282
  36.6516876 -0.000343325373
  36.7017593 -0.00146471302
  36.7518311 -0.00295989728
  36.8019028 -0.00221230555
  36.8519707 -0.00221230555
  36.9020424 -0.00370748946
  36.9521141 -0.00295989751
  37.002182 -0.00295989751
  37.0522537 -0.00277299969
  37.1023254 -0.00295989751
  37.1523972 -0.00221230555
  37.2024651 -0.000904019747
  37.2525368 -0.00034332581
  37.3026085  3.04704827E-05
  37.3526764  3.04696969E-05
  37.4027481 -0.000904019398
  37.4528198 -0.00183850934
  37.5028877 -0.00183851004
  37.5529594 -0.00221230579
  37.6030312 -0.00314679579
  37.6531029 -0.0033336936
  37.7031708 -0.00239920337
  37.7532425 -0.0033336929
  37.8033142 -0.00426818384
  37.8533821 -0.00426818291
  37.9034538 -0.00389438751
  37.9535255 -0.00333369314
  38.0035973 -0.00352059165
  38.0536652 -0.00352059165
  38.1037369 -0.0033336936
  38.1538086 -0.00277299969
  38.2038765 -0.00202540797
  38.2539482 -0.00221230555
  38.3040199 -0.00202540727
  38.3540916 -0.00127781555
  38.4041595 -0.00109091715
  38.4542313 -0.00109091774
  38.504303 -0.000904019864
  38.5543709 -0.0010909182
  38.6044426 -0.000156428927
  38.6545143 -0.00146471488
  38.704586 -0.00239920337
  38.7546539 -0.00258610235
  38.8047256 -0.00295989774
  38.8547974 -0.00258610235
  38.9048653 -0.00258610095
  38.954937 -0.00183850911
  39.0050087 -0.00202540797
  39.0550804 -0.00239920407
  39.1051483 -0.00165161118
  39.15522 -0.00109091704
  39.2052917 -0.000156427763
  39.2553596  0.000404265826
  39.3054314  3.04688765E-05
  39.3555031 -0.000343326625
  39.4055748 -0.000343326363
  39.4556427 -0.00109091809
  39.5057144 -0.00165161199
  39.5557861 -0.00165161223
  39.605854 -0.00258610165
  39.6559258 -0.00314679556
  39.7059975 -0.00352059118
  39.7560654 -0.0033336929
  39.8061371 -0.00221230532
  39.8562088 -0.00146471336
  39.9062805 -0.00202540774
  39.9563484 -0.00183850829
  40.0064201 -0.00239920267
  40.0564919 -0.00202540844
  40.1065598 -0.00352059165
  40.1566315 -0.00239920407
  40.2067032 -0.00426818291
  40.2567749 -0.0050157737
  40.3068428 -0.00632405793
  40.3569145 -0.00707164872
  40.4069862 -0.00725854654
  40.4570541 -0.00688475138
  40.5071259 -0.00651095668
  40.5571976 -0.00576336542
  40.6072693 -0.00538957072
  40.6573372 -0.00482887635
  40.7074089 -0.00464197854
  40.7574806 -0.0059502637
  40.8075485 -0.0063240598
  40.8576202 -0.00688475324
  40.907692 -0.00632405933
  40.9577637 -0.0068847537
  41.0078316 -0.00725854794
  41.0579033 -0.00688475324
  41.107975 -0.00651095761
  41.1580429 -0.00538957026
  41.2081146 -0.00482887635
  41.2581863 -0.00501577416
  41.3082581 -0.00520267198
  41.358326 -0.0066978531
  41.4083977 -0.006324057
  41.4584694 -0.00781923998
  41.5085373 -0.0076323431
  41.558609 -0.00763234356
  41.6086807 -0.00707165105
  41.6587524 -0.00744544622
  41.7088203 -0.00688475277
  41.7588921 -0.00651095714
  41.8089638 -0.00725854887
  41.8590317 -0.00651095621
  41.9091034 -0.00613716058
  41.9591751 -0.00651095621
  42.009243 -0.00651095528
  42.0593147 -0.00576336496
  42.1093864 -0.00538957026
  42.1594582 -0.00576336542
  42.2095261 -0.00520267291
  42.2595978 -0.00557646807
  42.3096695 -0.00520267291
  42.3597374 -0.00651095714
  42.4098091 -0.00781924091
  42.4598808 -0.00781924091
  42.5099525 -0.0080061378
  42.5600204 -0.00819303654
  42.6100922 -0.00912752375
  42.6601639 -0.0080061378
  42.7102318 -0.00800613873
  42.7603035 -0.00837993436
  42.8103752 -0.00707164966
  42.8604469 -0.00725854747
  42.9105148 -0.00669785496
  42.9605865 -0.00632405886
  43.0106583 -0.00613716012
  43.0607262 -0.00744544528
  43.1107979 -0.00837993342
  43.1608696 -0.00894062687
  43.2109413 -0.0080061378
  43.2610092 -0.0080061378
  43.3110809 -0.00819303654
  43.3611526 -0.00707164919
  43.4112206 -0.00763234263
  43.4612923 -0.00781923998
  43.511364 -0.00763234124
  43.5614357 -0.0080061378
  43.6115036 -0.00819303654
  43.6615753 -0.00725854747
  43.711647 -0.00763234356
  43.7617149 -0.00763234356
  43.8117867 -0.00725854887
  43.8618584 -0.0076323445
  43.9119263 -0.00875373185
  43.961998 -0.00744544622
  44.0120697 -0.00800613873
  44.0621414 -0.00725854747
  44.1122093 -0.00819303747
  44.162281 -0.00819303747
  44.2123528 -0.00781924184
  44.2624207 -0.00688475324
  44.3124924 -0.0063240598
  44.3625641 -0.00688475277
  44.4126358 -0.00707164966
  44.4627037 -0.00725854887
  44.5127754 -0.00707165059
  44.5628471 -0.00669785449
  44.612915 -0.0076323431
  44.6629868 -0.007258547
  44.7130585 -0.00800613873
  44.7631302 -0.00819303654
  44.8131981 -0.00837993529
  44.8632698 -0.0095013231
  44.9133415 -0.00931442529
  44.9634094 -0.00837993436
  45.0134811 -0.00781924091
  45.0635529 -0.00725854654
  45.1136246 -0.00781924091
  45.1636925 -0.00744544528
  45.2137642 -0.00632405886
  45.2638359 -0.00576336542
  45.3139038 -0.00595026324
  45.3639755 -0.00651095668
  45.4140472 -0.00707165059
  45.464119 -0.00744544528
  45.5141869 -0.007258547
  45.5642586 -0.00688475138
  45.6143303 -0.00651095528
  45.6643982 -0.00688475044
  45.7144699 -0.00651095528
  45.7645416 -0.00651095528
  45.8146133 -0.00613716058
  45.8646812 -0.00744544528
  45.914753 -0.00781924091
  45.9648247 -0.00781924091
  46.0148926 -0.00744544482
  46.0649643 -0.00819303561
  46.115036 -0.00875372812
  46.1651039 -0.00894062594
  46.2151756 -0.00875372905
  46.2652473 -0.0076323431
  46.3153191 -0.00632405793
  46.365387 -0.00538957026
  46.4154587 -0.00482887635
  46.4655304 -0.00482887635
  46.5155983 -0.00482887728
  46.56567 -0.00408128602
  46.6157417 -0.00352059188
  46.6658134 -0.00389438751
  46.7158813 -0.00389438728
  46.7659531 -0.00445508119
  46.8160248 -0.00482887682
  46.8660927 -0.00520267198
  46.9161644 -0.00613716058
  46.9662361 -0.00445508165
  47.0163078 -0.00426818384
  47.0663757 -0.004641979
  47.1164474 -0.00408128556
  47.1665192 -0.00408128556
  47.2165871 -0.00426818384
  47.2666588 -0.00482887635
  47.3167305 -0.00520267291
  47.3668022 -0.0050157751
  47.4168701 -0.00557646854
  47.4669418 -0.0050157751
  47.5170135 -0.0050157751
  47.5670815 -0.00482887682
  47.6171532 -0.00426818291
  47.6672249 -0.00426818291
  47.7172966 -0.00464197854
  47.7673645 -0.00501577416
  47.8174362 -0.004641979
  47.8675079 -0.00389438705
  47.9175758 -0.00295989774
  47.9676476 -0.00221230555
  48.0177193 -0.00295989728
  48.0677872 -0.00165161176
  48.1178589 -0.00183850981
  48.1679306 -0.000717122224
  48.2180023 -0.000343325664
  48.2680702 -0.00034332613
  48.3181419 -0.00109091878
  48.3682137 -0.00202540774
  48.4182816 -0.00277299946
  48.4683533 -0.00277299923
  48.518425 -0.00221230555
  48.5684967 -0.00295989751
  48.6185646 -0.00352059165
  48.6686363 -0.00314679556
  48.718708 -0.0033336936
  48.7687759 -0.00352059188
  48.8188477 -0.00258610165
  48.8689194 -0.00202540727
  48.9189911 -0.00146471348
  48.969059 -0.0023992036
  49.0191307 -0.00333369384
  49.0692024 -0.00408128556
  49.1192703 -0.00352059165
  49.169342 -0.00295989751
  49.2194138 -0.00314679556
  49.2694855 -0.00258610141
  49.3195534 -0.00295989774
  49.3696251 -0.00258610165
  49.4196968 -0.00295989728
  49.4697647 -0.00221230579
  49.5198364 -0.00333369314
  49.5699081 -0.00445508119
  49.6199799 -0.00408128556
  49.6700478 -0.00482887682
  49.7201195 -0.00557646668
  49.7701912 -0.00557646807
  49.8202591 -0.00576336635
  49.8703308 -0.00520267244
  49.9204025 -0.00482887682
  49.9704742 -0.00520267338
  50.0205421 -0.00370748993
  50.0706139 -0.00408128556
  50.1206856 -0.00370748993
  50.1707535 -0.00333369384
  50.2208252 -0.00352059049
  50.2708969 -0.00408128556
  50.3209648 -0.00426818291
  50.3710365 -0.00389438728
  50.4211082 -0.00408128509
  50.47118 -0.00576336496
  50.5212479 -0.00576336402
  50.5713196 -0.0050157737
  50.6213913 -0.00464197807
  50.6714592 -0.00538956886
  50.7215309 -0.00576336496
  50.7716026 -0.00632405886
  50.8216743 -0.00501577463
  50.8717422 -0.00520267244
  50.921814 -0.00501577463
  50.9718857 -0.00408128556
  51.0219536 -0.004641979
  51.0720253 -0.00333369314
  51.122097 -0.00239920407
  51.1721687 -0.00258610165
  51.2222366 -0.00221230579
  51.2723083 -0.00165161164
  51.3223801 -0.00183851004
  51.372448 -0.00221230532
  51.4225197 -0.00202540704
  51.4725914 -0.00258610165
  51.5226631 -0.00202540704
  51.572731 -0.00221230555
  51.6228027 -0.00146471418
  51.6728745 -0.00127781625
  51.7229424 -0.00183851004
  51.7730141 -0.00221230532
  51.8230858 -0.002772999
  51.8731575 -0.00370749016
  51.9232254 -0.00314679579
  51.9732971 -0.00389438728
  52.0233688 -0.00445508119
  52.0734367 -0.00520267291
  52.1235085 -0.00482887682
  52.1735802 -0.00520267244
  52.2236519 -0.00595026277
  52.2737198 -0.00632405933
  52.3237915 -0.00669785496
  52.3738632 -0.00613716198
  52.4239311 -0.00707164966
  52.4740028 -0.00875373092
  52.5240746 -0.00912752654
  52.5741425 -0.00744544575
  52.6242142 -0.00744544622
  52.6742859 -0.00837993529
  52.7243576 -0.00837993436
  52.7744255 -0.00875372998
  52.8244972 -0.00800613873
  52.8745689 -0.00950132031
  52.9246368 -0.0085668331
  52.9747086 -0.00837993529
  53.0247803 -0.00894062873
  53.074852 -0.0102489134
  53.1249199 -0.0100620156
  53.1749916 -0.00912752654
  53.2250633 -0.00912752654
  53.2751312 -0.00875373092
  53.3252029 -0.0089406278
  53.3752747 -0.0100620128
  53.4253464 -0.0093144225
  53.4754143 -0.00968821906
  53.525486 -0.0106227091
  53.5755577 -0.0119309947
  53.6256256 -0.0132392794
  53.6756973 -0.0130523825
  53.725769 -0.0137999756
  53.7758408 -0.0139868725
  53.8259087 -0.0143606681
  53.8759804 -0.014547566
  53.9260521 -0.0147344638
  53.97612 -0.0139868725
  54.0261917 -0.014547565
  54.0762634 -0.0147344638
  54.1263351 -0.0141737713
  54.176403 -0.01436067
  54.2264748 -0.0156689547
  54.2765465 -0.0177248307
  54.3266144 -0.0180986281
  54.3766861 -0.0177248344
  54.4267578 -0.0177248344
  54.4768295 -0.0180986281
  54.5268974 -0.0184724219
  54.5769691 -0.0180986263
  54.6270409 -0.0182855222
  54.6771088 -0.0192200113
  54.7271805 -0.0194069091
  54.7772522 -0.0180986263
  54.8273201 -0.0184724219
  54.8773918 -0.0180986263
  54.9274635 -0.0190331172
  54.9775352 -0.0190331154
  55.0276031 -0.0190331154
  55.0776749 -0.0190331154
  55.1277466 -0.0201545022
  55.1778145 -0.0212758929
  55.2278862 -0.0207151975
  55.2779579 -0.0207151994
  55.3280296 -0.0194069091
  55.3780975 -0.0190331154
  55.4281693 -0.0195938069
  55.478241 -0.0201545022
  55.5283089 -0.0201545004
  55.5783806 -0.0190331154
  55.6284523 -0.0194069091
  55.678524 -0.0207151975
  55.7285919 -0.0207151957
  55.7786636 -0.0209020935
  55.8287354 -0.0201545004
  55.8788033 -0.0201544985
  55.928875 -0.0209020935
  55.9789467 -0.0223972779
  56.0290184 -0.0223972797
  56.0790863 -0.0218365863
  56.129158 -0.0222103819
  56.1792297 -0.0216496866
  56.2292976 -0.0223972797
  56.2793694 -0.0225841757
  56.3294411 -0.0223972723
  56.3795128 -0.0229579676
  56.4295807 -0.0225841738
  56.4796524 -0.0237055589
  56.5297241 -0.023705557
  56.579792 -0.023705557
  56.6298637 -0.0242662504
  56.6799355 -0.0246400461
  56.7300034 -0.0231448673
  56.7800751 -0.0229579676
  56.8301468 -0.0225841738
  56.8802185 -0.0227710698
  56.9302864 -0.0216496848
  56.9803581 -0.0222103801
  57.0304298 -0.0216496885
  57.0804977 -0.0225841738
  57.1305695 -0.0229579657
  57.1806412 -0.0227710698
  57.2307129 -0.0242662504
  57.2807808 -0.0233317595
  57.3308525 -0.0237055551
  57.3809242 -0.0248269401
  57.4309921 -0.0261352211
  57.4810638 -0.0257614274
  57.5311356 -0.0263221227
  57.5812073 -0.026135223
  57.6312752 -0.0263221227
  57.6813469 -0.0255745333
  57.7314186 -0.0252007358
  57.7814865 -0.0252007395
  57.8315582 -0.0246400461
  57.8816299 -0.0259483289
  57.9317017 -0.0257614311
  57.9817696 -0.0248269439
  58.0318413 -0.0250138454
  58.081913 -0.0261352286
  58.1319809 -0.0268828217
  58.1820526 -0.0266959239
  58.2321243 -0.0263221264
  58.282196 -0.0276304092
  58.3322639 -0.0266959239
  58.3823357 -0.0261352304
  58.4324074 -0.0268828198
  58.4824753 -0.0265090205
  58.532547 -0.0265090205
  58.5826187 -0.0274435095
  58.6326904 -0.0259483345
  58.6827583 -0.0257614367
  58.73283 -0.0261352304
  58.7829018 -0.0259483326
  58.8329697 -0.0261352286
  58.8830414 -0.0263221264
  58.9331131 -0.0272566155
  58.983181 -0.0280042049
  59.0332527 -0.0289386921
  59.0833244 -0.029312484
  59.1333961 -0.029312484
  59.1834641 -0.0294993836
  59.2335358 -0.0294993836
  59.2836075 -0.0293124877
  59.3336754 -0.0283780005
  59.3837471 -0.0285649002
  59.4338188 -0.028004203
  59.4838905 -0.027817307
  59.5339584 -0.0266959202
  59.5840302 -0.0268828198
  59.6341019 -0.0265090261
  59.6841698 -0.0263221245
  59.7342415 -0.0265090242
  59.7843132 -0.0270697139
  59.8343849 -0.0266959164
  59.8844528 -0.0270697102
  59.9345245 -0.0266959164
  59.9845963 -0.0261352267
  60.0346642 -0.0261352267
  60.0847359 -0.0242662467
  60.1348076 -0.0244531464
  60.1848793 -0.0235186648
  60.2349472 -0.0233317669
  60.2850189 -0.0225841757
  60.3350906 -0.0227710735
  60.3851585 -0.0229579657
  60.4352303 -0.0242662467
  60.485302 -0.0244531501
  60.5353737 -0.023705557
  60.5854416 -0.0235186592
  60.6355133 -0.0229579676
  60.685585 -0.0220234822
  60.7356529 -0.022023486
  60.7857246 -0.0216496903
  60.8357964 -0.022397276
  60.8858643 -0.0218365844
  60.935936 -0.0220234804
  60.9860077 -0.0218365844
  61.0360794 -0.0209020954
  61.0861473 -0.0212758891
  61.136219 -0.0216496866
  61.1862907 -0.0209020972
  61.2363586 -0.0210889969
  61.2864304 -0.0209020954
  61.3365021 -0.0209020972
  61.3865738 -0.020154506
  61.4366417 -0.0203414075
  61.4867134 -0.0205283016
  61.5367851 -0.0194069166
  61.586853 -0.0194069128
  61.6369247 -0.0197807085
  61.6869965 -0.0197807103
  61.7370682 -0.0210889913
  61.7871361 -0.0216496866
  61.8372078 -0.0210889913
  61.8872795 -0.020528296
  61.9373474 -0.0199676026
  61.9874191 -0.019406911
  62.0374908 -0.019406911
  62.0875626 -0.0195938069
  62.1376305 -0.0190331154
  62.1877022 -0.0188462157
  62.2377739 -0.0173510332
  62.2878418 -0.0173510313
  62.3379135 -0.0166034382
  62.3879852 -0.016790336
  62.4380569 -0.01660344
  62.4881248 -0.0166034419
  62.5381966 -0.0169772394
  62.5882683 -0.0179117303
  62.6383362 -0.0180986263
  62.6884079 -0.0182855222
  62.7384796 -0.0173510332
  62.7885513 -0.0173510332
  62.8386192 -0.0171641335
  62.8886909 -0.0173510313
  62.9387627 -0.0179117266
  62.9888306 -0.0167903379
  63.0389023 -0.0160427466
  63.088974 -0.0166034419
  63.1390419 -0.0160427485
  63.1891136 -0.0169772357
  63.2391853 -0.0169772375
  63.289257 -0.0166034419
  63.339325 -0.0169772375
  63.3893967 -0.0171641354
  63.4394684 -0.0166034419
  63.4895363 -0.0162296444
  63.539608 -0.0149213588
  63.5896797 -0.0139868706
  63.6397514 -0.0141737675
  63.6898193 -0.0143606672
  63.7398911 -0.0141737703
  63.7899628 -0.014547565
  63.8400307 -0.0141737703
  63.8901024 -0.0152951553
  63.9401741 -0.0158558488
  63.9902458 -0.0152951553
  64.0403137 -0.0152951553
  64.0903854 -0.0151082594
  64.1404572 -0.0145475613
  64.1905289 -0.0143606653
  64.2406006 -0.0139868697
  64.2906647 -0.0141737694
  64.3407364 -0.0139868706
  64.3908081 -0.0134261781
  64.4408798 -0.0132392794
  64.4909515 -0.0137999738
  64.5410233 -0.0128654847
  64.591095 -0.0132392822
  64.6411591 -0.0141737722
  64.6912308 -0.0141737722
  64.7413025 -0.0141737713
  64.7913742 -0.0149213625
  64.8414459 -0.0134261781
  64.8915176 -0.0132392785
  64.9415894 -0.0132392775
  64.9916534 -0.0130523797
  65.0417252 -0.0124916863
  65.0917969 -0.0111834016
  65.1418686 -0.0117440969
  65.1919403 -0.0123047894
  65.242012 -0.0113703003
  65.2920837 -0.0115571972
  65.3421478 -0.0121178925
  65.3922195 -0.0102489116
  65.4422913 -0.0100620165
  65.492363 -0.0106227091
  65.5424347 -0.0102489116
  65.5925064 -0.00894062594
  65.6425781 -0.00950132031
  65.6926422 -0.00912752654
  65.7427139 -0.00931442436
  65.7927856 -0.0100620165
  65.8428574 -0.0108096087
  65.8929291 -0.0104358122
  65.9430008 -0.0106227081
  65.9930725 -0.0102489125
  66.0431366 -0.0109965047
  66.0932083 -0.0111834025
  66.14328 -0.0102489125
  66.1933517 -0.0089406278
  66.2434235 -0.00819303654
  66.2934952 -0.00819303747
  66.3435593 -0.00763234403
  66.393631 -0.00763234356
  66.4437027 -0.00819303747
  66.4937744 -0.00800613873
  66.5438461 -0.00912752748
  66.5939178 -0.00875373092
  66.6439896 -0.0080061378
  66.6940536 -0.00875372998
  66.7441254 -0.00819303654
  66.7941971 -0.00912752561
  66.8442688 -0.0100620147
  66.8943405 -0.00912752654
  66.9444122 -0.00875372998
  66.9944839 -0.00856683217
  67.044548 -0.00894062873
  67.0946198 -0.0098751178
  67.1446915 -0.00968821999
  67.1947632 -0.0098751178
  67.2448349 -0.0108096087
  67.2949066 -0.0115572028
  67.3449783 -0.0123047912
  67.3950424 -0.0111834053
  67.4451141 -0.0117441015
  67.4951859 -0.01249169
  67.5452576 -0.0117440987
  67.5953293 -0.0117440978
  67.645401 -0.0124916891
  67.6954727 -0.0126785869
  67.7455368 -0.0123047903
  67.7956085 -0.0119309947
  67.8456802 -0.0123047912
  67.895752 -0.0126785869
  67.9458237 -0.0126785869
  67.9958954 -0.0121178925
  68.0459671 -0.0124916891
  68.0960312 -0.0130523825
  68.1461029 -0.0128654856
  68.1961746 -0.0134261791
  68.2462463 -0.0132392785
  68.2963181 -0.0136130759
  68.3463898 -0.0134261791
  68.3964615 -0.0134261781
  68.4465256 -0.0132392785
  68.4965973 -0.0139868716
  68.546669 -0.0149213597
  68.5967407 -0.0143606663
  68.6468124 -0.0139868679
  68.6968842 -0.0128654819
  68.7469559 -0.013613075
  68.79702 -0.0137999728
  68.8470917 -0.0128654819
  68.8971634 -0.0130523797
  68.9472351 -0.011744095
  68.9973068 -0.0113702994
  69.0473785 -0.0121178916
  69.0974503 -0.0128654819
  69.1475143 -0.0121178888
  69.1975861 -0.0115571972
  69.2476578 -0.0121178925
  69.2977295 -0.0119309966
  69.3478012 -0.0111834044
  69.3978729 -0.0102489162
  69.4479446 -0.0130523862
  69.4980087 -0.0126785869
  69.5480804 -0.0126785869
  69.5981522 -0.0121178944
  69.6482239 -0.0132392813
  69.6982956 -0.0136130778
  69.7483673 -0.0136130759
  69.798439 -0.013613075
  69.8485031 -0.0139868697
  69.8985748 -0.0145475632
  69.9486465 -0.0147344628
  69.9987183 -0.014547565
  70.04879 -0.0139868716
  70.0988617 -0.0141737703
  70.1489334 -0.0143606672
  70.1989975 -0.0152951581
  70.2490692 -0.015482055
  70.2991409 -0.0160427522
  70.3492126 -0.0158558544
  70.3992844 -0.0160427503
  70.4493561 -0.0164165441
  70.4994202 -0.0166034419
  70.5494919 -0.0162296463
  70.5995636 -0.0152951563
  70.6496353 -0.0151082575
  70.699707 -0.0154820541
  70.7497787 -0.0162296444
  70.7998505 -0.0164165422
  70.8499146 -0.0162296444
  70.8999863 -0.0152951581
  70.950058 -0.0156689528
  71.0001297 -0.0147344619
  71.0502014 -0.0143606663
  71.1002731 -0.0143606653
  71.1503448 -0.0145475632
  71.2004089 -0.0132392813
  71.2504807 -0.0130523825
  71.3005524 -0.0137999747
  71.3506241 -0.0143606672
  71.4006958 -0.0136130759
  71.4507675 -0.0132392813
  71.5008392 -0.0134261781
  71.5509033 -0.0136130759
  71.600975 -0.0151082594
  71.6510468 -0.015482055
  71.7011185 -0.015482055
  71.7511902 -0.0152951581
  71.8012619 -0.0160427503
  71.8513336 -0.0164165478
  71.9013977 -0.0160427503
  71.9514694 -0.0151082613
  72.0015411 -0.0152951591
  72.0516129 -0.0156689528
  72.1016846 -0.0160427485
  72.1517563 -0.0151082575
  72.201828 -0.0152951553
  72.2518921 -0.0164165422
  72.3019638 -0.0162296444
  72.3520355 -0.0162296426
  72.4021072 -0.0164165404
  72.452179 -0.0158558469
  72.5022507 -0.0149213579
  72.5523224 -0.0152951535
  72.6023865 -0.0154820541
  72.6524582 -0.0151082585
  72.7025299 -0.0158558507
  72.7526016 -0.0151082585
  72.8026733 -0.0149213597
  72.8527451 -0.0145475632
  72.9028168 -0.0136130759
  72.9528809 -0.0136130759
  73.0029526 -0.0134261763
  73.0530243 -0.0143606663
  73.103096 -0.0132392794
  73.1531677 -0.0126785859
  73.2032394 -0.0126785869
  73.2533112 -0.0134261781
  73.3033752 -0.0143606663
  73.353447 -0.0134261781
  73.4035187 -0.0134261791
  73.4535904 -0.0128654866
  73.5036621 -0.0130523825
  73.5537338 -0.0130523825
  73.6038055 -0.0128654819
  73.6538696 -0.0113703012
  73.7039413 -0.0109965056
  73.7540131 -0.0121178916
  73.8040848 -0.0124916881
  73.8541565 -0.0130523816
  73.9042282 -0.0134261772
  73.9542999 -0.0141737675
  74.004364 -0.0147344628
  74.0544357 -0.014547566
  74.1045074 -0.0151082575
  74.1545792 -0.0160427485
  74.2046509 -0.0166034419
  74.2547226 -0.0160427447
  74.3047943 -0.0162296444
  74.3548584 -0.01660344
  74.4049301 -0.0162296444
  74.4550018 -0.0160427447
  74.5050735 -0.014547566
  74.5551453 -0.0134261781
  74.605217 -0.0136130759
  74.6552887 -0.0137999747
  74.7053528 -0.0139868744
  74.7554245 -0.0128654828
  74.8054962 -0.0128654828
  74.8555679 -0.0128654828
  74.9056396 -0.0137999728
  74.9557114 -0.0137999728
  75.0057755 -0.0130523825
  75.0558472 -0.013613075
  75.1059189 -0.0143606672
  75.1559906 -0.0147344628
  75.2060623 -0.0151082594
  75.256134 -0.01473446
  75.3062057 -0.0147344582
  75.3562698 -0.0151082547
  75.4063416 -0.0152951553
  75.4564133 -0.0151082575
  75.506485 -0.0154820541
  75.5565567 -0.015482056
  75.6066284 -0.0158558544
  75.6567001 -0.01529516
  75.7067642 -0.0160427485
  75.7568359 -0.0162296463
  75.8069077 -0.0158558507
  75.8569794 -0.0143606663
  75.9070511 -0.0141737675
  75.9571228 -0.0139868706
  76.0071945 -0.014547565
  76.0572586 -0.0143606672
  76.1073303 -0.0141737675
  76.157402 -0.0134261744
  76.2074738 -0.0134261744
  76.2575455 -0.0134261735
  76.3076172 -0.0124916853
  76.3576889 -0.0132392775
  76.407753 -0.0132392775
  76.4578247 -0.013799971
  76.5078964 -0.013799971
  76.5579681 -0.0141737694
  76.6080399 -0.0145475632
  76.6581116 -0.014547566
  76.7081833 -0.0145475632
  76.7582474 -0.0147344619
  76.8083191 -0.0143606672
  76.8583908 -0.0147344628
  76.9084625 -0.0141737703
  76.9585342 -0.0147344647
  77.008606 -0.0158558507
  77.0586777 -0.0158558507
  77.1087418 -0.0158558488
  77.1588135 -0.015668951
  77.2088852 -0.0149213579
  77.2589569 -0.0143606625
  77.3090286 -0.0145475632
  77.3591003 -0.0152951563
  77.4091721 -0.0152951553
  77.4592361 -0.0154820541
  77.5093079 -0.0160427485
  77.5593796 -0.0160427485
  77.6094513 -0.0166034419
  77.659523 -0.0171641335
  77.7095947 -0.0173510332
  77.7596664 -0.0162296463
  77.8097305 -0.016416546
  77.8598022 -0.0151082594
  77.909874 -0.015482056
  77.9599457 -0.0149213625
  78.0100174 -0.0147344628
  78.0600891 -0.0141737694
  78.1101608 -0.0149213616
  78.1602249 -0.0149213597
  78.2102966 -0.0136130759
  78.2603683 -0.0137999738
  78.3104401 -0.0137999738
  78.3605118 -0.0134261772
  78.4105835 -0.0134261781
  78.4606552 -0.0147344638
  78.5107193 -0.0141737703
  78.560791 -0.0143606672
  78.6108627 -0.0134261781
  78.6609344 -0.0139868706
  78.7110062 -0.0134261781
  78.7610779 -0.0124916881
  78.8111496 -0.0119309938
  78.8612137 -0.0128654828
  78.9112854 -0.0128654856
  78.9613571 -0.0130523816
  79.0114288 -0.0128654828
  79.0615005 -0.0130523806
  79.1115723 -0.0143606663
  79.1616364 -0.0156689528
  79.2117081 -0.0151082585
  79.2617798 -0.0160427503
  79.3118515 -0.0162296481
  79.3619232 -0.0156689528
  79.4119949 -0.0160427485
  79.4620667 -0.0158558507
  79.5121307 -0.0139868706
  79.5622025 -0.0134261763
  79.6122742 -0.0145475622
  79.6623459 -0.0141737675
  79.7124176 -0.0132392775
  79.7624893 -0.0124916863
  79.812561 -0.0130523816
  79.8626251 -0.0130523825
  79.9126968 -0.0132392813
  79.9627686 -0.0121178944
  80.0128403 -0.0128654866
  80.062912 -0.0121178934
  80.1129837 -0.0121178925
  80.1630554 -0.012678585
  80.2131195 -0.0123047903
  80.2631912 -0.0123047894
  80.3132629 -0.0130523834
  80.3633347 -0.0136130759
  80.4134064 -0.0128654828
  80.4634781 -0.0139868697
  80.5135498 -0.014547565
  80.5636139 -0.0154820541
  80.6136856 -0.015668951
  80.6637573 -0.01473446
  80.713829 -0.0151082547
  80.7639008 -0.0145475632
  80.8139725 -0.014547565
  80.8640442 -0.0139868716
  80.9141083 -0.0126785869
  80.96418 -0.0128654847
  81.0142517 -0.0124916863
  81.0643234 -0.0132392794
  81.1143951 -0.0121178916
  81.1644669 -0.0137999728
  81.2145386 -0.0149213597
  81.2646027 -0.0149213616
  81.3146744 -0.0151082603
  81.3647461 -0.0152951553
  81.4148178 -0.0147344628
  81.4648895 -0.0147344619
  81.5149612 -0.0147344628
  81.565033 -0.014547566
  81.615097 -0.0137999728
  81.6651688 -0.0141737703
  81.7152405 -0.0141737722
  81.7653122 -0.0139868744
  81.8153839 -0.0145475678
  81.8654556 -0.0147344666
  81.9155273 -0.0154820578
  81.9655914 -0.0152951563
  82.0156631 -0.0171641372
  82.0657349 -0.0164165422
  82.1158066 -0.0152951553
  82.1658783 -0.0158558488
  82.21595 -0.0156689528
  82.2660217 -0.0158558488
  82.3160858 -0.0158558507
  82.3661575 -0.0160427485
  82.4162292 -0.015482055
  82.466301 -0.0160427485
  82.5163727 -0.0160427485
  82.5664444 -0.0160427503
  82.6165161 -0.0166034438
  82.6665802 -0.0164165478
  82.7166519 -0.0167903416
  82.7667236 -0.0164165478
  82.8167953 -0.0171641372
  82.8668671 -0.0167903416
  82.9169388 -0.0177248307
  82.9670105 -0.0173510332
  83.0170746 -0.0164165422
  83.0671463 -0.016416546
  83.117218 -0.016416546
  83.1672897 -0.0158558488
  83.2173615 -0.015482055
  83.2674332 -0.0160427485
  83.3175049 -0.0167903416
  83.367569 -0.0167903416
  83.4176407 -0.0164165441
  83.4677124 -0.0158558507
  83.5177841 -0.0164165441
  83.5678558 -0.0160427522
  83.6179276 -0.0151082613
  83.6679916 -0.0143606681
  83.7180634 -0.0158558525
  83.7681351 -0.0156689528
  83.8182068 -0.0156689528
  83.8682785 -0.0147344638
  83.9183502 -0.0151082613
  83.9684219 -0.0156689547
  84.018486 -0.0158558544
  84.0685577 -0.0160427503
  84.1186295 -0.0166034419
  84.1687012 -0.0169772375
  84.2187729 -0.0182855222
  84.2688446 -0.0194069091
  84.3189163 -0.018659316
  84.3689804 -0.0190331135
  84.4190521 -0.0188462138
  84.4691238 -0.0177248269
  84.5191956 -0.0179117247
  84.5692673 -0.0173510313
  84.619339 -0.0171641335
  84.6694107 -0.0169772375
  84.7194748 -0.0158558525
  84.7695465 -0.0162296463
  84.8196182 -0.0151082613
  84.8696899 -0.0151082594
  84.9197617 -0.0149213634
  84.9698334 -0.0149213625
  85.0199051 -0.0151082594
  85.0699692 -0.0156689528
  85.1200409 -0.0167903416
  85.1701126 -0.0166034438
  85.2201843 -0.0166034438
  85.270256 -0.0177248325
  85.3203278 -0.0180986281
  85.3703995 -0.0179117303
  85.4204636 -0.017351035
  85.4705353 -0.0177248307
  85.520607 -0.017351035
  85.5706787 -0.016416546
  85.6207504 -0.015482056
  85.6708221 -0.0156689547
  85.7208939 -0.0171641372
  85.7709579 -0.0169772375
  85.8210297 -0.0175379347
  85.8711014 -0.0175379347
  85.9211731 -0.0167903416
  85.9712448 -0.017351035
  86.0213165 -0.0160427503
  86.0713882 -0.0152951591
  86.1214523 -0.0151082594
  86.171524 -0.0156689528
  86.2215958 -0.0147344619
  86.2716675 -0.0143606672
  86.3217392 -0.0149213616
  86.3718109 -0.0149213616
  86.4218826 -0.0152951563
  86.4719467 -0.0160427503
  86.5220184 -0.015482056
  86.5720901 -0.0162296463
  86.6221619 -0.0164165422
  86.6722336 -0.0167903397
  86.7223053 -0.0164165422
  86.772377 -0.0160427485
  86.8224411 -0.0160427485
  86.8725128 -0.0164165441
  86.9225845 -0.0152951581
  86.9726562 -0.0152951581
  87.022728 -0.0151082594
  87.0727997 -0.0156689528
  87.1228714 -0.0160427466
  87.1729355 -0.0158558488
  87.2230072 -0.0167903397
  87.2730789 -0.0169772375
  87.3231506 -0.0179117266
  87.3732224 -0.0182855241
  87.4232941 -0.0179117303
  87.4733658 -0.018285526
  87.5234299 -0.0177248325
  87.5735016 -0.0186593197
  87.6235733 -0.0173510369
  87.673645 -0.0166034456
  87.7237167 -0.0171641372
  87.7737885 -0.0164165441
  87.8238525 -0.0166034419
  87.8739243 -0.0167903379
  87.923996 -0.0167903416
  87.9740677 -0.016416546
  88.0241394 -0.0167903434
  88.0742111 -0.0184724219
  88.1242828 -0.0177248288
  88.1743469 -0.0180986244
  88.2244186 -0.0179117266
  88.2744904 -0.0182855241
  88.3245621 -0.0186593179
  88.3746338 -0.0177248307
  88.4247055 -0.0180986263
  88.4747772 -0.0180986263
  88.5248413 -0.0177248307
  88.574913 -0.0182855241
  88.6249847 -0.0184724219
  88.6750565 -0.0192200132
  88.7251282 -0.019406911
  88.7751999 -0.0195938069
  88.8252716 -0.0197807066
  88.8753357 -0.0190331135
  88.9254074 -0.0192200113
  88.9754791 -0.0188462157
  89.0255508 -0.0179117247
  89.0756226 -0.0188462194
  89.1256943 -0.0188462194
  89.175766 -0.0184724201
  89.2258301 -0.0182855241
  89.2759018 -0.0180986281
  89.3259735 -0.0180986281
  89.3760452 -0.0186593197
  89.4261169 -0.0184724219
  89.4761887 -0.0184724201
  89.5262604 -0.0184724182
  89.5763245 -0.0179117266
  89.6263962 -0.0164165404
  89.6764679 -0.0173510313
  89.7265396 -0.0182855222
  89.7766113 -0.0180986226
  89.826683 -0.0177248288
  89.8767548 -0.0175379291
  89.9268188 -0.0173510332
  89.9768906 -0.0184724201
  90.0269623 -0.0184724201
  90.077034 -0.0177248288
  90.1271057 -0.0169772375
  90.1771774 -0.0179117285
  90.2272491 -0.019220015
  90.2773132 -0.0207151975
  90.3273849 -0.0197807085
  90.3774567 -0.0199676082
  90.4275284 -0.0190331172
  90.4776001 -0.0190331172
  90.5276718 -0.0184724201
  90.5777435 -0.0192200113
  90.6278076 -0.0184724182
  90.6778793 -0.0177248251
  90.727951 -0.0175379291
  90.7780228 -0.0171641354
  90.8280945 -0.017351035
  90.8781662 -0.0177248307
  90.9282379 -0.0180986319
  90.978302 -0.0186593235
  91.0283737 -0.019220015
  91.0784454 -0.0197807029
  91.1285172 -0.0194069073
  91.1785889 -0.0167903397
  91.2286606 -0.0164165441
  91.2787323 -0.0154820532
  91.3287964 -0.0143606663
  91.3788681 -0.0126785859
  91.4289398 -0.0132392785
  91.4790115 -0.0123047903
  91.5290833 -0.0134261791
  91.579155 -0.0136130778
  91.6292267 -0.0158558507
  91.6792908 -0.0169772375
  91.7293625 -0.017537931
  91.7794342 -0.0169772394
  91.8295059 -0.0171641372
  91.8795776 -0.0180986244
  91.9296494 -0.0173510332
  91.9797134 -0.0180986244
  92.0297852 -0.0171641335
  92.0798569 -0.0164165422
  92.1299286 -0.0162296444
  92.1800003 -0.0156689472
  92.230072 -0.0164165404
  92.2801437 -0.0160427466
  92.3302078 -0.0158558469
  92.3802795 -0.0164165441
  92.4303513 -0.01660344
  92.480423 -0.0167903379
  92.5304947 -0.0177248307
  92.5805664 -0.0160427485
  92.6306381 -0.0160427447
  92.6807022 -0.0149213588
  92.7307739 -0.0143606672
  92.7808456 -0.0130523806
  92.8309174 -0.0134261772
  92.8809891 -0.0134261772
  92.9310608 -0.0145475632
  92.9811325 -0.0145475622
  93.0311966 -0.0149213588
  93.0812683 -0.0147344628
  93.13134 -0.0145475669
  93.1814117 -0.0136130759
  93.2314835 -0.013613075
  93.2815552 -0.0139868697
  93.3316269 -0.0136130741
  93.381691 -0.0134261744
  93.4317627 -0.0132392766
  93.4818344 -0.0134261744
  93.5319061 -0.0141737666
  93.5819778 -0.0141737657
  93.6320496 -0.0152951553
  93.6821213 -0.0160427466
  93.7321854 -0.0169772375
  93.7822571 -0.0164165422
  93.8323288 -0.0160427466
  93.8824005 -0.0162296444
  93.9324722 -0.0162296463
  93.9825439 -0.0160427503
  94.0326157 -0.0160427485
  94.0826797 -0.0173510332
  94.1327515 -0.0167903379
  94.1828232 -0.0162296463
  94.2328949 -0.0169772375
  94.2829666 -0.0171641372
  94.3330383 -0.0180986281
  94.38311 -0.0184724238
  94.4331741 -0.0169772413
  94.4832458 -0.0169772413
  94.5333176 -0.0175379347
  94.5833893 -0.0171641391
  94.633461 -0.0162296463
  94.6835327 -0.0169772375
  94.7336044 -0.0162296463
  94.7836685 -0.0156689547
  94.8337402 -0.0158558525
  94.883812 -0.016416546
  94.9338837 -0.0156689491
  94.9839554 -0.0151082566
  95.0340271 -0.0154820513
  95.0840988 -0.0160427466
  95.1341629 -0.0158558488
  95.1842346 -0.0162296444
  95.2343063 -0.0162296444
  95.2843781 -0.016790336
  95.3344498 -0.0169772357
  95.3845215 -0.0169772357
  95.4345932 -0.0169772357
  95.4846573 -0.0171641335
  95.534729 -0.0173510332
  95.5848007 -0.0177248288
  95.6348724 -0.0169772375
  95.6849442 -0.0158558507
  95.7350159 -0.015482055
  95.7850876 -0.016416546
  95.8351517 -0.0162296463
  95.8852234 -0.0160427503
  95.9352951 -0.0160427485
  95.9853668 -0.0151082566
  96.0354385 -0.0152951563
  96.0855103 -0.0145475622
  96.1355743 -0.0143606653
  96.1856461 -0.0147344619
  96.2357178 -0.01473446
  96.2857895 -0.0145475632
  96.3358612 -0.0139868688
  96.3859329 -0.0139868688
  96.4360046 -0.0139868688
  96.4860687 -0.0139868697
  96.5361404 -0.0141737666
  96.5862122 -0.0145475632
  96.6362839 -0.0160427485
  96.6863556 -0.0156689528
  96.7364273 -0.0151082594
  96.786499 -0.0151082594
  96.8365631 -0.0156689528
  96.8866348 -0.0166034419
  96.9367065 -0.0164165422
  96.9867783 -0.0164165422
  97.03685 -0.0158558507
  97.0869217 -0.0160427485
  97.1369934 -0.0164165441
  97.1870575 -0.0169772431
  97.2371292 -0.0177248344
  97.2872009 -0.0166034438
  97.3372726 -0.0160427503
  97.3873444 -0.0164165441
  97.4374161 -0.0171641335
  97.4874878 -0.0167903379
  97.5375519 -0.0164165404
  97.5876236 -0.0164165422
  97.6376953 -0.0151082566
  97.687767 -0.0154820532
  97.7378387 -0.0151082585
  97.7879105 -0.0154820541
  97.8379822 -0.0151082594
  97.8880463 -0.0151082603
  97.938118 -0.015482055
  97.9881897 -0.0151082594
  98.0382614 -0.0156689528
  98.0883331 -0.0167903416
  98.1384048 -0.017351035
  98.1884766 -0.017351035
  98.2385406 -0.0171641354
  98.2886124 -0.0173510332
  98.3386841 -0.0171641372
  98.3887558 -0.0167903397
  98.4388275 -0.0169772375
  98.4888992 -0.0156689547
  98.5389709 -0.0160427485
  98.589035 -0.0160427485
  98.6391068 -0.0180986263
  98.6891785 -0.0180986244
  98.7392502 -0.0171641372
  98.7893219 -0.0186593253
  98.8393936 -0.0207152013
  98.8894653 -0.0214627925
  98.9395294 -0.0212758929
  98.9896011 -0.020154506
  99.0396729 -0.0207151994
  99.0897446 -0.0210889932
  99.1398163 -0.0210889913
  99.189888 -0.0199676026
  99.2399597 -0.0199676044
  99.2900238 -0.0195938088
  99.3400955 -0.0188462194
  99.3901672 -0.0182855222
  99.440239 -0.0182855241
  99.4903107 -0.0188462194
  99.5403824 -0.0177248307
  99.5904541 -0.017351035
  99.6405182 -0.0182855241
  99.6905899 -0.0180986263
  99.7406616 -0.017537931
  99.7907333 -0.016416546
  99.8408051 -0.0171641372
  99.8908768 -0.0167903416
  99.9409485 -0.0169772394
  99.9910126 -0.0167903416
  100.041084 -0.018285526
  100.091156 -0.0186593197
  100.141228 -0.018285526
  100.191299 -0.0190331172
  100.241371 -0.019220015
  100.291443 -0.0195938088
  100.341507 -0.0194069091
  100.391579 -0.0190331191
  100.44165 -0.0190331172
  100.491722 -0.0186593197
  100.541794 -0.0186593197
  100.591866 -0.0188462157
  100.64193 -0.0180986226
  100.692001 -0.0192200169
  100.742073 -0.0186593197
  100.792145 -0.0182855222
  100.842216 -0.0190331172
  100.892288 -0.0182855222
  100.94236 -0.0182855241
  100.992424 -0.0173510332
  101.042496 -0.0180986281
  101.092567 -0.0188462194
  101.142639 -0.0188462157
  101.192711 -0.0190331154
  101.242783 -0.0205282923
  101.292854 -0.0195938069
  101.342918 -0.0192200132
  101.39299 -0.0194069091
  101.443062 -0.0199675988
  101.493134 -0.0195938051
  101.543205 -0.0186593179
  101.593277 -0.017537931
  101.643349 -0.0182855222
  101.693413 -0.0186593179
  101.743484 -0.017537931
  101.793556 -0.0177248269
  101.843628 -0.0173510332
  101.8937 -0.0171641391
  101.943771 -0.0184724219
  101.993843 -0.0186593197
  102.043907 -0.0177248307
  102.093979 -0.0175379328
  102.144051 -0.0182855241
  102.194122 -0.0182855241
  102.244194 -0.0180986263
  102.294266 -0.017537931
  102.344337 -0.0173510332
  102.394402 -0.0177248288
  102.444473 -0.017537931
  102.494545 -0.0169772375
  102.544617 -0.016790336
  102.594688 -0.01660344
  102.64476 -0.0152951563
  102.694832 -0.01436067
  102.744896 -0.0137999756
  102.794968 -0.0136130741
  102.845039 -0.0134261772
  102.895111 -0.0124916844
  102.945183 -0.0117440931
  102.995255 -0.011930991
  103.045326 -0.0124916853
  103.09539 -0.0132392775
  103.145462 -0.0123047903
  103.195534 -0.0126785859
  103.245605 -0.012304794
  103.295677 -0.0117440987
  103.345749 -0.0111834044
  103.395821 -0.0108096078
  103.445885 -0.00987511594
  103.495956 -0.00987511594
  103.546028 -0.00968821906
  103.5961 -0.00968821906
  103.646172 -0.0102489125
  103.696243 -0.0102489125
  103.746315 -0.00968821906
  103.796379 -0.00968821999
  103.846451 -0.01062271
  103.896523 -0.00968822185
  103.946594 -0.00875373185
  103.996666 -0.0085668331
  104.046738 -0.00819303654
  104.096809 -0.00837993436
  104.146873 -0.00837993529
  104.196945 -0.0085668331
  104.247017 -0.00781924184
  104.297089 -0.00725854747
  104.34716 -0.00875373092
  104.397232 -0.00912752654
  104.447304 -0.00875373092
  104.497368 -0.00856683217
  104.54744 -0.00819303654
  104.597511 -0.0080061378
  104.647583 -0.00688475044
  104.697655 -0.00613716012
  104.747726 -0.00557646621
  104.797791 -0.00576336449
  104.847862 -0.00632405793
  104.897934 -0.00538956933
  104.948006 -0.00520267244
  104.998077 -0.00501577416
  105.048149 -0.00482887682
  105.098221 -0.00595026463
  105.148285 -0.00520267244
