-27.75
28.25
-247.75
136.25
-226.75
126.25
-183.75
-138.75
-198.75
-286.75
42.25
39.25
116.25
164.25
-262.75
81.25
126.25
-164.75
37.25
50.25
92.25
112.25
-106.75
99.25
83.25
122.25
164.25
149.25
29.25
77.25
38.25
49.25
46.25
42.25
91.25
91.25
-110.75
119.25
65.25
122.25
103.25
11.25
-89.75
80.25
-66.75
84.25
91.25
-164.75
72.25
67.25
-148.75
139.25
143.25
36.25
75.25
71.25
89.25
58.25
88.25
-2.75
-120.75
71.25
50.25
-134.75
90.25
81.25
85.25
44.25
70.25
9.25
11.25
-126.75
105.25
30.25
-211.75
69.25
55.25
51.25
77.25
61.25
1.25
-156.75
101.25
-59.75
166.25
58.25
-80.75
41.25
46.25
75.25
120.25
-154.75
-187.75
96.25
-130.75
120.25
94.25
85.25
-151.75
80.25
130.25
93.25
67.25
109.25
-66.75
-149.75
-112.75
14.25
35.25
95.25
37.25
41.25
28.25
66.25
-122.75
98.25
158.25
20.25
78.25
142.25
95.25
118.25
90.25
-112.75
-160.75
63.25
206.25
72.25
-134.75
-132.75
-200.75
52.25
-95.75
55.25
121.25
207.25
86.25
61.25
67.25
135.25
113.25
119.25
82.25
64.25
-141.75
53.25
-139.75
-144.75
57.25
107.25
53.25
142.25
-135.75
-214.75
-216.75
62.25
108.25
-119.75
-150.75
102.25
171.25
-126.75
56.25
-164.75
146.25
100.25
8.25
140.25
72.25
121.25
-113.75
-156.75
41.25
61.25
-16.75
-215.75
100.25
95.25
133.25
-172.75
24.25
-214.75
149.25
48.25
-171.75
131.25
95.25
132.25
-110.75
21.25
-199.75
131.25
125.25
56.25
-149.75
14.25
-164.75
-116.75
154.25
-135.75
-139.75
75.25
108.25
66.25
178.25
-125.75
57.25
140.25
54.25
90.25
83.25
-97.75
48.25
71.25
84.25
122.25
55.25
46.25
-24.75
-79.75
126.25
-51.75
15.25
-103.75
118.25
135.25
118.25
-106.75
141.25
101.25
123.25
-158.75
62.25
43.25
-214.75
69.25
-7.75
35.25
-147.75
-22.75
87.25
47.25
102.25
-144.75
111.25
138.25
-138.75
30.25
-17.75
10.25
-158.75
-186.75
86.25
110.25
-143.75
43.25
-157.75
119.25
50.25
-230.75
121.25
110.25
64.25
-156.75
88.25
-206.75
-159.75
119.25
131.25
38.25
58.25
-181.75
77.25
132.25
-141.75
141.25
-157.75
38.25
86.25
-148.75
-120.75
-158.75
56.25
48.25
90.25
66.25
125.25
96.25
-233.75
106.25
-140.75
60.25
101.25
128.25
92.25
125.25
34.25
86.25
-152.75
79.25
68.25
-97.75
60.25
-203.75
17.25
162.25
114.25
-155.75
45.25
-151.75
117.25
138.25
-174.75
-143.75
-104.75
60.25
162.25
101.25
156.25
36.25
142.25
74.25
17.25
-169.75
76.25
57.25
-177.75
99.25
37.25
103.25
-127.75
98.25
102.25
82.25
-132.75
-105.75
-150.75
40.25
75.25
34.25
121.25
107.25
38.25
62.25
-157.75
54.25
85.25
-13.75
76.25
66.25
70.25
70.25
-155.75
91.25
-169.75
-157.75
115.25
-165.75
63.25
78.25
95.25
48.25
85.25
38.25
134.25
95.25
98.25
100.25
-230.75
-76.75
2.25
22.25
144.25
16.25
46.25
134.25
139.25
60.25
93.25
129.25
-43.75
77.25
79.25
15.25
-107.75
83.25
-98.75
132.25
82.25
-143.75
26.25
137.25
5.25
162.25
123.25
-67.75
-151.75
32.25
160.25
64.25
-230.75
-164.75
-136.75
96.25
-157.75
73.25
160.25
124.25
-127.75
160.25
-166.75
-169.75
-146.75
-152.75
61.25
-117.75
-237.75
64.25
67.25
-0.75
47.25
90.25
24.25
98.25
75.25
25.25
-80.75
-100.75
49.25
120.25
83.25
64.25
-225.75
107.25
98.25
-225.75
-218.75
71.25
135.25
104.25
-24.75
99.25
61.25
206.25
61.25
91.25
-112.75
91.25
98.25
68.25
-121.75
179.25
90.25
80.25
18.25
-136.75
-235.75
110.25
-137.75
76.25
101.25
130.25
62.25
84.25
126.25
4.25
121.25
33.25
-61.75
77.25
-195.75
91.25
-112.75
124.25
76.25
152.25
70.25
-134.75
58.25
-89.75
-183.75
70.25
-146.75
-2.75
64.25
68.25
39.25
102.25
49.25
61.25
-93.75
-112.75
131.25
92.25
13.25
123.25
37.25
84.25
-91.75
-125.75
63.25
44.25
132.25
-127.75
93.25
75.25
-152.75
5.25
95.25
45.25
36.25
113.25
79.25
59.25
129.25
-182.75
45.25
142.25
-190.75
112.25
100.25
107.25
97.25
-198.75
-125.75
56.25
60.25
65.25
73.25
59.25
34.25
57.25
-186.75
-74.75
54.25
-180.75
-128.75
76.25
67.25
44.25
40.25
72.25
50.25
65.25
79.25
118.25
67.25
-61.75
79.25
70.25
59.25
87.25
-175.75
-168.75
-53.75
36.25
100.25
131.25
84.25
-129.75
116.25
91.25
-46.75
135.25
-202.75
14.25
77.25
15.25
94.25
77.25
37.25
13.25
70.25
47.25
44.25
-230.75
-5.75
-204.75
54.25
72.25
161.25
-137.75
-226.75
45.25
102.25
194.25
74.25
-257.75
85.25
51.25
-115.75
66.25
